
Call:
survreg(formula = Surv(start, stop, type = "interval2") ~ Group, 
    data = dat, dist = modelo)
              Value Std. Error       z        p
(Intercept)  2.7592    0.00237 1165.53 0.00e+00
Group14.01   0.0201    0.00385    5.23 1.69e-07
Group20     -0.9905    0.00414 -239.06 0.00e+00
Group20.01  -1.0422    0.00581 -179.47 0.00e+00
Group25     -1.3992    0.00391 -357.78 0.00e+00
Group25.01  -1.4571    0.00788 -184.82 0.00e+00
Group28     -1.8632    0.03801  -49.01 0.00e+00
Group28.01  -1.8633    0.03605  -51.69 0.00e+00
Group30     -2.0031    0.00540 -370.68 0.00e+00
Group30.01  -2.0004    0.00648 -308.46 0.00e+00
Log(scale)  -3.5206    0.02592 -135.82 0.00e+00

Scale= 0.0296 

Log logistic distribution
Loglik(model)= -2107.1   Loglik(intercept only)= -10062.7
	Chisq= 15911.06 on 9 degrees of freedom, p= 0 
Number of Newton-Raphson Iterations: 9 
n= 3695 


 MODEL CHECKING: DATA DIAGNOSTICS 
        Model      AIC Deviance    LogLik
1     weibull 4955.332 903.6206 -2474.666
2   lognormal 4307.880 256.1680 -2150.940
3 loglogistic 4220.296 168.5840 -2107.148


      Group Tempr Time.Obs Time.Median. Log.Time DR.1.Time. SE.DR Low.Lim_DR
1      14-1 14.00     15.5       15.787    2.759      0.063 0.000      0.062
2   14.01-2 14.01     16.5       16.108    2.779      0.062 0.001      0.060
3      20-3 20.00      5.5        5.863    1.769      0.171 0.002      0.166
4   20.01-4 20.01      5.5        5.568    1.717      0.180 0.003      0.173
5      25-5 25.00      3.5        3.896    1.360      0.257 0.003      0.250
6   25.01-6 25.01      3.5        3.677    1.302      0.272 0.007      0.258
7      28-7 28.00      2.5        2.450    0.896      0.408 0.049      0.305
8   28.01-8 28.01      2.5        2.449    0.896      0.408 0.046      0.310
9      30-9 30.00      2.5        2.130    0.756      0.470 0.008      0.453
10 30.01-10 30.01      2.5        2.136    0.759      0.468 0.010      0.448
   Up.Lim_DR SE.Time DF
1      0.064   0.118 17
2      0.064   0.195 17
3      0.175   0.077 17
4      0.187   0.102 17
5      0.263   0.048 17
6      0.286   0.091 17
7      0.511   0.293 17
8      0.506   0.278 17
9      0.486   0.036 17
10     0.488   0.044 17

 *VIF is included as correction factor in SE 


 MODEL CHECKING CONSIDERING TEMPERATURE: SUMMARY 
      Group Tempr Time.Obs Time.Median. Log.Time DR.1.Time. SE.DR Low.Lim_DR
1      14-1 14.00     15.5       15.787    2.759      0.063 0.000      0.062
2   14.01-2 14.01     16.5       16.108    2.779      0.062 0.001      0.060
3      20-3 20.00      5.5        5.863    1.769      0.171 0.002      0.166
4   20.01-4 20.01      5.5        5.568    1.717      0.180 0.003      0.173
5      25-5 25.00      3.5        3.896    1.360      0.257 0.003      0.250
6   25.01-6 25.01      3.5        3.677    1.302      0.272 0.007      0.258
7      28-7 28.00      2.5        2.450    0.896      0.408 0.049      0.305
8   28.01-8 28.01      2.5        2.449    0.896      0.408 0.046      0.310
9      30-9 30.00      2.5        2.130    0.756      0.470 0.008      0.453
10 30.01-10 30.01      2.5        2.136    0.759      0.468 0.010      0.448
   Up.Lim_DR SE.Time DF Frequency NBatchs Sex    ScaleU    ScaleErr      Surv
1      0.064   0.118 17       511       1  NA -2.000358 0.006484932 0.8255250
2      0.064   0.195 17       362       1  NA -2.000358 0.006484932 0.9027431
3      0.175   0.077 17       353       1  NA -2.000358 0.006484932 0.7369520
4      0.187   0.102 17       343       1  NA -2.000358 0.006484932 0.8490099
5      0.263   0.048 17       458       1  NA -2.000358 0.006484932 0.8327273
6      0.286   0.091 17       316       1  NA -2.000358 0.006484932 0.8449198
7      0.511   0.293 17       294       1  NA -2.000358 0.006484932 0.7500000
8      0.506   0.278 17       321       1  NA -2.000358 0.006484932 0.8147208
9      0.486   0.036 17       441       1  NA -2.000358 0.006484932 0.7616580
10     0.488   0.044 17       296       1  NA -2.000358 0.006484932 0.7628866
     N
1  619
2  401
3  479
4  404
5  550
6  374
7  392
8  394
9  579
10 388

