
Call:
survreg(formula = Surv(start, stop, type = "interval2") ~ Group, 
    data = dat, dist = modelo)
               Value Std. Error        z     p
(Intercept)  3.19316    0.00585  545.970 0.000
Group20.01  -0.00519    0.00856   -0.607 0.544
Group25     -0.65333    0.00792  -82.460 0.000
Group25.01  -0.55140    0.00892  -61.833 0.000
Group28     -0.77050    0.00884  -87.159 0.000
Group28.01  -0.83163    0.00878  -94.755 0.000
Group30     -0.91540    0.00804 -113.802 0.000
Group30.01  -0.89766    0.00958  -93.693 0.000
Log(scale)  -2.89328    0.01921 -150.647 0.000

Scale= 0.0554 

Log logistic distribution
Loglik(model)= -3567   Loglik(intercept only)= -6162.8
	Chisq= 5191.55 on 7 degrees of freedom, p= 0 
Number of Newton-Raphson Iterations: 6 
n= 2070 


 MODEL CHECKING: DATA DIAGNOSTICS 
        Model      AIC  Deviance    LogLik
1     weibull 7724.869 1162.3279 -3859.435
2   lognormal 7142.730  580.1891 -3568.365
3 loglogistic 7139.987  577.4455 -3566.993


    Group Tempr Time.Obs Time.Median. Log.Time DR.1.Time. SE.DR Low.Lim_DR
1    20-1 20.00     24.5       24.365    3.193      0.041 0.001      0.039
2 20.01-2 20.01     23.5       24.239    3.188      0.041 0.001      0.039
3    25-3 25.00     12.5       12.678    2.540      0.079 0.002      0.075
4 25.01-4 25.01     14.5       14.038    2.642      0.071 0.002      0.067
5    28-5 28.00     11.5       11.276    2.423      0.089 0.003      0.083
6 28.01-6 28.01     10.5       10.607    2.362      0.094 0.003      0.089
7    30-7 30.00      9.5        9.755    2.278      0.103 0.003      0.097
8 30.01-8 30.01     10.5        9.929    2.295      0.101 0.003      0.094
  Up.Lim_DR SE.Time DF
1     0.043   0.470 53
2     0.044   0.685 53
3     0.083   0.332 53
4     0.075   0.413 53
5     0.094   0.329 53
6     0.100   0.307 53
7     0.108   0.259 53
8     0.107   0.314 53

 *VIF is included as correction factor in SE 


 MODEL CHECKING CONSIDERING TEMPERATURE: SUMMARY 
    Group Tempr Time.Obs Time.Median. Log.Time DR.1.Time. SE.DR Low.Lim_DR
1    20-1 20.00     24.5       24.365    3.193      0.041 0.001      0.039
2 20.01-2 20.01     23.5       24.239    3.188      0.041 0.001      0.039
3    25-3 25.00     12.5       12.678    2.540      0.079 0.002      0.075
4 25.01-4 25.01     14.5       14.038    2.642      0.071 0.002      0.067
5    28-5 28.00     11.5       11.276    2.423      0.089 0.003      0.083
6 28.01-6 28.01     10.5       10.607    2.362      0.094 0.003      0.089
7    30-7 30.00      9.5        9.755    2.278      0.103 0.003      0.097
8 30.01-8 30.01     10.5        9.929    2.295      0.101 0.003      0.094
  Up.Lim_DR SE.Time DF Frequency NBatchs Sex     ScaleU    ScaleErr      Surv
1     0.043   0.470 53       237       1  NA -0.8976632 0.009580856 0.6713881
2     0.044   0.685 53       207       1  NA -0.8976632 0.009580856 0.6034985
3     0.083   0.332 53       349       1  NA -0.8976632 0.009580856 0.7620087
4     0.075   0.413 53       244       1  NA -0.8976632 0.009580856 0.7721519
5     0.094   0.329 53       212       1  NA -0.8976632 0.009580856 0.7210884
6     0.100   0.307 53       264       1  NA -0.8976632 0.009580856 0.8224299
7     0.108   0.259 53       337       1  NA -0.8976632 0.009580856 0.7641723
8     0.107   0.314 53       220       1  NA -0.8976632 0.009580856 0.7432432
    N
1 353
2 343
3 458
4 316
5 294
6 321
7 441
8 296

