
Call:
survreg(formula = Surv(start, stop, type = "interval2") ~ Group, 
    data = dat, dist = modelo)
              Value Std. Error      z        p
(Intercept)  2.9210    0.00412  709.0 0.00e+00
Group20.01   0.0598    0.00587   10.2 2.39e-24
Group25     -0.4584    0.00550  -83.4 0.00e+00
Group25.01  -0.4711    0.00602  -78.3 0.00e+00
Group28     -0.6973    0.00658 -105.9 0.00e+00
Group28.01  -0.5881    0.00633  -92.9 0.00e+00
Group30     -0.7667    0.00589 -130.1 0.00e+00
Group30.01  -0.7594    0.00662 -114.8 0.00e+00
Log(scale)  -3.3302    0.02150 -154.9 0.00e+00

Scale= 0.0358 

Log logistic distribution
Loglik(model)= -2342.4   Loglik(intercept only)= -5210.6
	Chisq= 5736.3 on 7 degrees of freedom, p= 0 
Number of Newton-Raphson Iterations: 6 
n= 1941 


 MODEL CHECKING: DATA DIAGNOSTICS 
        Model      AIC Deviance    LogLik
1     weibull 5418.281 962.9479 -2706.140
2   lognormal 4808.257 352.9240 -2401.128
3 loglogistic 4690.867 235.5346 -2342.434


    Group Tempr Time.Obs Time.Median. Log.Time DR.1.Time. SE.DR Low.Lim_DR
1    20-1 20.00     18.5       18.561    2.921      0.054 0.001      0.053
2 20.01-2 20.01     19.5       19.705    2.981      0.051 0.001      0.049
3    25-3 25.00     11.5       11.736    2.463      0.085 0.001      0.083
4 25.01-4 25.01     11.5       11.587    2.450      0.086 0.001      0.084
5    28-5 28.00      9.5        9.242    2.224      0.108 0.002      0.105
6 28.01-6 28.01     10.5       10.308    2.333      0.097 0.001      0.094
7    30-7 30.00      8.5        8.623    2.154      0.116 0.002      0.113
8 30.01-8 30.01      8.5        8.685    2.162      0.115 0.002      0.112
  Up.Lim_DR SE.Time DF
1     0.055   0.177 44
2     0.052   0.268 44
3     0.087   0.149 44
4     0.089   0.161 44
5     0.112   0.141 44
6     0.100   0.151 44
7     0.119   0.118 44
8     0.119   0.133 44

 *VIF is included as correction factor in SE 


 MODEL CHECKING CONSIDERING TEMPERATURE: SUMMARY 
    Group Tempr Time.Obs Time.Median. Log.Time DR.1.Time. SE.DR Low.Lim_DR
1    20-1 20.00     18.5       18.561    2.921      0.054 0.001      0.053
2 20.01-2 20.01     19.5       19.705    2.981      0.051 0.001      0.049
3    25-3 25.00     11.5       11.736    2.463      0.085 0.001      0.083
4 25.01-4 25.01     11.5       11.587    2.450      0.086 0.001      0.084
5    28-5 28.00      9.5        9.242    2.224      0.108 0.002      0.105
6 28.01-6 28.01     10.5       10.308    2.333      0.097 0.001      0.094
7    30-7 30.00      8.5        8.623    2.154      0.116 0.002      0.113
8 30.01-8 30.01      8.5        8.685    2.162      0.115 0.002      0.112
  Up.Lim_DR SE.Time DF Frequency NBatchs Sex     ScaleU   ScaleErr      Surv
1     0.055   0.177 44       231       1  NA -0.7594157 0.00661514 0.9746835
2     0.052   0.268 44       198       1  NA -0.7594157 0.00661514 0.9565217
3     0.087   0.149 44       326       1  NA -0.7594157 0.00661514 0.9340974
4     0.089   0.161 44       225       1  NA -0.7594157 0.00661514 0.9221311
5     0.112   0.141 44       204       1  NA -0.7594157 0.00661514 0.9622642
6     0.100   0.151 44       245       1  NA -0.7594157 0.00661514 0.9280303
7     0.119   0.118 44       312       1  NA -0.7594157 0.00661514 0.9258160
8     0.119   0.133 44       200       1  NA -0.7594157 0.00661514 0.9090909
    N
1 237
2 207
3 349
4 244
5 212
6 264
7 337
8 220

