1 15 37 38 100
1 15 37 38 100
1 15 37 38 100
1 15 37 38 100
1 15 38 39 100
1 15 38 39 100
1 15 39 40 100
1 15 39 40 100
1 15 39 40 100
1 15 40 41 100
1 15 40 41 100
1 15 41 42 100
1 15 42 43 100
1 15 43 44 100
1 15 43 44 100
1 15 44 45 100
1 15 44 45 100
1 15 45 46 100
1 15 46 47 100
1 15 47 48 100
2 18 21 22 100
2 18 22 23 100
2 18 22 23 100
2 18 22 23 100
2 18 22 23 100
2 18 22 23 100
2 18 22 23 100
2 18 22 23 100
2 18 22 23 100
2 18 23 24 100
2 18 23 24 100
2 18 23 24 100
2 18 23 24 100
2 18 23 24 100
2 18 23 24 100
2 18 23 24 100
2 18 23 24 100
2 18 23 24 100
2 18 23 24 100
2 18 23 24 100
2 18 23 24 100
2 18 23 24 100
2 18 23 24 100
2 18 23 24 100
2 18 24 25 100
2 18 24 25 100
2 18 24 25 100
2 18 24 25 100
2 18 24 25 100
2 18 24 25 100
2 18 24 25 100
2 18 24 25 100
2 18 24 25 100
2 18 24 25 100
2 18 24 25 100
2 18 24 25 100
2 18 24 25 100
2 18 24 25 100
2 18 24 25 100
2 18 25 26 100
2 18 25 26 100
2 18 25 26 100
2 18 25 26 100
2 18 25 26 100
2 18 25 26 100
2 18 25 26 100
2 18 25 26 100
2 18 25 26 100
2 18 25 26 100
2 18 25 26 100
2 18 25 26 100
2 18 25 26 100
2 18 25 26 100
2 18 25 26 100
2 18 25 26 100
2 18 25 26 100
2 18 26 27 100
2 18 26 27 100
2 18 26 27 100
2 18 26 27 100
2 18 26 27 100
2 18 26 27 100
2 18 26 27 100
2 18 26 27 100
2 18 26 27 100
2 18 26 27 100
2 18 26 27 100
2 18 26 27 100
2 18 26 27 100
2 18 26 27 100
2 18 27 28 100
2 18 27 28 100
2 18 27 28 100
2 18 27 28 100
2 18 27 28 100
2 18 27 28 100
2 18 27 28 100
2 18 27 28 100
2 18 27 28 100
2 18 27 28 100
2 18 28 29 100
2 18 28 29 100
2 18 28 29 100
2 18 28 29 100
2 18 28 29 100
2 18 28 29 100
2 18 29 30 100
2 18 29 30 100
2 18 29 30 100
2 18 29 30 100
2 18 34 35 100
2 18 34 35 100
2 18 37 38 100
3 20 14 15 100
3 20 14 15 100
3 20 14 15 100
3 20 15 16 100
3 20 15 16 100
3 20 15 16 100
3 20 15 16 100
3 20 15 16 100
3 20 15 16 100
3 20 15 16 100
3 20 15 16 100
3 20 15 16 100
3 20 15 16 100
3 20 15 16 100
3 20 15 16 100
3 20 15 16 100
3 20 15 16 100
3 20 15 16 100
3 20 15 16 100
3 20 16 17 100
3 20 16 17 100
3 20 16 17 100
3 20 16 17 100
3 20 16 17 100
3 20 16 17 100
3 20 16 17 100
3 20 16 17 100
3 20 16 17 100
3 20 16 17 100
3 20 16 17 100
3 20 16 17 100
3 20 16 17 100
3 20 16 17 100
3 20 16 17 100
3 20 16 17 100
3 20 16 17 100
3 20 17 18 100
3 20 17 18 100
3 20 17 18 100
3 20 17 18 100
3 20 17 18 100
3 20 17 18 100
3 20 17 18 100
3 20 18 19 100
3 20 18 19 100
3 20 18 19 100
3 20 19 20 100
3 20 19 20 100
3 20 19 20 100
3 20 19 20 100
3 20 19 20 100
3 20 19 20 100
3 20 20 21 100
3 20 20 21 100
3 20 21 22 100
3 20 21 22 100
3 20 21 22 100
3 20 22 23 100
4 25 8 9 100
4 25 8 9 100
4 25 8 9 100
4 25 9 10 100
4 25 9 10 100
4 25 9 10 100
4 25 9 10 100
4 25 9 10 100
4 25 9 10 100
4 25 9 10 100
4 25 9 10 100
4 25 9 10 100
4 25 9 10 100
4 25 9 10 100
4 25 9 10 100
4 25 9 10 100
4 25 9 10 100
4 25 9 10 100
4 25 9 10 100
4 25 9 10 100
4 25 9 10 100
4 25 9 10 100
4 25 9 10 100
4 25 9 10 100
4 25 9 10 100
4 25 9 10 100
4 25 9 10 100
4 25 9 10 100
4 25 10 11 100
4 25 10 11 100
4 25 10 11 100
4 25 10 11 100
4 25 10 11 100
4 25 10 11 100
4 25 10 11 100
4 25 10 11 100
4 25 10 11 100
4 25 10 11 100
4 25 10 11 100
4 25 10 11 100
4 25 10 11 100
4 25 10 11 100
4 25 10 11 100
4 25 10 11 100
4 25 10 11 100
4 25 10 11 100
4 25 10 11 100
4 25 10 11 100
4 25 10 11 100
4 25 10 11 100
4 25 10 11 100
4 25 10 11 100
4 25 10 11 100
4 25 10 11 100
4 25 10 11 100
4 25 10 11 100
4 25 10 11 100
4 25 10 11 100
4 25 10 11 100
4 25 10 11 100
4 25 10 11 100
4 25 10 11 100
4 25 10 11 100
4 25 10 11 100
4 25 10 11 100
4 25 10 11 100
4 25 10 11 100
4 25 10 11 100
4 25 10 11 100
4 25 10 11 100
4 25 10 11 100
4 25 11 12 100
4 25 11 12 100
4 25 11 12 100
4 25 11 12 100
4 25 11 12 100
4 25 11 12 100
4 25 11 12 100
4 25 11 12 100
4 25 12 13 100
4 25 12 13 100
4 25 13 14 100
4 25 14 15 100
4 25 14 15 100
4 25 17 18 100
5 28 4 5 100
5 28 4 5 100
5 28 4 5 100
5 28 4 5 100
5 28 4 5 100
5 28 4 5 100
5 28 4 5 100
5 28 4 5 100
5 28 4 5 100
5 28 4 5 100
5 28 4 5 100
5 28 4 5 100
5 28 5 6 100
5 28 5 6 100
5 28 5 6 100
5 28 5 6 100
5 28 5 6 100
5 28 5 6 100
5 28 5 6 100
5 28 5 6 100
5 28 5 6 100
5 28 5 6 100
5 28 5 6 100
5 28 5 6 100
5 28 5 6 100
5 28 5 6 100
5 28 5 6 100
5 28 5 6 100
5 28 5 6 100
5 28 5 6 100
5 28 5 6 100
5 28 5 6 100
5 28 5 6 100
5 28 5 6 100
5 28 5 6 100
5 28 5 6 100
5 28 5 6 100
5 28 5 6 100
5 28 5 6 100
5 28 5 6 100
5 28 5 6 100
5 28 5 6 100
5 28 5 6 100
5 28 5 6 100
5 28 5 6 100
5 28 5 6 100
5 28 5 6 100
5 28 5 6 100
5 28 5 6 100
5 28 5 6 100
5 28 5 6 100
5 28 5 6 100
5 28 5 6 100
5 28 5 6 100
5 28 5 6 100
5 28 5 6 100
5 28 5 6 100
5 28 5 6 100
5 28 5 6 100
5 28 5 6 100
5 28 5 6 100
5 28 5 6 100
5 28 5 6 100
5 28 5 6 100
5 28 5 6 100
5 28 5 6 100
5 28 5 6 100
5 28 5 6 100
5 28 5 6 100
5 28 5 6 100
5 28 5 6 100
5 28 5 6 100
5 28 5 6 100
5 28 5 6 100
5 28 5 6 100
5 28 5 6 100
5 28 5 6 100
5 28 5 6 100
5 28 6 7 100
5 28 6 7 100
5 28 6 7 100
5 28 6 7 100
5 28 6 7 100
5 28 6 7 100
5 28 6 7 100
5 28 6 7 100
5 28 6 7 100
5 28 6 7 100
5 28 6 7 100
5 28 6 7 100
5 28 6 7 100
5 28 6 7 100
5 28 6 7 100
5 28 6 7 100
5 28 7 8 100
5 28 7 8 100
6 32 4 5 100
6 32 4 5 100
6 32 4 5 100
6 32 4 5 100
6 32 4 5 100
6 32 4 5 100
6 32 4 5 100
6 32 4 5 100
6 32 4 5 100
6 32 4 5 100
6 32 4 5 100
6 32 4 5 100
6 32 4 5 100
6 32 4 5 100
6 32 4 5 100
6 32 4 5 100
6 32 4 5 100
6 32 4 5 100
6 32 4 5 100
6 32 4 5 100
6 32 4 5 100
6 32 4 5 100
6 32 4 5 100
6 32 4 5 100
6 32 4 5 100
6 32 4 5 100
6 32 4 5 100
6 32 4 5 100
6 32 4 5 100
6 32 4 5 100
6 32 4 5 100
6 32 4 5 100
6 32 4 5 100
6 32 4 5 100
6 32 4 5 100
6 32 4 5 100
6 32 4 5 100
6 32 4 5 100
6 32 4 5 100
6 32 4 5 100
6 32 4 5 100
6 32 4 5 100
6 32 4 5 100
6 32 4 5 100
6 32 4 5 100
6 32 4 5 100
6 32 4 5 100
6 32 4 5 100
6 32 4 5 100
6 32 4 5 100
6 32 4 5 100
6 32 4 5 100
6 32 4 5 100
6 32 4 5 100
6 32 4 5 100
6 32 5 6 100
6 32 5 6 100
6 32 5 6 100
6 32 5 6 100
6 32 5 6 100
6 32 5 6 100
6 32 5 6 100
6 32 5 6 100
6 32 5 6 100
6 32 5 6 100
6 32 5 6 100
6 32 5 6 100
6 32 5 6 100
6 32 5 6 100
6 32 5 6 100
6 32 5 6 100
6 32 5 6 100
6 32 5 6 100
6 32 6 7 100
6 32 6 7 100
7 35 4 5 100
7 35 4 5 100
7 35 4 5 100
7 35 4 5 100
7 35 4 5 100
7 35 4 5 100
7 35 4 5 100
7 35 4 5 100
7 35 4 5 100
7 35 5 6 100
7 35 5 6 100
7 35 5 6 100
7 35 5 6 100
7 35 5 6 100
7 35 5 6 100
7 35 5 6 100
7 35 5 6 100
7 35 5 6 100
7 35 5 6 100
7 35 5 6 100
7 35 5 6 100
7 35 5 6 100
7 35 5 6 100
7 35 5 6 100
7 35 5 6 100
7 35 5 6 100
7 35 5 6 100
7 35 5 6 100
7 35 5 6 100
7 35 6 7 100
