1 18 1 2 16
1 18 3 4 16
1 18 11 12 16
1 18 23 24 16
1 18 28 29 16
1 18 28 29 16
1 18 33 34 16
1 18 40 41 16
1 18 52 53 16
1 18 55 56 16
1 18 75 76 16
1 18 78 79 16
1 18 79 80 16
1 18 81 82 16
1 18 83 84 16
1 18 118 119 16
2 20 9 10 25
2 20 39 40 25
2 20 49 50 25
2 20 52 53 25
2 20 53 54 25
2 20 53 54 25
2 20 54 55 25
2 20 58 59 25
2 20 60 61 25
2 20 61 62 25
2 20 62 63 25
2 20 64 65 25
2 20 71 72 25
2 20 77 78 25
2 20 77 78 25
2 20 77 78 25
2 20 78 79 25
2 20 79 80 25
2 20 79 80 25
2 20 80 81 25
2 20 82 83 25
2 20 84 85 25
2 20 91 92 25
2 20 95 96 25
2 20 108 109 25
3 25 8 9 49
3 25 15 16 49
3 25 18 19 49
3 25 24 25 49
3 25 36 37 49
3 25 37 38 49
3 25 42 43 49
3 25 43 44 49
3 25 43 44 49
3 25 47 48 49
3 25 48 49 49
3 25 50 51 49
3 25 52 53 49
3 25 52 53 49
3 25 52 53 49
3 25 53 54 49
3 25 56 57 49
3 25 58 59 49
3 25 60 61 49
3 25 60 61 49
3 25 63 64 49
3 25 63 64 49
3 25 67 68 49
3 25 70 71 49
3 25 71 72 49
3 25 73 74 49
3 25 75 76 49
3 25 77 78 49
3 25 78 79 49
3 25 79 80 49
3 25 79 80 49
3 25 80 81 49
3 25 80 81 49
3 25 80 81 49
3 25 81 82 49
3 25 81 82 49
3 25 82 83 49
3 25 82 83 49
3 25 84 85 49
3 25 86 87 49
3 25 87 88 49
3 25 88 89 49
3 25 93 94 49
3 25 94 95 49
3 25 96 97 49
3 25 97 98 49
3 25 97 98 49
3 25 97 98 49
3 25 104 105 49
4 28 2 3 63
4 28 3 4 63
4 28 3 4 63
4 28 3 4 63
4 28 4 5 63
4 28 4 5 63
4 28 6 7 63
4 28 11 12 63
4 28 16 17 63
4 28 22 23 63
4 28 26 27 63
4 28 27 28 63
4 28 29 30 63
4 28 34 35 63
4 28 35 36 63
4 28 36 37 63
4 28 39 40 63
4 28 41 42 63
4 28 42 43 63
4 28 44 45 63
4 28 44 45 63
4 28 44 45 63
4 28 45 46 63
4 28 46 47 63
4 28 46 47 63
4 28 50 51 63
4 28 51 52 63
4 28 52 53 63
4 28 53 54 63
4 28 53 54 63
4 28 54 55 63
4 28 56 57 63
4 28 57 58 63
4 28 58 59 63
4 28 58 59 63
4 28 58 59 63
4 28 58 59 63
4 28 59 60 63
4 28 60 61 63
4 28 60 61 63
4 28 62 63 63
4 28 62 63 63
4 28 62 63 63
4 28 62 63 63
4 28 62 63 63
4 28 62 63 63
4 28 63 64 63
4 28 63 64 63
4 28 64 65 63
4 28 64 65 63
4 28 64 65 63
4 28 64 65 63
4 28 64 65 63
4 28 64 65 63
4 28 64 65 63
4 28 65 66 63
4 28 68 69 63
4 28 68 69 63
4 28 68 69 63
4 28 69 70 63
4 28 69 70 63
4 28 71 72 63
4 28 73 74 63
5 32 1 2 45
5 32 1 2 45
5 32 2 3 45
5 32 2 3 45
5 32 3 4 45
5 32 3 4 45
5 32 4 5 45
5 32 4 5 45
5 32 5 6 45
5 32 5 6 45
5 32 5 6 45
5 32 6 7 45
5 32 6 7 45
5 32 6 7 45
5 32 7 8 45
5 32 8 9 45
5 32 9 10 45
5 32 9 10 45
5 32 10 11 45
5 32 10 11 45
5 32 11 12 45
5 32 11 12 45
5 32 11 12 45
5 32 11 12 45
5 32 12 13 45
5 32 14 15 45
5 32 14 15 45
5 32 15 16 45
5 32 15 16 45
5 32 16 17 45
5 32 17 18 45
5 32 17 18 45
5 32 17 18 45
5 32 18 19 45
5 32 20 21 45
5 32 21 22 45
5 32 21 22 45
5 32 21 22 45
5 32 25 26 45
5 32 25 26 45
5 32 26 27 45
5 32 27 28 45
5 32 30 31 45
5 32 31 32 45
5 32 31 32 45
