1 18 6 7 15
1 18 8 9 15
1 18 8 9 15
1 18 9 10 15
1 18 14 15 15
1 18 15 16 15
1 18 45 46 15
1 18 50 51 15
1 18 53 54 15
1 18 53 54 15
1 18 59 60 15
1 18 66 67 15
1 18 86 87 15
1 18 87 88 15
1 18 94 95 15
2 20 11 12 20
2 20 16 17 20
2 20 32 33 20
2 20 38 39 20
2 20 40 41 20
2 20 49 50 20
2 20 52 53 20
2 20 52 53 20
2 20 54 55 20
2 20 63 64 20
2 20 65 66 20
2 20 68 69 20
2 20 68 69 20
2 20 68 69 20
2 20 69 70 20
2 20 73 74 20
2 20 75 76 20
2 20 82 83 20
2 20 93 94 20
2 20 105 106 20
3 25 10 11 30
3 25 11 12 30
3 25 14 15 30
3 25 15 16 30
3 25 16 17 30
3 25 17 18 30
3 25 17 18 30
3 25 26 27 30
3 25 31 32 30
3 25 31 32 30
3 25 38 39 30
3 25 38 39 30
3 25 50 51 30
3 25 55 56 30
3 25 58 59 30
3 25 58 59 30
3 25 59 60 30
3 25 61 62 30
3 25 62 63 30
3 25 65 66 30
3 25 66 67 30
3 25 68 69 30
3 25 70 71 30
3 25 72 73 30
3 25 77 78 30
3 25 82 83 30
3 25 86 87 30
3 25 88 89 30
3 25 88 89 30
3 25 94 95 30
4 28 3 4 22
4 28 5 6 22
4 28 12 13 22
4 28 13 14 22
4 28 16 17 22
4 28 22 23 22
4 28 22 23 22
4 28 23 24 22
4 28 23 24 22
4 28 28 29 22
4 28 30 31 22
4 28 34 35 22
4 28 47 48 22
4 28 57 58 22
4 28 59 60 22
4 28 63 64 22
4 28 64 65 22
4 28 70 71 22
4 28 70 71 22
4 28 73 74 22
4 28 75 76 22
4 28 79 80 22
5 32 1 2 15
5 32 1 2 15
5 32 5 6 15
5 32 7 8 15
5 32 9 10 15
5 32 9 10 15
5 32 10 11 15
5 32 12 13 15
5 32 13 14 15
5 32 13 14 15
5 32 14 15 15
5 32 16 17 15
5 32 18 19 15
5 32 22 23 15
5 32 27 28 15
