1 18 41 42 93
1 18 41 42 93
1 18 42 43 93
1 18 42 43 93
1 18 44 45 93
1 18 47 48 93
1 18 47 48 93
1 18 48 49 93
1 18 49 50 93
1 18 53 54 93
1 18 53 54 93
1 18 53 54 93
1 18 54 55 93
1 18 57 58 93
1 18 57 58 93
1 18 58 59 93
1 18 58 59 93
1 18 59 60 93
1 18 59 60 93
1 18 61 62 93
1 18 61 62 93
1 18 62 63 93
1 18 63 64 93
1 18 64 65 93
1 18 64 65 93
1 18 64 65 93
1 18 64 65 93
1 18 65 66 93
1 18 67 68 93
1 18 68 69 93
1 18 69 70 93
1 18 71 72 93
1 18 71 72 93
1 18 71 72 93
1 18 73 74 93
1 18 75 76 93
1 18 77 78 93
1 18 78 79 93
1 18 80 81 93
1 18 82 83 93
2 20 13 14 58
2 20 14 15 58
2 20 14 15 58
2 20 14 15 58
2 20 15 16 58
2 20 16 17 58
2 20 17 18 58
2 20 17 18 58
2 20 17 18 58
2 20 17 18 58
2 20 17 18 58
2 20 17 18 58
2 20 18 19 58
2 20 18 19 58
2 20 18 19 58
2 20 19 20 58
2 20 20 21 58
2 20 20 21 58
2 20 21 22 58
2 20 22 23 58
2 20 23 24 58
2 20 23 24 58
2 20 26 27 58
2 20 27 28 58
2 20 27 28 58
2 20 28 29 58
2 20 29 30 58
2 20 29 30 58
2 20 30 31 58
2 20 30 31 58
2 20 30 31 58
2 20 30 31 58
2 20 31 32 58
2 20 32 33 58
2 20 32 33 58
2 20 33 34 58
2 20 34 35 58
2 20 34 35 58
2 20 35 36 58
2 20 35 36 58
2 20 35 36 58
2 20 35 36 58
2 20 36 37 58
2 20 36 37 58
2 20 37 38 58
2 20 37 38 58
2 20 38 39 58
2 20 38 39 58
2 20 48 49 58
3 25 12 13 85
3 25 13 14 85
3 25 13 14 85
3 25 14 15 85
3 25 14 15 85
3 25 14 15 85
3 25 15 16 85
3 25 15 16 85
3 25 15 16 85
3 25 15 16 85
3 25 16 17 85
3 25 16 17 85
3 25 16 17 85
3 25 16 17 85
3 25 16 17 85
3 25 17 18 85
3 25 17 18 85
3 25 17 18 85
3 25 17 18 85
3 25 17 18 85
3 25 17 18 85
3 25 17 18 85
3 25 17 18 85
3 25 18 19 85
3 25 18 19 85
3 25 18 19 85
3 25 18 19 85
3 25 18 19 85
3 25 18 19 85
3 25 18 19 85
3 25 18 19 85
3 25 18 19 85
3 25 18 19 85
3 25 18 19 85
3 25 19 20 85
3 25 19 20 85
3 25 19 20 85
3 25 19 20 85
3 25 19 20 85
3 25 19 20 85
3 25 19 20 85
3 25 20 21 85
3 25 20 21 85
3 25 20 21 85
3 25 20 21 85
3 25 20 21 85
3 25 20 21 85
3 25 20 21 85
3 25 21 22 85
3 25 21 22 85
3 25 21 22 85
3 25 21 22 85
3 25 21 22 85
3 25 21 22 85
3 25 22 23 85
3 25 22 23 85
3 25 22 23 85
3 25 22 23 85
3 25 22 23 85
3 25 22 23 85
3 25 22 23 85
3 25 22 23 85
3 25 23 24 85
3 25 23 24 85
3 25 23 24 85
3 25 23 24 85
3 25 24 25 85
3 25 24 25 85
3 25 24 25 85
3 25 25 26 85
3 25 25 26 85
3 25 26 27 85
3 25 28 29 85
3 25 30 31 85
3 25 31 32 85
3 25 31 32 85
3 25 32 33 85
3 25 33 34 85
3 25 38 39 85
3 25 46 47 85
3 25 46 47 85
4 28 5 6 96
4 28 5 6 96
4 28 6 7 96
4 28 6 7 96
4 28 6 7 96
4 28 6 7 96
4 28 6 7 96
4 28 6 7 96
4 28 6 7 96
4 28 6 7 96
4 28 6 7 96
4 28 6 7 96
4 28 6 7 96
4 28 6 7 96
4 28 6 7 96
4 28 6 7 96
4 28 7 8 96
4 28 7 8 96
4 28 7 8 96
4 28 7 8 96
4 28 7 8 96
4 28 7 8 96
4 28 7 8 96
4 28 7 8 96
4 28 7 8 96
4 28 7 8 96
4 28 7 8 96
4 28 7 8 96
4 28 7 8 96
4 28 7 8 96
4 28 7 8 96
4 28 7 8 96
4 28 7 8 96
4 28 7 8 96
4 28 7 8 96
4 28 7 8 96
4 28 7 8 96
4 28 7 8 96
4 28 7 8 96
4 28 7 8 96
4 28 7 8 96
4 28 7 8 96
4 28 7 8 96
4 28 7 8 96
4 28 7 8 96
4 28 7 8 96
4 28 8 9 96
4 28 8 9 96
4 28 8 9 96
4 28 8 9 96
4 28 8 9 96
4 28 8 9 96
4 28 8 9 96
4 28 8 9 96
4 28 8 9 96
4 28 8 9 96
4 28 8 9 96
4 28 8 9 96
4 28 8 9 96
4 28 8 9 96
4 28 8 9 96
4 28 8 9 96
4 28 8 9 96
4 28 9 10 96
4 28 9 10 96
4 28 9 10 96
4 28 9 10 96
4 28 9 10 96
4 28 9 10 96
4 28 9 10 96
4 28 9 10 96
4 28 9 10 96
4 28 9 10 96
4 28 9 10 96
4 28 9 10 96
4 28 9 10 96
4 28 9 10 96
4 28 10 11 96
4 28 10 11 96
4 28 10 11 96
4 28 10 11 96
4 28 11 12 96
4 28 11 12 96
4 28 11 12 96
4 28 11 12 96
4 28 12 13 96
4 28 12 13 96
4 28 13 14 96
4 28 15 16 96
4 28 18 19 96
5 32 8 9 75
5 32 9 10 75
5 32 9 10 75
5 32 9 10 75
5 32 9 10 75
5 32 10 11 75
5 32 10 11 75
5 32 10 11 75
5 32 10 11 75
5 32 10 11 75
5 32 10 11 75
5 32 10 11 75
5 32 10 11 75
5 32 10 11 75
5 32 10 11 75
5 32 11 12 75
5 32 11 12 75
5 32 11 12 75
5 32 11 12 75
5 32 12 13 75
5 32 12 13 75
5 32 12 13 75
5 32 12 13 75
5 32 12 13 75
5 32 12 13 75
5 32 12 13 75
5 32 13 14 75
5 32 13 14 75
5 32 13 14 75
5 32 13 14 75
5 32 15 16 75
5 32 15 16 75
5 32 16 17 75
5 32 16 17 75
5 32 16 17 75
5 32 17 18 75
5 32 17 18 75
5 32 17 18 75
5 32 17 18 75
5 32 18 19 75
5 32 18 19 75
5 32 18 19 75
5 32 18 19 75
5 32 18 19 75
5 32 18 19 75
5 32 19 20 75
5 32 19 20 75
5 32 19 20 75
5 32 19 20 75
5 32 23 24 75
5 32 23 24 75
5 32 23 24 75
5 32 23 24 75
5 32 25 26 75
5 32 25 26 75
5 32 25 26 75
5 32 27 28 75
5 32 27 28 75
5 32 28 29 75
5 32 28 29 75
5 32 33 34 75
5 32 33 34 75
5 32 40 41 75
