1 18 15 16 40
1 18 15 16 40
1 18 15 16 40
1 18 16 17 40
1 18 16 17 40
1 18 17 18 40
1 18 17 18 40
1 18 17 18 40
1 18 18 19 40
1 18 20 21 40
1 18 21 22 40
1 18 21 22 40
1 18 22 23 40
1 18 23 24 40
1 18 25 26 40
1 18 25 26 40
1 18 27 28 40
1 18 28 29 40
1 18 29 30 40
1 18 29 30 40
1 18 31 32 40
1 18 31 32 40
1 18 35 36 40
1 18 37 38 40
1 18 38 39 40
1 18 40 41 40
1 18 41 42 40
1 18 42 43 40
1 18 55 56 40
1 18 64 65 40
1 18 70 71 40
2 20 5 6 49
2 20 6 7 49
2 20 10 11 49
2 20 10 11 49
2 20 10 11 49
2 20 11 12 49
2 20 11 12 49
2 20 12 13 49
2 20 12 13 49
2 20 12 13 49
2 20 12 13 49
2 20 12 13 49
2 20 13 14 49
2 20 13 14 49
2 20 13 14 49
2 20 13 14 49
2 20 13 14 49
2 20 13 14 49
2 20 14 15 49
2 20 14 15 49
2 20 14 15 49
2 20 14 15 49
2 20 15 16 49
2 20 15 16 49
2 20 15 16 49
2 20 15 16 49
2 20 15 16 49
2 20 16 17 49
2 20 16 17 49
2 20 16 17 49
2 20 16 17 49
2 20 16 17 49
2 20 17 18 49
2 20 17 18 49
2 20 17 18 49
2 20 18 19 49
2 20 19 20 49
2 20 19 20 49
2 20 19 20 49
2 20 21 22 49
2 20 21 22 49
2 20 23 24 49
2 20 24 25 49
2 20 32 33 49
2 20 35 36 49
3 25 8 9 81
3 25 9 10 81
3 25 10 11 81
3 25 10 11 81
3 25 10 11 81
3 25 10 11 81
3 25 10 11 81
3 25 11 12 81
3 25 11 12 81
3 25 11 12 81
3 25 11 12 81
3 25 11 12 81
3 25 11 12 81
3 25 11 12 81
3 25 11 12 81
3 25 11 12 81
3 25 11 12 81
3 25 11 12 81
3 25 11 12 81
3 25 11 12 81
3 25 12 13 81
3 25 12 13 81
3 25 12 13 81
3 25 12 13 81
3 25 12 13 81
3 25 12 13 81
3 25 12 13 81
3 25 12 13 81
3 25 12 13 81
3 25 12 13 81
3 25 12 13 81
3 25 12 13 81
3 25 12 13 81
3 25 12 13 81
3 25 12 13 81
3 25 12 13 81
3 25 12 13 81
3 25 13 14 81
3 25 13 14 81
3 25 13 14 81
3 25 13 14 81
3 25 13 14 81
3 25 13 14 81
3 25 13 14 81
3 25 13 14 81
3 25 13 14 81
3 25 13 14 81
3 25 13 14 81
3 25 13 14 81
3 25 13 14 81
3 25 14 15 81
3 25 14 15 81
3 25 14 15 81
3 25 14 15 81
3 25 14 15 81
3 25 14 15 81
3 25 14 15 81
3 25 14 15 81
3 25 14 15 81
3 25 14 15 81
3 25 14 15 81
3 25 14 15 81
3 25 14 15 81
3 25 14 15 81
3 25 15 16 81
3 25 15 16 81
3 25 15 16 81
3 25 15 16 81
3 25 15 16 81
3 25 15 16 81
3 25 15 16 81
3 25 16 17 81
3 25 18 19 81
3 25 18 19 81
3 25 18 19 81
3 25 18 19 81
3 25 19 20 81
3 25 25 26 81
3 25 45 46 81
4 28 4 5 90
4 28 4 5 90
4 28 4 5 90
4 28 4 5 90
4 28 4 5 90
4 28 4 5 90
4 28 4 5 90
4 28 4 5 90
4 28 4 5 90
4 28 4 5 90
4 28 4 5 90
4 28 4 5 90
4 28 4 5 90
4 28 4 5 90
4 28 4 5 90
4 28 4 5 90
4 28 4 5 90
4 28 4 5 90
4 28 4 5 90
4 28 4 5 90
4 28 4 5 90
4 28 4 5 90
4 28 4 5 90
4 28 4 5 90
4 28 4 5 90
4 28 5 6 90
4 28 5 6 90
4 28 5 6 90
4 28 5 6 90
4 28 5 6 90
4 28 5 6 90
4 28 5 6 90
4 28 5 6 90
4 28 5 6 90
4 28 5 6 90
4 28 5 6 90
4 28 5 6 90
4 28 5 6 90
4 28 5 6 90
4 28 5 6 90
4 28 5 6 90
4 28 5 6 90
4 28 5 6 90
4 28 5 6 90
4 28 5 6 90
4 28 5 6 90
4 28 5 6 90
4 28 5 6 90
4 28 5 6 90
4 28 5 6 90
4 28 5 6 90
4 28 5 6 90
4 28 5 6 90
4 28 5 6 90
4 28 5 6 90
4 28 5 6 90
4 28 5 6 90
4 28 5 6 90
4 28 5 6 90
4 28 5 6 90
4 28 5 6 90
4 28 5 6 90
4 28 5 6 90
4 28 5 6 90
4 28 5 6 90
4 28 6 7 90
4 28 6 7 90
4 28 6 7 90
4 28 6 7 90
4 28 6 7 90
4 28 6 7 90
4 28 6 7 90
4 28 6 7 90
4 28 6 7 90
4 28 6 7 90
4 28 6 7 90
4 28 7 8 90
4 28 7 8 90
4 28 7 8 90
4 28 7 8 90
4 28 7 8 90
4 28 7 8 90
4 28 7 8 90
4 28 8 9 90
4 28 8 9 90
5 32 1 2 63
5 32 1 2 63
5 32 1 2 63
5 32 1 2 63
5 32 1 2 63
5 32 1 2 63
5 32 1 2 63
5 32 1 2 63
5 32 2 3 63
5 32 2 3 63
5 32 2 3 63
5 32 2 3 63
5 32 2 3 63
5 32 2 3 63
5 32 2 3 63
5 32 2 3 63
5 32 2 3 63
5 32 2 3 63
5 32 2 3 63
5 32 2 3 63
5 32 2 3 63
5 32 2 3 63
5 32 2 3 63
5 32 2 3 63
5 32 2 3 63
5 32 2 3 63
5 32 2 3 63
5 32 2 3 63
5 32 2 3 63
5 32 2 3 63
5 32 2 3 63
5 32 2 3 63
5 32 2 3 63
5 32 2 3 63
5 32 2 3 63
5 32 2 3 63
5 32 3 4 63
5 32 3 4 63
5 32 3 4 63
5 32 3 4 63
5 32 3 4 63
5 32 3 4 63
5 32 3 4 63
5 32 3 4 63
5 32 3 4 63
5 32 3 4 63
5 32 3 4 63
5 32 3 4 63
5 32 3 4 63
5 32 3 4 63
5 32 3 4 63
5 32 3 4 63
5 32 3 4 63
5 32 3 4 63
5 32 3 4 63
5 32 3 4 63
5 32 3 4 63
5 32 3 4 63
5 32 3 4 63
5 32 4 5 63
