MORTALITY FOR TEMPERATURE
       T Mortality
1  10.00    0.1400
2  10.01    0.1780
3  10.02    0.1700
4  10.03    0.1580
5  10.04    0.3810
6  15.00    0.1170
7  15.01    0.0740
8  15.02    0.1940
9  15.03    0.2730
10 15.04    0.2890
11 20.00    0.0260
12 20.01    0.0530
13 20.02    0.0570
14 20.03    0.0640
15 25.00    0.1110
16 25.01    0.0840
17 25.02    0.0560
18 30.00    0.1310
19 30.01    0.1850
20 30.02    0.1500
21 30.03    0.1860
22 30.04    0.2220
23 30.05    0.2680
24 30.06    0.0001
25 30.07    0.1980
26 30.08    0.1790
27 32.00    0.2650
28 32.01    0.2320
29 32.02    0.1830
30 35.00    0.7080
31 35.01    0.6920
32 35.02    0.5170
33  8.00    0.9580
34  8.01    0.9390
35  8.02    0.8740
36  8.03    0.9170
37  8.04    0.8970
38  8.05    0.8810
39  8.06    0.8500
40  8.07    0.9300
41  8.08    0.7470
42  8.09    0.8180

NONLINEAR REGRESSION MODEL

Method: Newton
Formula:  m(T) = aT²+bT+c 

Parameters
  Estimate Std. Error  t value Pr(>|t|)
a  0.02291    0.00373  6.14273        0
b -1.03328    0.15352 -6.73045        0
c  8.36550    1.27996  6.53575        0

Analysis of Variance
      DF       SS      MS      Fc p
Model  2 122.9840 61.4920 28.6363 0
Error 39  83.7464  2.1473          
Total 41 206.7304                  

Selection criteria               
R2       0.5949
R2_Adj   0.5741
SSR     83.7464
AIC    156.1760
MSC     -0.6622
