1 9.9 11 12 59
1 9.9 17 18 59
1 9.9 17 18 59
1 9.9 17 18 59
1 9.9 20 21 59
1 9.9 23 24 59
1 9.9 27 28 59
1 9.9 27 28 59
1 9.9 29 30 59
1 9.9 29 30 59
1 9.9 29 30 59
1 9.9 30 31 59
1 9.9 30 31 59
1 9.9 30 31 59
1 9.9 31 32 59
1 9.9 32 33 59
1 9.9 32 33 59
1 9.9 33 34 59
1 9.9 33 34 59
1 9.9 33 34 59
1 9.9 33 34 59
1 9.9 33 34 59
1 9.9 33 34 59
1 9.9 34 35 59
1 9.9 34 35 59
1 9.9 34 35 59
1 9.9 34 35 59
1 9.9 35 36 59
1 9.9 35 36 59
1 9.9 35 36 59
1 9.9 36 37 59
1 9.9 36 37 59
1 9.9 36 37 59
1 9.9 37 38 59
1 9.9 40 41 59
1 9.9 40 41 59
1 9.9 40 41 59
1 9.9 41 42 59
1 9.9 42 43 59
1 9.9 42 43 59
1 9.9 42 43 59
1 9.9 42 43 59
1 9.9 42 43 59
1 9.9 42 43 59
1 9.9 43 44 59
1 9.9 44 45 59
1 9.9 44 45 59
1 9.9 44 45 59
1 9.9 44 45 59
1 9.9 44 45 59
1 9.9 46 47 59
1 9.9 48 49 59
1 9.9 49 50 59
1 9.9 49 50 59
1 9.9 52 53 59
1 9.9 52 53 59
1 9.9 52 53 59
1 9.9 52 53 59
1 9.9 52 53 59
2 15.2 2 3 46
2 15.2 2 3 46
2 15.2 3 4 46
2 15.2 3 4 46
2 15.2 4 5 46
2 15.2 5 6 46
2 15.2 6 7 46
2 15.2 7 8 46
2 15.2 7 8 46
2 15.2 11 12 46
2 15.2 14 15 46
2 15.2 16 17 46
2 15.2 16 17 46
2 15.2 16 17 46
2 15.2 16 17 46
2 15.2 16 17 46
2 15.2 16 17 46
2 15.2 17 18 46
2 15.2 17 18 46
2 15.2 18 19 46
2 15.2 18 19 46
2 15.2 19 20 46
2 15.2 19 20 46
2 15.2 19 20 46
2 15.2 20 21 46
2 15.2 20 21 46
2 15.2 20 21 46
2 15.2 20 21 46
2 15.2 20 21 46
2 15.2 21 22 46
2 15.2 21 22 46
2 15.2 21 22 46
2 15.2 21 22 46
2 15.2 22 23 46
2 15.2 22 23 46
2 15.2 23 24 46
2 15.2 23 24 46
2 15.2 24 25 46
2 15.2 26 27 46
2 15.2 27 28 46
2 15.2 32 33 46
2 15.2 32 33 46
2 15.2 33 34 46
2 15.2 35 36 46
2 15.2 36 37 46
2 15.2 46 47 46
3 17.4 1 2 55
3 17.4 5 6 55
3 17.4 5 6 55
3 17.4 5 6 55
3 17.4 7 8 55
3 17.4 7 8 55
3 17.4 7 8 55
3 17.4 7 8 55
3 17.4 7 8 55
3 17.4 8 9 55
3 17.4 9 10 55
3 17.4 10 11 55
3 17.4 10 11 55
3 17.4 11 12 55
3 17.4 11 12 55
3 17.4 11 12 55
3 17.4 11 12 55
3 17.4 11 12 55
3 17.4 11 12 55
3 17.4 11 12 55
3 17.4 11 12 55
3 17.4 11 12 55
3 17.4 11 12 55
3 17.4 12 13 55
3 17.4 12 13 55
3 17.4 12 13 55
3 17.4 12 13 55
3 17.4 12 13 55
3 17.4 12 13 55
3 17.4 12 13 55
3 17.4 13 14 55
3 17.4 14 15 55
3 17.4 14 15 55
3 17.4 15 16 55
3 17.4 15 16 55
3 17.4 15 16 55
3 17.4 16 17 55
3 17.4 16 17 55
3 17.4 16 17 55
3 17.4 16 17 55
3 17.4 16 17 55
3 17.4 17 18 55
3 17.4 17 18 55
3 17.4 18 19 55
3 17.4 19 20 55
3 17.4 19 20 55
3 17.4 21 22 55
3 17.4 21 22 55
3 17.4 22 23 55
3 17.4 22 23 55
3 17.4 25 26 55
3 17.4 25 26 55
3 17.4 27 28 55
3 17.4 31 32 55
3 17.4 37 38 55
4 20.4 1 2 106
4 20.4 2 3 106
4 20.4 5 6 106
4 20.4 5 6 106
4 20.4 5 6 106
4 20.4 6 7 106
4 20.4 7 8 106
4 20.4 8 9 106
4 20.4 8 9 106
4 20.4 8 9 106
4 20.4 9 10 106
4 20.4 9 10 106
4 20.4 10 11 106
4 20.4 11 12 106
4 20.4 11 12 106
4 20.4 12 13 106
4 20.4 12 13 106
4 20.4 12 13 106
4 20.4 12 13 106
4 20.4 12 13 106
4 20.4 12 13 106
4 20.4 12 13 106
4 20.4 12 13 106
4 20.4 13 14 106
4 20.4 13 14 106
4 20.4 13 14 106
4 20.4 13 14 106
4 20.4 14 15 106
4 20.4 14 15 106
4 20.4 14 15 106
4 20.4 14 15 106
4 20.4 14 15 106
4 20.4 14 15 106
4 20.4 14 15 106
4 20.4 15 16 106
4 20.4 15 16 106
4 20.4 15 16 106
4 20.4 15 16 106
4 20.4 15 16 106
4 20.4 16 17 106
4 20.4 16 17 106
4 20.4 17 18 106
4 20.4 17 18 106
4 20.4 17 18 106
4 20.4 17 18 106
4 20.4 17 18 106
4 20.4 18 19 106
4 20.4 18 19 106
4 20.4 18 19 106
4 20.4 18 19 106
4 20.4 19 20 106
4 20.4 19 20 106
4 20.4 19 20 106
4 20.4 19 20 106
4 20.4 19 20 106
4 20.4 20 21 106
4 20.4 20 21 106
4 20.4 20 21 106
4 20.4 20 21 106
4 20.4 21 22 106
4 20.4 21 22 106
4 20.4 21 22 106
4 20.4 21 22 106
4 20.4 22 23 106
4 20.4 22 23 106
4 20.4 22 23 106
4 20.4 23 24 106
4 20.4 23 24 106
4 20.4 23 24 106
4 20.4 23 24 106
4 20.4 25 26 106
4 20.4 25 26 106
4 20.4 25 26 106
4 20.4 25 26 106
4 20.4 25 26 106
4 20.4 26 27 106
4 20.4 26 27 106
4 20.4 27 28 106
4 20.4 27 28 106
4 20.4 28 29 106
4 20.4 28 29 106
4 20.4 29 30 106
4 20.4 29 30 106
4 20.4 30 31 106
4 20.4 30 31 106
4 20.4 30 31 106
4 20.4 31 32 106
4 20.4 31 32 106
4 20.4 32 33 106
4 20.4 33 34 106
4 20.4 33 34 106
4 20.4 34 35 106
4 20.4 34 35 106
4 20.4 34 35 106
4 20.4 35 36 106
4 20.4 35 36 106
4 20.4 35 36 106
4 20.4 36 37 106
4 20.4 36 37 106
4 20.4 36 37 106
4 20.4 37 38 106
4 20.4 37 38 106
4 20.4 38 39 106
4 20.4 40 41 106
4 20.4 41 42 106
4 20.4 44 45 106
5 25.4 1 2 86
5 25.4 2 3 86
5 25.4 2 3 86
5 25.4 3 4 86
5 25.4 3 4 86
5 25.4 3 4 86
5 25.4 3 4 86
5 25.4 4 5 86
5 25.4 4 5 86
5 25.4 4 5 86
5 25.4 4 5 86
5 25.4 5 6 86
5 25.4 5 6 86
5 25.4 5 6 86
5 25.4 6 7 86
5 25.4 6 7 86
5 25.4 6 7 86
5 25.4 6 7 86
5 25.4 6 7 86
5 25.4 6 7 86
5 25.4 6 7 86
5 25.4 6 7 86
5 25.4 6 7 86
5 25.4 6 7 86
5 25.4 6 7 86
5 25.4 7 8 86
5 25.4 7 8 86
5 25.4 7 8 86
5 25.4 7 8 86
5 25.4 8 9 86
5 25.4 8 9 86
5 25.4 8 9 86
5 25.4 8 9 86
5 25.4 8 9 86
5 25.4 8 9 86
5 25.4 8 9 86
5 25.4 8 9 86
5 25.4 8 9 86
5 25.4 8 9 86
5 25.4 9 10 86
5 25.4 9 10 86
5 25.4 9 10 86
5 25.4 9 10 86
5 25.4 9 10 86
5 25.4 9 10 86
5 25.4 9 10 86
5 25.4 10 11 86
5 25.4 10 11 86
5 25.4 10 11 86
5 25.4 10 11 86
5 25.4 10 11 86
5 25.4 10 11 86
5 25.4 10 11 86
5 25.4 10 11 86
5 25.4 10 11 86
5 25.4 10 11 86
5 25.4 10 11 86
5 25.4 11 12 86
5 25.4 11 12 86
5 25.4 11 12 86
5 25.4 11 12 86
5 25.4 11 12 86
5 25.4 12 13 86
5 25.4 12 13 86
5 25.4 12 13 86
5 25.4 13 14 86
5 25.4 13 14 86
5 25.4 13 14 86
5 25.4 13 14 86
5 25.4 13 14 86
5 25.4 14 15 86
5 25.4 14 15 86
5 25.4 14 15 86
5 25.4 15 16 86
5 25.4 15 16 86
5 25.4 15 16 86
5 25.4 16 17 86
5 25.4 17 18 86
5 25.4 17 18 86
5 25.4 18 19 86
5 25.4 18 19 86
5 25.4 19 20 86
5 25.4 20 21 86
5 25.4 20 21 86
5 25.4 26 27 86
5 25.4 26 27 86
6 27.8 3 4 60
6 27.8 3 4 60
6 27.8 3 4 60
6 27.8 3 4 60
6 27.8 3 4 60
6 27.8 3 4 60
6 27.8 3 4 60
6 27.8 3 4 60
6 27.8 3 4 60
6 27.8 3 4 60
6 27.8 3 4 60
6 27.8 3 4 60
6 27.8 3 4 60
6 27.8 3 4 60
6 27.8 4 5 60
6 27.8 4 5 60
6 27.8 5 6 60
6 27.8 5 6 60
6 27.8 5 6 60
6 27.8 5 6 60
6 27.8 5 6 60
6 27.8 5 6 60
6 27.8 5 6 60
6 27.8 5 6 60
6 27.8 6 7 60
6 27.8 6 7 60
6 27.8 6 7 60
6 27.8 6 7 60
6 27.8 6 7 60
6 27.8 6 7 60
6 27.8 6 7 60
6 27.8 7 8 60
6 27.8 7 8 60
6 27.8 8 9 60
6 27.8 8 9 60
6 27.8 9 10 60
6 27.8 9 10 60
6 27.8 11 12 60
6 27.8 11 12 60
6 27.8 11 12 60
6 27.8 11 12 60
6 27.8 11 12 60
6 27.8 12 13 60
6 27.8 13 14 60
6 27.8 13 14 60
6 27.8 14 15 60
6 27.8 14 15 60
6 27.8 15 16 60
6 27.8 16 17 60
6 27.8 17 18 60
6 27.8 17 18 60
6 27.8 18 19 60
6 27.8 19 20 60
6 27.8 19 20 60
6 27.8 21 22 60
6 27.8 21 22 60
6 27.8 21 22 60
6 27.8 21 22 60
6 27.8 23 24 60
6 27.8 28 29 60
7 29.9 3 4 58
7 29.9 4 5 58
7 29.9 5 6 58
7 29.9 5 6 58
7 29.9 7 8 58
7 29.9 7 8 58
7 29.9 9 10 58
7 29.9 9 10 58
7 29.9 9 10 58
7 29.9 9 10 58
7 29.9 9 10 58
7 29.9 9 10 58
7 29.9 10 11 58
7 29.9 10 11 58
7 29.9 10 11 58
7 29.9 10 11 58
7 29.9 10 11 58
7 29.9 10 11 58
7 29.9 10 11 58
7 29.9 10 11 58
7 29.9 10 11 58
7 29.9 10 11 58
7 29.9 11 12 58
7 29.9 11 12 58
7 29.9 11 12 58
7 29.9 11 12 58
7 29.9 11 12 58
7 29.9 11 12 58
7 29.9 11 12 58
7 29.9 12 13 58
7 29.9 12 13 58
7 29.9 12 13 58
7 29.9 12 13 58
7 29.9 12 13 58
7 29.9 12 13 58
7 29.9 12 13 58
7 29.9 12 13 58
7 29.9 13 14 58
7 29.9 13 14 58
7 29.9 13 14 58
7 29.9 13 14 58
7 29.9 13 14 58
7 29.9 13 14 58
7 29.9 13 14 58
7 29.9 14 15 58
7 29.9 14 15 58
7 29.9 14 15 58
7 29.9 15 16 58
7 29.9 16 17 58
7 29.9 16 17 58
7 29.9 16 17 58
7 29.9 16 17 58
7 29.9 18 19 58
7 29.9 18 19 58
7 29.9 18 19 58
7 29.9 19 20 58
7 29.9 21 22 58
7 29.9 21 22 58
