1 9.9 76 77 339
1 9.9 77 78 339
1 9.9 78 79 339
1 9.9 78 79 339
1 9.9 79 80 339
1 9.9 83 84 339
1 9.9 83 84 339
1 9.9 83 84 339
1 9.9 83 84 339
1 9.9 83 84 339
1 9.9 83 84 339
1 9.9 83 84 339
1 9.9 83 84 339
1 9.9 85 86 339
1 9.9 85 86 339
1 9.9 85 86 339
1 9.9 85 86 339
1 9.9 85 86 339
1 9.9 85 86 339
1 9.9 85 86 339
1 9.9 85 86 339
1 9.9 86 87 339
1 9.9 86 87 339
1 9.9 86 87 339
1 9.9 90 91 339
1 9.9 90 91 339
1 9.9 90 91 339
1 9.9 90 91 339
1 9.9 90 91 339
1 9.9 90 91 339
1 9.9 90 91 339
1 9.9 90 91 339
1 9.9 90 91 339
1 9.9 90 91 339
1 9.9 90 91 339
1 9.9 90 91 339
1 9.9 90 91 339
1 9.9 90 91 339
1 9.9 91 92 339
1 9.9 92 93 339
1 9.9 92 93 339
1 9.9 92 93 339
1 9.9 92 93 339
1 9.9 92 93 339
1 9.9 92 93 339
1 9.9 92 93 339
1 9.9 92 93 339
1 9.9 92 93 339
1 9.9 92 93 339
1 9.9 92 93 339
1 9.9 94 95 339
1 9.9 94 95 339
1 9.9 94 95 339
1 9.9 97 98 339
1 9.9 97 98 339
1 9.9 97 98 339
1 9.9 97 98 339
1 9.9 97 98 339
1 9.9 97 98 339
1 9.9 98 99 339
1 9.9 98 99 339
1 9.9 98 99 339
1 9.9 98 99 339
1 9.9 98 99 339
1 9.9 99 100 339
1 9.9 99 100 339
1 9.9 99 100 339
1 9.9 99 100 339
1 9.9 99 100 339
1 9.9 99 100 339
1 9.9 99 100 339
1 9.9 99 100 339
1 9.9 99 100 339
1 9.9 101 102 339
1 9.9 101 102 339
1 9.9 101 102 339
1 9.9 104 105 339
1 9.9 104 105 339
1 9.9 104 105 339
1 9.9 104 105 339
1 9.9 104 105 339
1 9.9 104 105 339
1 9.9 104 105 339
1 9.9 104 105 339
1 9.9 104 105 339
1 9.9 104 105 339
1 9.9 104 105 339
1 9.9 104 105 339
1 9.9 104 105 339
1 9.9 104 105 339
1 9.9 106 107 339
1 9.9 106 107 339
1 9.9 106 107 339
1 9.9 108 109 339
1 9.9 108 109 339
1 9.9 108 109 339
1 9.9 108 109 339
1 9.9 108 109 339
1 9.9 111 112 339
1 9.9 111 112 339
1 9.9 111 112 339
1 9.9 111 112 339
1 9.9 111 112 339
1 9.9 111 112 339
1 9.9 111 112 339
1 9.9 113 114 339
1 9.9 115 116 339
1 9.9 115 116 339
1 9.9 118 119 339
1 9.9 120 121 339
1 9.9 122 123 339
1 9.9 122 123 339
1 9.9 122 123 339
1 9.9 122 123 339
1 9.9 127 128 339
1 9.9 128 129 339
1 9.9 129 130 339
1 9.9 132 133 339
1 9.9 132 133 339
1 9.9 136 137 339
1 9.9 138 139 339
1 9.9 139 140 339
1 9.9 141 142 339
1 9.9 141 142 339
1 9.9 141 142 339
1 9.9 143 144 339
1 9.9 143 144 339
1 9.9 146 147 339
1 9.9 146 147 339
1 9.9 148 149 339
1 9.9 153 154 339
1 9.9 153 154 339
2 9.9 75 76 335
2 9.9 76 77 335
2 9.9 76 77 335
2 9.9 76 77 335
2 9.9 77 78 335
2 9.9 77 78 335
2 9.9 78 79 335
2 9.9 78 79 335
2 9.9 78 79 335
2 9.9 78 79 335
2 9.9 78 79 335
2 9.9 78 79 335
2 9.9 78 79 335
2 9.9 79 80 335
2 9.9 80 81 335
2 9.9 82 83 335
2 9.9 82 83 335
2 9.9 83 84 335
2 9.9 83 84 335
2 9.9 83 84 335
2 9.9 83 84 335
2 9.9 83 84 335
2 9.9 83 84 335
2 9.9 83 84 335
2 9.9 83 84 335
2 9.9 83 84 335
2 9.9 83 84 335
2 9.9 83 84 335
2 9.9 83 84 335
2 9.9 83 84 335
2 9.9 83 84 335
2 9.9 83 84 335
2 9.9 83 84 335
2 9.9 85 86 335
2 9.9 85 86 335
2 9.9 86 87 335
2 9.9 86 87 335
2 9.9 86 87 335
2 9.9 86 87 335
2 9.9 89 90 335
2 9.9 89 90 335
2 9.9 89 90 335
2 9.9 90 91 335
2 9.9 90 91 335
2 9.9 90 91 335
2 9.9 90 91 335
2 9.9 90 91 335
2 9.9 90 91 335
2 9.9 90 91 335
2 9.9 90 91 335
2 9.9 90 91 335
2 9.9 90 91 335
2 9.9 90 91 335
2 9.9 90 91 335
2 9.9 90 91 335
2 9.9 90 91 335
2 9.9 91 92 335
2 9.9 92 93 335
2 9.9 92 93 335
2 9.9 92 93 335
2 9.9 92 93 335
2 9.9 92 93 335
2 9.9 92 93 335
2 9.9 92 93 335
2 9.9 92 93 335
2 9.9 92 93 335
2 9.9 92 93 335
2 9.9 92 93 335
2 9.9 93 94 335
2 9.9 93 94 335
2 9.9 94 95 335
2 9.9 94 95 335
2 9.9 94 95 335
2 9.9 94 95 335
2 9.9 94 95 335
2 9.9 94 95 335
2 9.9 96 97 335
2 9.9 96 97 335
2 9.9 96 97 335
2 9.9 96 97 335
2 9.9 97 98 335
2 9.9 97 98 335
2 9.9 97 98 335
2 9.9 97 98 335
2 9.9 97 98 335
2 9.9 98 99 335
2 9.9 98 99 335
2 9.9 99 100 335
2 9.9 99 100 335
2 9.9 99 100 335
2 9.9 99 100 335
2 9.9 100 101 335
2 9.9 101 102 335
2 9.9 101 102 335
2 9.9 101 102 335
2 9.9 101 102 335
2 9.9 103 104 335
2 9.9 103 104 335
2 9.9 104 105 335
2 9.9 104 105 335
2 9.9 104 105 335
2 9.9 104 105 335
2 9.9 106 107 335
2 9.9 107 108 335
2 9.9 110 111 335
2 9.9 111 112 335
2 9.9 115 116 335
2 9.9 117 118 335
2 9.9 118 119 335
2 9.9 119 120 335
2 9.9 120 121 335
2 9.9 122 123 335
2 9.9 124 125 335
2 9.9 124 125 335
2 9.9 125 126 335
2 9.9 126 127 335
2 9.9 127 128 335
2 9.9 129 130 335
2 9.9 131 132 335
2 9.9 133 134 335
2 9.9 135 136 335
2 9.9 136 137 335
2 9.9 136 137 335
2 9.9 139 140 335
2 9.9 142 143 335
2 9.9 146 147 335
2 9.9 148 149 335
2 9.9 152 153 335
2 9.9 152 153 335
2 9.9 153 154 335
3 15.2 31 32 365
3 15.2 31 32 365
3 15.2 31 32 365
3 15.2 31 32 365
3 15.2 31 32 365
3 15.2 31 32 365
3 15.2 31 32 365
3 15.2 31 32 365
3 15.2 31 32 365
3 15.2 31 32 365
3 15.2 31 32 365
3 15.2 31 32 365
3 15.2 31 32 365
3 15.2 31 32 365
3 15.2 31 32 365
3 15.2 31 32 365
3 15.2 31 32 365
3 15.2 31 32 365
3 15.2 31 32 365
3 15.2 31 32 365
3 15.2 31 32 365
3 15.2 31 32 365
3 15.2 31 32 365
3 15.2 31 32 365
3 15.2 31 32 365
3 15.2 31 32 365
3 15.2 31 32 365
3 15.2 31 32 365
3 15.2 31 32 365
3 15.2 31 32 365
3 15.2 31 32 365
3 15.2 31 32 365
3 15.2 31 32 365
3 15.2 31 32 365
3 15.2 31 32 365
3 15.2 31 32 365
3 15.2 31 32 365
3 15.2 31 32 365
3 15.2 31 32 365
3 15.2 31 32 365
3 15.2 31 32 365
3 15.2 31 32 365
3 15.2 31 32 365
3 15.2 31 32 365
3 15.2 31 32 365
3 15.2 31 32 365
3 15.2 31 32 365
3 15.2 31 32 365
3 15.2 31 32 365
3 15.2 31 32 365
3 15.2 31 32 365
3 15.2 31 32 365
3 15.2 31 32 365
3 15.2 31 32 365
3 15.2 31 32 365
3 15.2 31 32 365
3 15.2 31 32 365
3 15.2 31 32 365
3 15.2 31 32 365
3 15.2 31 32 365
3 15.2 31 32 365
3 15.2 31 32 365
3 15.2 31 32 365
3 15.2 31 32 365
3 15.2 31 32 365
3 15.2 31 32 365
3 15.2 31 32 365
3 15.2 31 32 365
3 15.2 31 32 365
3 15.2 31 32 365
3 15.2 31 32 365
3 15.2 31 32 365
3 15.2 31 32 365
3 15.2 31 32 365
3 15.2 31 32 365
3 15.2 31 32 365
3 15.2 31 32 365
3 15.2 32 33 365
3 15.2 32 33 365
3 15.2 32 33 365
3 15.2 32 33 365
3 15.2 32 33 365
3 15.2 32 33 365
3 15.2 32 33 365
3 15.2 32 33 365
3 15.2 32 33 365
3 15.2 32 33 365
3 15.2 32 33 365
3 15.2 32 33 365
3 15.2 32 33 365
3 15.2 32 33 365
3 15.2 32 33 365
3 15.2 32 33 365
3 15.2 32 33 365
3 15.2 32 33 365
3 15.2 32 33 365
3 15.2 32 33 365
3 15.2 32 33 365
3 15.2 32 33 365
3 15.2 32 33 365
3 15.2 32 33 365
3 15.2 32 33 365
3 15.2 32 33 365
3 15.2 32 33 365
3 15.2 32 33 365
3 15.2 32 33 365
3 15.2 32 33 365
3 15.2 32 33 365
3 15.2 32 33 365
3 15.2 32 33 365
3 15.2 32 33 365
3 15.2 32 33 365
3 15.2 32 33 365
3 15.2 32 33 365
3 15.2 32 33 365
3 15.2 32 33 365
3 15.2 32 33 365
3 15.2 32 33 365
3 15.2 32 33 365
3 15.2 32 33 365
3 15.2 32 33 365
3 15.2 32 33 365
3 15.2 32 33 365
3 15.2 32 33 365
3 15.2 32 33 365
3 15.2 32 33 365
3 15.2 32 33 365
3 15.2 33 34 365
3 15.2 33 34 365
3 15.2 33 34 365
3 15.2 33 34 365
3 15.2 33 34 365
3 15.2 33 34 365
3 15.2 33 34 365
3 15.2 33 34 365
3 15.2 33 34 365
3 15.2 33 34 365
3 15.2 33 34 365
3 15.2 33 34 365
3 15.2 33 34 365
3 15.2 33 34 365
3 15.2 33 34 365
3 15.2 33 34 365
3 15.2 33 34 365
3 15.2 33 34 365
3 15.2 33 34 365
3 15.2 33 34 365
3 15.2 33 34 365
3 15.2 33 34 365
3 15.2 33 34 365
3 15.2 33 34 365
3 15.2 33 34 365
3 15.2 33 34 365
3 15.2 33 34 365
3 15.2 33 34 365
3 15.2 34 35 365
3 15.2 34 35 365
3 15.2 34 35 365
3 15.2 34 35 365
3 15.2 34 35 365
3 15.2 34 35 365
3 15.2 34 35 365
3 15.2 34 35 365
3 15.2 34 35 365
3 15.2 34 35 365
3 15.2 34 35 365
3 15.2 34 35 365
3 15.2 34 35 365
3 15.2 34 35 365
3 15.2 34 35 365
3 15.2 34 35 365
3 15.2 34 35 365
3 15.2 34 35 365
3 15.2 34 35 365
3 15.2 34 35 365
3 15.2 34 35 365
3 15.2 34 35 365
3 15.2 34 35 365
3 15.2 34 35 365
3 15.2 34 35 365
3 15.2 34 35 365
3 15.2 34 35 365
3 15.2 34 35 365
3 15.2 34 35 365
3 15.2 34 35 365
3 15.2 34 35 365
3 15.2 35 36 365
3 15.2 35 36 365
3 15.2 35 36 365
3 15.2 35 36 365
3 15.2 35 36 365
3 15.2 35 36 365
3 15.2 35 36 365
3 15.2 35 36 365
3 15.2 35 36 365
3 15.2 35 36 365
3 15.2 35 36 365
3 15.2 35 36 365
3 15.2 35 36 365
3 15.2 35 36 365
3 15.2 35 36 365
3 15.2 35 36 365
3 15.2 35 36 365
3 15.2 38 39 365
3 15.2 38 39 365
3 15.2 38 39 365
3 15.2 38 39 365
3 15.2 38 39 365
3 15.2 38 39 365
3 15.2 38 39 365
3 15.2 38 39 365
3 15.2 38 39 365
3 15.2 38 39 365
3 15.2 38 39 365
3 15.2 38 39 365
3 15.2 39 40 365
3 15.2 40 41 365
3 15.2 40 41 365
3 15.2 40 41 365
3 15.2 41 42 365
3 15.2 41 42 365
3 15.2 41 42 365
3 15.2 41 42 365
3 15.2 42 43 365
3 15.2 45 46 365
3 15.2 45 46 365
3 15.2 45 46 365
3 15.2 45 46 365
3 15.2 45 46 365
3 15.2 47 48 365
3 15.2 47 48 365
3 15.2 47 48 365
3 15.2 47 48 365
3 15.2 47 48 365
3 15.2 49 50 365
3 15.2 52 53 365
3 15.2 52 53 365
3 15.2 52 53 365
3 15.2 54 55 365
3 15.2 54 55 365
4 15.2 31 32 360
4 15.2 31 32 360
4 15.2 31 32 360
4 15.2 31 32 360
4 15.2 31 32 360
4 15.2 31 32 360
4 15.2 31 32 360
4 15.2 31 32 360
4 15.2 31 32 360
4 15.2 31 32 360
4 15.2 31 32 360
4 15.2 31 32 360
4 15.2 31 32 360
4 15.2 31 32 360
4 15.2 31 32 360
4 15.2 31 32 360
4 15.2 31 32 360
4 15.2 31 32 360
4 15.2 31 32 360
4 15.2 31 32 360
4 15.2 31 32 360
4 15.2 31 32 360
4 15.2 31 32 360
4 15.2 31 32 360
4 15.2 31 32 360
4 15.2 31 32 360
4 15.2 31 32 360
4 15.2 31 32 360
4 15.2 31 32 360
4 15.2 31 32 360
4 15.2 31 32 360
4 15.2 31 32 360
4 15.2 31 32 360
4 15.2 31 32 360
4 15.2 31 32 360
4 15.2 31 32 360
4 15.2 31 32 360
4 15.2 31 32 360
4 15.2 31 32 360
4 15.2 31 32 360
4 15.2 31 32 360
4 15.2 31 32 360
4 15.2 31 32 360
4 15.2 31 32 360
4 15.2 31 32 360
4 15.2 31 32 360
4 15.2 31 32 360
4 15.2 31 32 360
4 15.2 31 32 360
4 15.2 31 32 360
4 15.2 31 32 360
4 15.2 31 32 360
4 15.2 31 32 360
4 15.2 31 32 360
4 15.2 31 32 360
4 15.2 31 32 360
4 15.2 31 32 360
4 15.2 31 32 360
4 15.2 31 32 360
4 15.2 31 32 360
4 15.2 31 32 360
4 15.2 31 32 360
4 15.2 31 32 360
4 15.2 31 32 360
4 15.2 31 32 360
4 15.2 31 32 360
4 15.2 31 32 360
4 15.2 31 32 360
4 15.2 31 32 360
4 15.2 31 32 360
4 15.2 31 32 360
4 15.2 32 33 360
4 15.2 32 33 360
4 15.2 32 33 360
4 15.2 32 33 360
4 15.2 32 33 360
4 15.2 32 33 360
4 15.2 32 33 360
4 15.2 32 33 360
4 15.2 32 33 360
4 15.2 32 33 360
4 15.2 32 33 360
4 15.2 32 33 360
4 15.2 32 33 360
4 15.2 32 33 360
4 15.2 32 33 360
4 15.2 32 33 360
4 15.2 32 33 360
4 15.2 32 33 360
4 15.2 32 33 360
4 15.2 32 33 360
4 15.2 32 33 360
4 15.2 32 33 360
4 15.2 32 33 360
4 15.2 32 33 360
4 15.2 32 33 360
4 15.2 32 33 360
4 15.2 32 33 360
4 15.2 32 33 360
4 15.2 32 33 360
4 15.2 32 33 360
4 15.2 32 33 360
4 15.2 32 33 360
4 15.2 32 33 360
4 15.2 32 33 360
4 15.2 32 33 360
4 15.2 32 33 360
4 15.2 32 33 360
4 15.2 32 33 360
4 15.2 32 33 360
4 15.2 32 33 360
4 15.2 32 33 360
4 15.2 32 33 360
4 15.2 32 33 360
4 15.2 32 33 360
4 15.2 32 33 360
4 15.2 32 33 360
4 15.2 32 33 360
4 15.2 32 33 360
4 15.2 32 33 360
4 15.2 33 34 360
4 15.2 33 34 360
4 15.2 33 34 360
4 15.2 33 34 360
4 15.2 33 34 360
4 15.2 33 34 360
4 15.2 33 34 360
4 15.2 33 34 360
4 15.2 33 34 360
4 15.2 33 34 360
4 15.2 33 34 360
4 15.2 33 34 360
4 15.2 33 34 360
4 15.2 33 34 360
4 15.2 33 34 360
4 15.2 33 34 360
4 15.2 33 34 360
4 15.2 33 34 360
4 15.2 33 34 360
4 15.2 33 34 360
4 15.2 33 34 360
4 15.2 33 34 360
4 15.2 33 34 360
4 15.2 33 34 360
4 15.2 33 34 360
4 15.2 33 34 360
4 15.2 33 34 360
4 15.2 33 34 360
4 15.2 33 34 360
4 15.2 34 35 360
4 15.2 34 35 360
4 15.2 34 35 360
4 15.2 34 35 360
4 15.2 34 35 360
4 15.2 34 35 360
4 15.2 34 35 360
4 15.2 34 35 360
4 15.2 34 35 360
4 15.2 34 35 360
4 15.2 34 35 360
4 15.2 34 35 360
4 15.2 34 35 360
4 15.2 34 35 360
4 15.2 34 35 360
4 15.2 34 35 360
4 15.2 34 35 360
4 15.2 34 35 360
4 15.2 34 35 360
4 15.2 34 35 360
4 15.2 34 35 360
4 15.2 34 35 360
4 15.2 34 35 360
4 15.2 34 35 360
4 15.2 34 35 360
4 15.2 34 35 360
4 15.2 34 35 360
4 15.2 34 35 360
4 15.2 34 35 360
4 15.2 34 35 360
4 15.2 35 36 360
4 15.2 35 36 360
4 15.2 35 36 360
4 15.2 35 36 360
4 15.2 35 36 360
4 15.2 35 36 360
4 15.2 35 36 360
4 15.2 35 36 360
4 15.2 35 36 360
4 15.2 35 36 360
4 15.2 35 36 360
4 15.2 35 36 360
4 15.2 35 36 360
4 15.2 35 36 360
4 15.2 35 36 360
4 15.2 35 36 360
4 15.2 35 36 360
4 15.2 35 36 360
4 15.2 35 36 360
4 15.2 35 36 360
4 15.2 35 36 360
4 15.2 35 36 360
4 15.2 38 39 360
4 15.2 38 39 360
4 15.2 38 39 360
4 15.2 38 39 360
4 15.2 38 39 360
4 15.2 38 39 360
4 15.2 39 40 360
4 15.2 39 40 360
4 15.2 39 40 360
4 15.2 40 41 360
4 15.2 40 41 360
4 15.2 41 42 360
4 15.2 41 42 360
4 15.2 41 42 360
4 15.2 42 43 360
4 15.2 45 46 360
4 15.2 45 46 360
4 15.2 47 48 360
4 15.2 47 48 360
4 15.2 47 48 360
4 15.2 47 48 360
4 15.2 47 48 360
4 15.2 47 48 360
4 15.2 47 48 360
4 15.2 49 50 360
4 15.2 49 50 360
4 15.2 52 53 360
4 15.2 52 53 360
4 15.2 52 53 360
4 15.2 52 53 360
4 15.2 52 53 360
4 15.2 52 53 360
4 15.2 53 54 360
4 15.2 54 55 360
4 15.2 54 55 360
4 15.2 56 57 360
5 20.4 18 19 247
5 20.4 18 19 247
5 20.4 19 20 247
5 20.4 19 20 247
5 20.4 19 20 247
5 20.4 19 20 247
5 20.4 19 20 247
5 20.4 19 20 247
5 20.4 19 20 247
5 20.4 19 20 247
5 20.4 19 20 247
5 20.4 19 20 247
5 20.4 19 20 247
5 20.4 20 21 247
5 20.4 20 21 247
5 20.4 20 21 247
5 20.4 20 21 247
5 20.4 20 21 247
5 20.4 20 21 247
5 20.4 20 21 247
5 20.4 20 21 247
5 20.4 20 21 247
5 20.4 20 21 247
5 20.4 20 21 247
5 20.4 20 21 247
5 20.4 20 21 247
5 20.4 20 21 247
5 20.4 20 21 247
5 20.4 20 21 247
5 20.4 20 21 247
5 20.4 20 21 247
5 20.4 20 21 247
5 20.4 20 21 247
5 20.4 20 21 247
5 20.4 20 21 247
5 20.4 20 21 247
5 20.4 21 22 247
5 20.4 21 22 247
5 20.4 21 22 247
5 20.4 21 22 247
5 20.4 21 22 247
5 20.4 21 22 247
5 20.4 21 22 247
5 20.4 21 22 247
5 20.4 21 22 247
5 20.4 21 22 247
5 20.4 21 22 247
5 20.4 21 22 247
5 20.4 21 22 247
5 20.4 21 22 247
5 20.4 21 22 247
5 20.4 21 22 247
5 20.4 21 22 247
5 20.4 21 22 247
5 20.4 21 22 247
5 20.4 21 22 247
5 20.4 21 22 247
5 20.4 21 22 247
5 20.4 21 22 247
5 20.4 21 22 247
5 20.4 21 22 247
5 20.4 21 22 247
5 20.4 21 22 247
5 20.4 21 22 247
5 20.4 21 22 247
5 20.4 21 22 247
5 20.4 21 22 247
5 20.4 21 22 247
5 20.4 21 22 247
5 20.4 21 22 247
5 20.4 21 22 247
5 20.4 22 23 247
5 20.4 22 23 247
5 20.4 22 23 247
5 20.4 22 23 247
5 20.4 22 23 247
5 20.4 22 23 247
5 20.4 22 23 247
5 20.4 22 23 247
5 20.4 22 23 247
5 20.4 22 23 247
5 20.4 22 23 247
5 20.4 22 23 247
5 20.4 22 23 247
5 20.4 22 23 247
5 20.4 22 23 247
5 20.4 22 23 247
5 20.4 22 23 247
5 20.4 22 23 247
5 20.4 22 23 247
5 20.4 22 23 247
5 20.4 22 23 247
5 20.4 22 23 247
5 20.4 22 23 247
5 20.4 22 23 247
5 20.4 23 24 247
5 20.4 23 24 247
5 20.4 23 24 247
5 20.4 23 24 247
5 20.4 23 24 247
5 20.4 23 24 247
5 20.4 23 24 247
5 20.4 24 25 247
5 20.4 24 25 247
5 20.4 24 25 247
5 20.4 24 25 247
5 20.4 24 25 247
5 20.4 24 25 247
5 20.4 25 26 247
5 20.4 25 26 247
5 20.4 25 26 247
5 20.4 25 26 247
5 20.4 25 26 247
5 20.4 25 26 247
5 20.4 26 27 247
5 20.4 26 27 247
5 20.4 26 27 247
5 20.4 26 27 247
5 20.4 27 28 247
5 20.4 27 28 247
5 20.4 27 28 247
5 20.4 28 29 247
5 20.4 28 29 247
5 20.4 30 31 247
5 20.4 30 31 247
5 20.4 30 31 247
5 20.4 30 31 247
5 20.4 31 32 247
5 20.4 31 32 247
5 20.4 31 32 247
5 20.4 31 32 247
5 20.4 31 32 247
5 20.4 31 32 247
5 20.4 33 34 247
6 20.4 19 20 387
6 20.4 19 20 387
6 20.4 19 20 387
6 20.4 20 21 387
6 20.4 20 21 387
6 20.4 20 21 387
6 20.4 20 21 387
6 20.4 20 21 387
6 20.4 20 21 387
6 20.4 20 21 387
6 20.4 20 21 387
6 20.4 20 21 387
6 20.4 20 21 387
6 20.4 20 21 387
6 20.4 20 21 387
6 20.4 20 21 387
6 20.4 20 21 387
6 20.4 20 21 387
6 20.4 20 21 387
6 20.4 20 21 387
6 20.4 20 21 387
6 20.4 20 21 387
6 20.4 20 21 387
6 20.4 20 21 387
6 20.4 20 21 387
6 20.4 20 21 387
6 20.4 21 22 387
6 20.4 21 22 387
6 20.4 21 22 387
6 20.4 21 22 387
6 20.4 21 22 387
6 20.4 21 22 387
6 20.4 21 22 387
6 20.4 21 22 387
6 20.4 21 22 387
6 20.4 21 22 387
6 20.4 21 22 387
6 20.4 21 22 387
6 20.4 21 22 387
6 20.4 21 22 387
6 20.4 21 22 387
6 20.4 21 22 387
6 20.4 21 22 387
6 20.4 21 22 387
6 20.4 21 22 387
6 20.4 21 22 387
6 20.4 21 22 387
6 20.4 21 22 387
6 20.4 21 22 387
6 20.4 21 22 387
6 20.4 21 22 387
6 20.4 21 22 387
6 20.4 21 22 387
6 20.4 22 23 387
6 20.4 22 23 387
6 20.4 22 23 387
6 20.4 22 23 387
6 20.4 22 23 387
6 20.4 22 23 387
6 20.4 22 23 387
6 20.4 22 23 387
6 20.4 22 23 387
6 20.4 22 23 387
6 20.4 22 23 387
6 20.4 22 23 387
6 20.4 22 23 387
6 20.4 22 23 387
6 20.4 22 23 387
6 20.4 22 23 387
6 20.4 22 23 387
6 20.4 22 23 387
6 20.4 22 23 387
6 20.4 22 23 387
6 20.4 22 23 387
6 20.4 22 23 387
6 20.4 23 24 387
6 20.4 23 24 387
6 20.4 23 24 387
6 20.4 23 24 387
6 20.4 23 24 387
6 20.4 23 24 387
6 20.4 23 24 387
6 20.4 23 24 387
6 20.4 23 24 387
6 20.4 23 24 387
6 20.4 23 24 387
6 20.4 23 24 387
6 20.4 23 24 387
6 20.4 23 24 387
6 20.4 23 24 387
6 20.4 23 24 387
6 20.4 23 24 387
6 20.4 23 24 387
6 20.4 23 24 387
6 20.4 24 25 387
6 20.4 24 25 387
6 20.4 24 25 387
6 20.4 24 25 387
6 20.4 24 25 387
6 20.4 24 25 387
6 20.4 24 25 387
6 20.4 25 26 387
6 20.4 25 26 387
6 20.4 25 26 387
6 20.4 26 27 387
6 20.4 26 27 387
6 20.4 27 28 387
6 20.4 27 28 387
6 20.4 27 28 387
6 20.4 27 28 387
6 20.4 27 28 387
6 20.4 27 28 387
6 20.4 27 28 387
6 20.4 27 28 387
6 20.4 27 28 387
6 20.4 27 28 387
6 20.4 28 29 387
6 20.4 30 31 387
6 20.4 30 31 387
6 20.4 30 31 387
6 20.4 30 31 387
6 20.4 30 31 387
6 20.4 30 31 387
6 20.4 30 31 387
6 20.4 30 31 387
6 20.4 31 32 387
6 20.4 31 32 387
6 20.4 31 32 387
6 20.4 31 32 387
6 20.4 31 32 387
6 20.4 31 32 387
6 20.4 31 32 387
6 20.4 31 32 387
6 20.4 31 32 387
6 20.4 31 32 387
6 20.4 32 33 387
6 20.4 32 33 387
6 20.4 32 33 387
6 20.4 32 33 387
6 20.4 32 33 387
6 20.4 32 33 387
6 20.4 32 33 387
6 20.4 32 33 387
6 20.4 32 33 387
6 20.4 32 33 387
6 20.4 32 33 387
6 20.4 33 34 387
7 25.4 14 15 340
7 25.4 15 16 340
7 25.4 15 16 340
7 25.4 15 16 340
7 25.4 15 16 340
7 25.4 15 16 340
7 25.4 15 16 340
7 25.4 15 16 340
7 25.4 15 16 340
7 25.4 16 17 340
7 25.4 16 17 340
7 25.4 16 17 340
7 25.4 16 17 340
7 25.4 16 17 340
7 25.4 16 17 340
7 25.4 16 17 340
7 25.4 16 17 340
7 25.4 16 17 340
7 25.4 16 17 340
7 25.4 16 17 340
7 25.4 16 17 340
7 25.4 16 17 340
7 25.4 17 18 340
7 25.4 17 18 340
7 25.4 17 18 340
7 25.4 17 18 340
7 25.4 17 18 340
7 25.4 17 18 340
7 25.4 17 18 340
7 25.4 17 18 340
7 25.4 17 18 340
7 25.4 17 18 340
7 25.4 17 18 340
7 25.4 17 18 340
7 25.4 17 18 340
7 25.4 17 18 340
7 25.4 17 18 340
7 25.4 17 18 340
7 25.4 17 18 340
7 25.4 17 18 340
7 25.4 18 19 340
7 25.4 18 19 340
7 25.4 18 19 340
7 25.4 18 19 340
7 25.4 18 19 340
7 25.4 18 19 340
7 25.4 18 19 340
7 25.4 18 19 340
7 25.4 18 19 340
7 25.4 18 19 340
7 25.4 18 19 340
7 25.4 18 19 340
7 25.4 18 19 340
7 25.4 18 19 340
7 25.4 19 20 340
7 25.4 19 20 340
7 25.4 19 20 340
7 25.4 19 20 340
7 25.4 19 20 340
7 25.4 19 20 340
7 25.4 19 20 340
7 25.4 20 21 340
7 25.4 20 21 340
7 25.4 20 21 340
7 25.4 20 21 340
7 25.4 20 21 340
7 25.4 20 21 340
7 25.4 20 21 340
7 25.4 20 21 340
7 25.4 20 21 340
7 25.4 21 22 340
7 25.4 21 22 340
7 25.4 21 22 340
7 25.4 21 22 340
7 25.4 21 22 340
7 25.4 21 22 340
7 25.4 21 22 340
7 25.4 21 22 340
7 25.4 22 23 340
7 25.4 22 23 340
7 25.4 22 23 340
7 25.4 23 24 340
7 25.4 23 24 340
7 25.4 23 24 340
7 25.4 24 25 340
8 25.4 15 16 312
8 25.4 15 16 312
8 25.4 15 16 312
8 25.4 15 16 312
8 25.4 15 16 312
8 25.4 15 16 312
8 25.4 15 16 312
8 25.4 15 16 312
8 25.4 15 16 312
8 25.4 15 16 312
8 25.4 15 16 312
8 25.4 15 16 312
8 25.4 15 16 312
8 25.4 15 16 312
8 25.4 15 16 312
8 25.4 15 16 312
8 25.4 15 16 312
8 25.4 15 16 312
8 25.4 15 16 312
8 25.4 15 16 312
8 25.4 15 16 312
8 25.4 15 16 312
8 25.4 15 16 312
8 25.4 15 16 312
8 25.4 15 16 312
8 25.4 15 16 312
8 25.4 15 16 312
8 25.4 15 16 312
8 25.4 15 16 312
8 25.4 15 16 312
8 25.4 15 16 312
8 25.4 15 16 312
8 25.4 15 16 312
8 25.4 15 16 312
8 25.4 15 16 312
8 25.4 15 16 312
8 25.4 15 16 312
8 25.4 15 16 312
8 25.4 15 16 312
8 25.4 15 16 312
8 25.4 15 16 312
8 25.4 15 16 312
8 25.4 16 17 312
8 25.4 16 17 312
8 25.4 16 17 312
8 25.4 16 17 312
8 25.4 16 17 312
8 25.4 16 17 312
8 25.4 16 17 312
8 25.4 16 17 312
8 25.4 16 17 312
8 25.4 16 17 312
8 25.4 16 17 312
8 25.4 16 17 312
8 25.4 16 17 312
8 25.4 16 17 312
8 25.4 16 17 312
8 25.4 16 17 312
8 25.4 16 17 312
8 25.4 16 17 312
8 25.4 16 17 312
8 25.4 16 17 312
8 25.4 16 17 312
8 25.4 16 17 312
8 25.4 16 17 312
8 25.4 16 17 312
8 25.4 16 17 312
8 25.4 16 17 312
8 25.4 16 17 312
8 25.4 16 17 312
8 25.4 16 17 312
8 25.4 16 17 312
8 25.4 16 17 312
8 25.4 16 17 312
8 25.4 16 17 312
8 25.4 16 17 312
8 25.4 16 17 312
8 25.4 16 17 312
8 25.4 16 17 312
8 25.4 16 17 312
8 25.4 16 17 312
8 25.4 17 18 312
8 25.4 17 18 312
8 25.4 17 18 312
8 25.4 17 18 312
8 25.4 17 18 312
8 25.4 17 18 312
8 25.4 17 18 312
8 25.4 17 18 312
8 25.4 17 18 312
8 25.4 17 18 312
8 25.4 17 18 312
8 25.4 17 18 312
8 25.4 17 18 312
8 25.4 17 18 312
8 25.4 17 18 312
8 25.4 17 18 312
8 25.4 17 18 312
8 25.4 17 18 312
8 25.4 18 19 312
8 25.4 18 19 312
8 25.4 18 19 312
8 25.4 18 19 312
8 25.4 18 19 312
8 25.4 18 19 312
8 25.4 18 19 312
8 25.4 18 19 312
8 25.4 19 20 312
8 25.4 19 20 312
8 25.4 19 20 312
8 25.4 19 20 312
8 25.4 19 20 312
8 25.4 19 20 312
8 25.4 19 20 312
8 25.4 19 20 312
8 25.4 20 21 312
8 25.4 20 21 312
8 25.4 21 22 312
8 25.4 21 22 312
8 25.4 21 22 312
8 25.4 22 23 312
8 25.4 22 23 312
8 25.4 22 23 312
8 25.4 22 23 312
8 25.4 22 23 312
8 25.4 23 24 312
8 25.4 23 24 312
8 25.4 31 32 312
9 27.8 15 16 304
9 27.8 15 16 304
9 27.8 15 16 304
9 27.8 16 17 304
9 27.8 18 19 304
9 27.8 18 19 304
9 27.8 19 20 304
9 27.8 19 20 304
9 27.8 19 20 304
9 27.8 19 20 304
9 27.8 20 21 304
9 27.8 20 21 304
9 27.8 20 21 304
9 27.8 20 21 304
9 27.8 20 21 304
9 27.8 20 21 304
9 27.8 20 21 304
9 27.8 20 21 304
9 27.8 20 21 304
9 27.8 20 21 304
9 27.8 20 21 304
9 27.8 20 21 304
9 27.8 20 21 304
9 27.8 20 21 304
9 27.8 20 21 304
9 27.8 20 21 304
9 27.8 20 21 304
9 27.8 20 21 304
9 27.8 20 21 304
9 27.8 20 21 304
9 27.8 20 21 304
9 27.8 20 21 304
9 27.8 20 21 304
9 27.8 20 21 304
9 27.8 20 21 304
9 27.8 20 21 304
9 27.8 20 21 304
9 27.8 20 21 304
9 27.8 20 21 304
9 27.8 21 22 304
9 27.8 21 22 304
9 27.8 21 22 304
9 27.8 21 22 304
9 27.8 21 22 304
9 27.8 21 22 304
9 27.8 21 22 304
9 27.8 21 22 304
9 27.8 21 22 304
9 27.8 22 23 304
9 27.8 22 23 304
9 27.8 22 23 304
9 27.8 23 24 304
9 27.8 23 24 304
9 27.8 24 25 304
9 27.8 24 25 304
9 27.8 25 26 304
9 27.8 26 27 304
9 27.8 26 27 304
9 27.8 26 27 304
9 27.8 27 28 304
9 27.8 27 28 304
9 27.8 27 28 304
9 27.8 27 28 304
9 27.8 27 28 304
10 27.8 16 17 398
10 27.8 16 17 398
10 27.8 16 17 398
10 27.8 16 17 398
10 27.8 16 17 398
10 27.8 16 17 398
10 27.8 16 17 398
10 27.8 16 17 398
10 27.8 16 17 398
10 27.8 16 17 398
10 27.8 16 17 398
10 27.8 16 17 398
10 27.8 16 17 398
10 27.8 16 17 398
10 27.8 16 17 398
10 27.8 16 17 398
10 27.8 16 17 398
10 27.8 16 17 398
10 27.8 16 17 398
10 27.8 16 17 398
10 27.8 16 17 398
10 27.8 16 17 398
10 27.8 16 17 398
10 27.8 16 17 398
10 27.8 16 17 398
10 27.8 16 17 398
10 27.8 16 17 398
10 27.8 16 17 398
10 27.8 16 17 398
10 27.8 16 17 398
10 27.8 16 17 398
10 27.8 16 17 398
10 27.8 16 17 398
10 27.8 16 17 398
10 27.8 16 17 398
10 27.8 16 17 398
10 27.8 16 17 398
10 27.8 16 17 398
10 27.8 16 17 398
10 27.8 16 17 398
10 27.8 16 17 398
10 27.8 16 17 398
10 27.8 16 17 398
10 27.8 16 17 398
10 27.8 16 17 398
10 27.8 16 17 398
10 27.8 16 17 398
10 27.8 16 17 398
10 27.8 16 17 398
10 27.8 16 17 398
10 27.8 17 18 398
10 27.8 17 18 398
10 27.8 17 18 398
10 27.8 17 18 398
10 27.8 17 18 398
10 27.8 17 18 398
10 27.8 17 18 398
10 27.8 17 18 398
10 27.8 17 18 398
10 27.8 17 18 398
10 27.8 17 18 398
10 27.8 17 18 398
10 27.8 19 20 398
10 27.8 19 20 398
10 27.8 19 20 398
10 27.8 19 20 398
10 27.8 19 20 398
10 27.8 19 20 398
10 27.8 19 20 398
10 27.8 19 20 398
10 27.8 19 20 398
10 27.8 19 20 398
10 27.8 19 20 398
10 27.8 19 20 398
10 27.8 19 20 398
10 27.8 19 20 398
10 27.8 19 20 398
10 27.8 20 21 398
10 27.8 20 21 398
10 27.8 20 21 398
10 27.8 20 21 398
10 27.8 20 21 398
10 27.8 20 21 398
10 27.8 20 21 398
10 27.8 20 21 398
10 27.8 20 21 398
10 27.8 20 21 398
10 27.8 21 22 398
10 27.8 21 22 398
10 27.8 21 22 398
10 27.8 21 22 398
10 27.8 21 22 398
10 27.8 21 22 398
10 27.8 21 22 398
10 27.8 23 24 398
10 27.8 23 24 398
10 27.8 24 25 398
10 27.8 24 25 398
11 27.8 13 14 398
11 27.8 13 14 398
11 27.8 13 14 398
11 27.8 13 14 398
11 27.8 13 14 398
11 27.8 13 14 398
11 27.8 13 14 398
11 27.8 14 15 398
11 27.8 14 15 398
11 27.8 14 15 398
11 27.8 14 15 398
11 27.8 14 15 398
11 27.8 14 15 398
11 27.8 14 15 398
11 27.8 14 15 398
11 27.8 14 15 398
11 27.8 14 15 398
11 27.8 14 15 398
11 27.8 14 15 398
11 27.8 14 15 398
11 27.8 15 16 398
11 27.8 15 16 398
11 27.8 15 16 398
11 27.8 15 16 398
11 27.8 15 16 398
11 27.8 15 16 398
11 27.8 15 16 398
11 27.8 15 16 398
11 27.8 15 16 398
11 27.8 15 16 398
11 27.8 15 16 398
11 27.8 15 16 398
11 27.8 15 16 398
11 27.8 15 16 398
11 27.8 15 16 398
11 27.8 15 16 398
11 27.8 15 16 398
11 27.8 15 16 398
11 27.8 15 16 398
11 27.8 15 16 398
11 27.8 15 16 398
11 27.8 15 16 398
11 27.8 15 16 398
11 27.8 17 18 398
11 27.8 17 18 398
11 27.8 17 18 398
11 27.8 17 18 398
11 27.8 17 18 398
11 27.8 17 18 398
11 27.8 17 18 398
11 27.8 17 18 398
11 27.8 17 18 398
11 27.8 17 18 398
11 27.8 17 18 398
11 27.8 17 18 398
11 27.8 17 18 398
11 27.8 17 18 398
11 27.8 17 18 398
11 27.8 17 18 398
11 27.8 17 18 398
11 27.8 17 18 398
11 27.8 17 18 398
11 27.8 17 18 398
11 27.8 17 18 398
11 27.8 17 18 398
11 27.8 17 18 398
11 27.8 18 19 398
11 27.8 18 19 398
11 27.8 18 19 398
11 27.8 18 19 398
11 27.8 18 19 398
11 27.8 18 19 398
11 27.8 18 19 398
11 27.8 18 19 398
11 27.8 18 19 398
11 27.8 18 19 398
11 27.8 18 19 398
11 27.8 18 19 398
11 27.8 18 19 398
11 27.8 18 19 398
11 27.8 18 19 398
11 27.8 18 19 398
11 27.8 19 20 398
11 27.8 19 20 398
11 27.8 19 20 398
11 27.8 19 20 398
11 27.8 19 20 398
11 27.8 20 21 398
11 27.8 20 21 398
11 27.8 20 21 398
11 27.8 20 21 398
11 27.8 20 21 398
11 27.8 20 21 398
11 27.8 20 21 398
11 27.8 20 21 398
11 27.8 20 21 398
11 27.8 20 21 398
11 27.8 20 21 398
11 27.8 21 22 398
11 27.8 21 22 398
12 29.9 16 17 400
