1 9.9 15 16 59
1 9.9 16 17 59
1 9.9 20 21 59
1 9.9 23 24 59
1 9.9 27 28 59
1 9.9 27 28 59
1 9.9 28 29 59
1 9.9 29 30 59
1 9.9 29 30 59
1 9.9 29 30 59
1 9.9 30 31 59
1 9.9 30 31 59
1 9.9 30 31 59
1 9.9 30 31 59
1 9.9 32 33 59
1 9.9 33 34 59
1 9.9 34 35 59
1 9.9 34 35 59
1 9.9 35 36 59
1 9.9 35 36 59
1 9.9 36 37 59
1 9.9 36 37 59
1 9.9 40 41 59
1 9.9 40 41 59
1 9.9 40 41 59
1 9.9 40 41 59
1 9.9 40 41 59
1 9.9 41 42 59
1 9.9 41 42 59
1 9.9 42 43 59
1 9.9 42 43 59
1 9.9 43 44 59
1 9.9 43 44 59
1 9.9 43 44 59
1 9.9 43 44 59
1 9.9 44 45 59
1 9.9 44 45 59
1 9.9 44 45 59
1 9.9 45 46 59
1 9.9 45 46 59
1 9.9 45 46 59
1 9.9 49 50 59
1 9.9 49 50 59
1 9.9 49 50 59
1 9.9 49 50 59
1 9.9 50 51 59
1 9.9 50 51 59
1 9.9 52 53 59
1 9.9 52 53 59
1 9.9 52 53 59
1 9.9 52 53 59
1 9.9 52 53 59
1 9.9 52 53 59
1 9.9 52 53 59
1 9.9 53 54 59
1 9.9 57 58 59
1 9.9 59 60 59
1 9.9 60 61 59
1 9.9 62 63 59
2 15.2 2 3 69
2 15.2 2 3 69
2 15.2 4 5 69
2 15.2 5 6 69
2 15.2 10 11 69
2 15.2 12 13 69
2 15.2 14 15 69
2 15.2 15 16 69
2 15.2 15 16 69
2 15.2 16 17 69
2 15.2 16 17 69
2 15.2 16 17 69
2 15.2 17 18 69
2 15.2 18 19 69
2 15.2 19 20 69
2 15.2 19 20 69
2 15.2 19 20 69
2 15.2 19 20 69
2 15.2 19 20 69
2 15.2 20 21 69
2 15.2 20 21 69
2 15.2 20 21 69
2 15.2 20 21 69
2 15.2 20 21 69
2 15.2 22 23 69
2 15.2 24 25 69
2 15.2 24 25 69
2 15.2 24 25 69
2 15.2 25 26 69
2 15.2 25 26 69
2 15.2 26 27 69
2 15.2 26 27 69
2 15.2 27 28 69
2 15.2 32 33 69
2 15.2 32 33 69
2 15.2 32 33 69
2 15.2 32 33 69
2 15.2 32 33 69
2 15.2 32 33 69
2 15.2 32 33 69
2 15.2 32 33 69
2 15.2 33 34 69
2 15.2 33 34 69
2 15.2 33 34 69
2 15.2 33 34 69
2 15.2 34 35 69
2 15.2 35 36 69
2 15.2 35 36 69
2 15.2 36 37 69
2 15.2 36 37 69
2 15.2 37 38 69
2 15.2 38 39 69
2 15.2 38 39 69
2 15.2 38 39 69
2 15.2 39 40 69
2 15.2 43 44 69
2 15.2 43 44 69
2 15.2 44 45 69
2 15.2 45 46 69
2 15.2 45 46 69
2 15.2 45 46 69
2 15.2 47 48 69
2 15.2 47 48 69
2 15.2 47 48 69
2 15.2 47 48 69
2 15.2 47 48 69
2 15.2 47 48 69
2 15.2 48 49 69
2 15.2 50 51 69
3 17.4 1 2 63
3 17.4 5 6 63
3 17.4 5 6 63
3 17.4 5 6 63
3 17.4 9 10 63
3 17.4 10 11 63
3 17.4 10 11 63
3 17.4 10 11 63
3 17.4 10 11 63
3 17.4 11 12 63
3 17.4 11 12 63
3 17.4 11 12 63
3 17.4 11 12 63
3 17.4 12 13 63
3 17.4 12 13 63
3 17.4 13 14 63
3 17.4 13 14 63
3 17.4 14 15 63
3 17.4 14 15 63
3 17.4 14 15 63
3 17.4 15 16 63
3 17.4 15 16 63
3 17.4 16 17 63
3 17.4 16 17 63
3 17.4 16 17 63
3 17.4 17 18 63
3 17.4 18 19 63
3 17.4 18 19 63
3 17.4 19 20 63
3 17.4 19 20 63
3 17.4 20 21 63
3 17.4 20 21 63
3 17.4 21 22 63
3 17.4 21 22 63
3 17.4 22 23 63
3 17.4 22 23 63
3 17.4 23 24 63
3 17.4 24 25 63
3 17.4 24 25 63
3 17.4 25 26 63
3 17.4 25 26 63
3 17.4 25 26 63
3 17.4 27 28 63
3 17.4 28 29 63
3 17.4 28 29 63
3 17.4 32 33 63
3 17.4 35 36 63
3 17.4 36 37 63
3 17.4 37 38 63
3 17.4 37 38 63
3 17.4 37 38 63
3 17.4 37 38 63
3 17.4 37 38 63
3 17.4 37 38 63
3 17.4 37 38 63
3 17.4 39 40 63
3 17.4 39 40 63
3 17.4 39 40 63
3 17.4 39 40 63
3 17.4 40 41 63
3 17.4 47 48 63
3 17.4 48 49 63
3 17.4 51 52 63
4 20.4 2 3 65
4 20.4 5 6 65
4 20.4 5 6 65
4 20.4 7 8 65
4 20.4 7 8 65
4 20.4 9 10 65
4 20.4 11 12 65
4 20.4 12 13 65
4 20.4 13 14 65
4 20.4 13 14 65
4 20.4 13 14 65
4 20.4 13 14 65
4 20.4 13 14 65
4 20.4 16 17 65
4 20.4 16 17 65
4 20.4 16 17 65
4 20.4 16 17 65
4 20.4 17 18 65
4 20.4 17 18 65
4 20.4 17 18 65
4 20.4 17 18 65
4 20.4 17 18 65
4 20.4 17 18 65
4 20.4 18 19 65
4 20.4 18 19 65
4 20.4 20 21 65
4 20.4 21 22 65
4 20.4 21 22 65
4 20.4 22 23 65
4 20.4 22 23 65
4 20.4 23 24 65
4 20.4 23 24 65
4 20.4 24 25 65
4 20.4 25 26 65
4 20.4 25 26 65
4 20.4 25 26 65
4 20.4 26 27 65
4 20.4 26 27 65
4 20.4 26 27 65
4 20.4 26 27 65
4 20.4 27 28 65
4 20.4 29 30 65
4 20.4 29 30 65
4 20.4 29 30 65
4 20.4 29 30 65
4 20.4 29 30 65
4 20.4 34 35 65
4 20.4 34 35 65
4 20.4 35 36 65
4 20.4 36 37 65
4 20.4 36 37 65
4 20.4 36 37 65
4 20.4 38 39 65
4 20.4 40 41 65
4 20.4 41 42 65
4 20.4 42 43 65
4 20.4 43 44 65
4 20.4 43 44 65
4 20.4 44 45 65
4 20.4 44 45 65
4 20.4 45 46 65
4 20.4 46 47 65
4 20.4 48 49 65
4 20.4 49 50 65
4 20.4 60 61 65
5 25.4 1 2 62
5 25.4 2 3 62
5 25.4 2 3 62
5 25.4 3 4 62
5 25.4 4 5 62
5 25.4 4 5 62
5 25.4 4 5 62
5 25.4 4 5 62
5 25.4 5 6 62
5 25.4 5 6 62
5 25.4 5 6 62
5 25.4 5 6 62
5 25.4 5 6 62
5 25.4 5 6 62
5 25.4 5 6 62
5 25.4 6 7 62
5 25.4 6 7 62
5 25.4 6 7 62
5 25.4 6 7 62
5 25.4 6 7 62
5 25.4 6 7 62
5 25.4 6 7 62
5 25.4 6 7 62
5 25.4 6 7 62
5 25.4 7 8 62
5 25.4 7 8 62
5 25.4 8 9 62
5 25.4 8 9 62
5 25.4 8 9 62
5 25.4 8 9 62
5 25.4 8 9 62
5 25.4 9 10 62
5 25.4 9 10 62
5 25.4 9 10 62
5 25.4 9 10 62
5 25.4 9 10 62
5 25.4 9 10 62
5 25.4 10 11 62
5 25.4 10 11 62
5 25.4 10 11 62
5 25.4 10 11 62
5 25.4 10 11 62
5 25.4 10 11 62
5 25.4 10 11 62
5 25.4 10 11 62
5 25.4 10 11 62
5 25.4 10 11 62
5 25.4 10 11 62
5 25.4 11 12 62
5 25.4 12 13 62
5 25.4 12 13 62
5 25.4 14 15 62
5 25.4 15 16 62
5 25.4 15 16 62
5 25.4 16 17 62
5 25.4 16 17 62
5 25.4 17 18 62
5 25.4 19 20 62
5 25.4 20 21 62
5 25.4 23 24 62
5 25.4 30 31 62
5 25.4 31 32 62
6 27.8 1 2 56
6 27.8 2 3 56
6 27.8 3 4 56
6 27.8 3 4 56
6 27.8 3 4 56
6 27.8 3 4 56
6 27.8 3 4 56
6 27.8 3 4 56
6 27.8 3 4 56
6 27.8 3 4 56
6 27.8 3 4 56
6 27.8 3 4 56
6 27.8 3 4 56
6 27.8 3 4 56
6 27.8 3 4 56
6 27.8 3 4 56
6 27.8 3 4 56
6 27.8 3 4 56
6 27.8 3 4 56
6 27.8 4 5 56
6 27.8 4 5 56
6 27.8 4 5 56
6 27.8 4 5 56
6 27.8 4 5 56
6 27.8 4 5 56
6 27.8 4 5 56
6 27.8 5 6 56
6 27.8 5 6 56
6 27.8 5 6 56
6 27.8 5 6 56
6 27.8 5 6 56
6 27.8 5 6 56
6 27.8 5 6 56
6 27.8 5 6 56
6 27.8 5 6 56
6 27.8 5 6 56
6 27.8 5 6 56
6 27.8 5 6 56
6 27.8 5 6 56
6 27.8 7 8 56
6 27.8 7 8 56
6 27.8 8 9 56
6 27.8 9 10 56
6 27.8 10 11 56
6 27.8 11 12 56
6 27.8 11 12 56
6 27.8 11 12 56
6 27.8 11 12 56
6 27.8 11 12 56
6 27.8 12 13 56
6 27.8 13 14 56
6 27.8 14 15 56
6 27.8 16 17 56
6 27.8 17 18 56
6 27.8 21 22 56
6 27.8 22 23 56
7 29.9 2 3 54
7 29.9 3 4 54
7 29.9 4 5 54
7 29.9 4 5 54
7 29.9 8 9 54
7 29.9 8 9 54
7 29.9 8 9 54
7 29.9 8 9 54
7 29.9 9 10 54
7 29.9 9 10 54
7 29.9 10 11 54
7 29.9 10 11 54
7 29.9 10 11 54
7 29.9 10 11 54
7 29.9 10 11 54
7 29.9 10 11 54
7 29.9 10 11 54
7 29.9 10 11 54
7 29.9 10 11 54
7 29.9 10 11 54
7 29.9 10 11 54
7 29.9 10 11 54
7 29.9 11 12 54
7 29.9 11 12 54
7 29.9 11 12 54
7 29.9 11 12 54
7 29.9 11 12 54
7 29.9 11 12 54
7 29.9 11 12 54
7 29.9 11 12 54
7 29.9 11 12 54
7 29.9 11 12 54
7 29.9 11 12 54
7 29.9 12 13 54
7 29.9 12 13 54
7 29.9 12 13 54
7 29.9 12 13 54
7 29.9 12 13 54
7 29.9 12 13 54
7 29.9 12 13 54
7 29.9 13 14 54
7 29.9 13 14 54
7 29.9 13 14 54
7 29.9 14 15 54
7 29.9 15 16 54
7 29.9 15 16 54
7 29.9 16 17 54
7 29.9 16 17 54
7 29.9 17 18 54
7 29.9 17 18 54
7 29.9 18 19 54
7 29.9 18 19 54
7 29.9 18 19 54
7 29.9 19 20 54
