1	9.9	4	5	6
1	9.9	4	5	6
1	9.9	5	6	6
1	9.9	5	6	6
1	9.9	5	6	6
1	9.9	5	6	6
1	9.9	5	6	6
1	9.9	5	6	6
1	9.9	5	6	6
1	9.9	5	6	6
1	9.9	5	6	6
1	9.9	5	6	6
1	9.9	5	6	6
1	9.9	5	6	6
1	9.9	6	7	6
1	9.9	6	7	6
1	9.9	6	7	6
1	9.9	6	7	6
1	9.9	6	7	6
1	9.9	6	7	6
1	9.9	6	7	6
1	9.9	6	7	6
1	9.9	7	8	6
1	9.9	7	8	6
1	9.9	8	9	6
1	9.9	8	9	6
1	9.9	8	9	6
1	9.9	8	9	6
1	9.9	8	9	6
1	9.9	8	9	6
1	9.9	8	9	6
1	9.9	8	9	6
1	9.9	8	9	6
1	9.9	8	9	6
1	9.9	8	9	6
1	9.9	8	9	6
1	9.9	8	9	6
1	9.9	9	10	6
1	9.9	9	10	6
1	9.9	9	10	6
1	9.9	9	10	6
1	9.9	9	10	6
1	9.9	9	10	6
1	9.9	9	10	6
1	9.9	9	10	6
1	9.9	10	11	6
1	9.9	10	11	6
1	9.9	10	11	6
1	9.9	10	11	6
1	9.9	10	11	6
1	9.9	10	11	6
1	9.9	10	11	6
1	9.9	10	11	6
1	9.9	10	11	6
1	9.9	10	11	6
1	9.9	10	11	6
1	9.9	10	11	6
1	9.9	10	11	6
1	9.9	10	11	6
1	9.9	10	11	6
1	9.9	10	11	6
1	9.9	10	11	6
1	9.9	10	11	6
1	9.9	11	12	6
1	9.9	11	12	6
1	9.9	12	13	6
1	9.9	12	13	6
1	9.9	12	13	6
1	9.9	12	13	6
1	9.9	12	13	6
1	9.9	12	13	6
1	9.9	12	13	6
1	9.9	12	13	6
1	9.9	13	14	6
1	9.9	13	14	6
1	9.9	13	14	6
1	9.9	14	15	6
1	9.9	14	15	6
1	9.9	14	15	6
1	9.9	14	15	6
1	9.9	14	15	6
1	9.9	14	15	6
1	9.9	14	15	6
1	9.9	14	15	6
1	9.9	14	15	6
1	9.9	14	15	6
1	9.9	14	15	6
1	9.9	14	15	6
1	9.9	14	15	6
1	9.9	14	15	6
1	9.9	14	15	6
1	9.9	14	15	6
1	9.9	14	15	6
1	9.9	14	15	6
1	9.9	14	15	6
1	9.9	14	15	6
1	9.9	14	15	6
1	9.9	14	15	6
1	9.9	15	16	6
1	9.9	15	16	6
1	9.9	15	16	6
1	9.9	15	16	6
1	9.9	16	17	6
1	9.9	16	17	6
1	9.9	17	18	6
1	9.9	17	18	6
1	9.9	17	18	6
1	9.9	18	19	6
1	9.9	18	19	6
1	9.9	19	20	6
1	9.9	19	20	6
1	9.9	19	20	6
1	9.9	20	21	6
1	9.9	22	23	6
1	9.9	23	24	6
1	9.9	23	24	6
1	9.9	23	24	6
1	9.9	23	24	6
1	9.9	23	24	6
1	9.9	23	24	6
1	9.9	24	25	6
1	9.9	30	31	6
1	9.9	30	31	6
1	9.9	30	31	6
1	9.9	30	31	6
1	9.9	36	37	6
1	9.9	39	40	6
1	9.9	2	3	6
1	9.9	2	3	6
1	9.9	2	3	6
1	9.9	2	3	6
1	9.9	2	3	6
1	9.9	2	3	6
1	9.9	2	3	6
1	9.9	2	3	6
1	9.9	2	3	6
1	9.9	2	3	6
1	9.9	3	4	6
1	9.9	3	4	6
1	9.9	3	4	6
1	9.9	3	4	6
1	9.9	3	4	6
1	9.9	3	4	6
1	9.9	4	5	6
1	9.9	4	5	6
1	9.9	4	5	6
1	9.9	4	5	6
1	9.9	4	5	6
1	9.9	4	5	6
1	9.9	4	5	6
1	9.9	5	6	6
1	9.9	5	6	6
1	9.9	6	7	6
1	9.9	6	7	6
1	9.9	7	8	6
1	9.9	7	8	6
1	9.9	7	8	6
1	9.9	7	8	6
1	9.9	7	8	6
1	9.9	7	8	6
1	9.9	7	8	6
1	9.9	7	8	6
1	9.9	7	8	6
1	9.9	7	8	6
1	9.9	8	9	6
1	9.9	8	9	6
1	9.9	8	9	6
1	9.9	9	10	6
1	9.9	9	10	6
1	9.9	9	10	6
1	9.9	9	10	6
1	9.9	9	10	6
1	9.9	9	10	6
1	9.9	9	10	6
1	9.9	9	10	6
1	9.9	10	11	6
1	9.9	10	11	6
1	9.9	10	11	6
1	9.9	10	11	6
1	9.9	10	11	6
1	9.9	10	11	6
1	9.9	10	11	6
1	9.9	10	11	6
1	9.9	10	11	6
1	9.9	10	11	6
1	9.9	10	11	6
1	9.9	10	11	6
1	9.9	10	11	6
1	9.9	10	11	6
1	9.9	10	11	6
1	9.9	10	11	6
1	9.9	10	11	6
1	9.9	10	11	6
1	9.9	10	11	6
1	9.9	10	11	6
1	9.9	10	11	6
1	9.9	11	12	6
1	9.9	11	12	6
1	9.9	11	12	6
1	9.9	11	12	6
1	9.9	11	12	6
1	9.9	11	12	6
1	9.9	11	12	6
1	9.9	11	12	6
1	9.9	11	12	6
1	9.9	11	12	6
1	9.9	12	13	6
1	9.9	12	13	6
1	9.9	12	13	6
1	9.9	12	13	6
1	9.9	12	13	6
1	9.9	13	14	6
1	9.9	13	14	6
1	9.9	13	14	6
1	9.9	13	14	6
1	9.9	13	14	6
1	9.9	13	14	6
1	9.9	13	14	6
1	9.9	13	14	6
1	9.9	13	14	6
1	9.9	13	14	6
1	9.9	13	14	6
1	9.9	13	14	6
1	9.9	13	14	6
1	9.9	13	14	6
1	9.9	13	14	6
1	9.9	13	14	6
1	9.9	13	14	6
1	9.9	13	14	6
1	9.9	14	15	6
1	9.9	14	15	6
1	9.9	15	16	6
1	9.9	15	16	6
1	9.9	15	16	6
1	9.9	16	17	6
1	9.9	16	17	6
1	9.9	17	18	6
1	9.9	18	19	6
1	9.9	18	19	6
1	9.9	18	19	6
1	9.9	18	19	6
1	9.9	19	20	6
1	9.9	20	21	6
1	9.9	20	21	6
1	9.9	20	21	6
1	9.9	20	21	6
1	9.9	20	21	6
1	9.9	22	23	6
1	9.9	22	23	6
1	9.9	22	23	6
1	9.9	23	24	6
1	9.9	29	30	6
1	9.9	29	30	6
1	9.9	30	31	6
1	9.9	30	31	6
1	9.9	30	31	6
1	9.9	4	5	6
1	9.9	4	5	6
1	9.9	4	5	6
1	9.9	5	6	6
1	9.9	5	6	6
1	9.9	6	7	6
1	9.9	6	7	6
1	9.9	6	7	6
1	9.9	6	7	6
1	9.9	6	7	6
1	9.9	6	7	6
1	9.9	6	7	6
1	9.9	7	8	6
1	9.9	7	8	6
1	9.9	7	8	6
1	9.9	7	8	6
1	9.9	7	8	6
1	9.9	7	8	6
1	9.9	8	9	6
1	9.9	8	9	6
1	9.9	8	9	6
1	9.9	8	9	6
1	9.9	8	9	6
1	9.9	8	9	6
1	9.9	8	9	6
1	9.9	8	9	6
1	9.9	8	9	6
1	9.9	8	9	6
1	9.9	8	9	6
1	9.9	8	9	6
1	9.9	8	9	6
1	9.9	8	9	6
1	9.9	9	10	6
1	9.9	9	10	6
1	9.9	9	10	6
1	9.9	9	10	6
1	9.9	9	10	6
1	9.9	9	10	6
1	9.9	9	10	6
1	9.9	9	10	6
1	9.9	9	10	6
1	9.9	9	10	6
1	9.9	9	10	6
1	9.9	9	10	6
1	9.9	10	11	6
1	9.9	10	11	6
1	9.9	10	11	6
1	9.9	10	11	6
1	9.9	10	11	6
1	9.9	10	11	6
1	9.9	10	11	6
1	9.9	10	11	6
1	9.9	10	11	6
1	9.9	10	11	6
1	9.9	10	11	6
1	9.9	10	11	6
1	9.9	10	11	6
1	9.9	10	11	6
1	9.9	10	11	6
1	9.9	10	11	6
1	9.9	10	11	6
1	9.9	10	11	6
1	9.9	10	11	6
1	9.9	10	11	6
1	9.9	10	11	6
1	9.9	10	11	6
1	9.9	11	12	6
1	9.9	11	12	6
1	9.9	11	12	6
1	9.9	11	12	6
1	9.9	11	12	6
1	9.9	11	12	6
1	9.9	11	12	6
1	9.9	11	12	6
1	9.9	11	12	6
1	9.9	11	12	6
1	9.9	12	13	6
1	9.9	12	13	6
1	9.9	12	13	6
1	9.9	12	13	6
1	9.9	12	13	6
1	9.9	12	13	6
1	9.9	12	13	6
1	9.9	12	13	6
1	9.9	12	13	6
1	9.9	12	13	6
1	9.9	12	13	6
1	9.9	13	14	6
1	9.9	13	14	6
1	9.9	13	14	6
1	9.9	13	14	6
1	9.9	13	14	6
1	9.9	13	14	6
1	9.9	13	14	6
1	9.9	13	14	6
1	9.9	13	14	6
1	9.9	13	14	6
1	9.9	14	15	6
1	9.9	14	15	6
1	9.9	14	15	6
1	9.9	14	15	6
1	9.9	14	15	6
1	9.9	14	15	6
1	9.9	14	15	6
1	9.9	14	15	6
1	9.9	14	15	6
1	9.9	14	15	6
1	9.9	14	15	6
1	9.9	14	15	6
1	9.9	15	16	6
1	9.9	15	16	6
1	9.9	15	16	6
1	9.9	15	16	6
1	9.9	15	16	6
1	9.9	15	16	6
1	9.9	15	16	6
1	9.9	15	16	6
1	9.9	15	16	6
1	9.9	15	16	6
1	9.9	15	16	6
1	9.9	15	16	6
1	9.9	15	16	6
1	9.9	15	16	6
1	9.9	15	16	6
1	9.9	15	16	6
1	9.9	15	16	6
1	9.9	15	16	6
1	9.9	16	17	6
1	9.9	16	17	6
1	9.9	16	17	6
1	9.9	17	18	6
1	9.9	17	18	6
1	9.9	18	19	6
1	9.9	18	19	6
1	9.9	20	21	6
1	9.9	20	21	6
1	9.9	20	21	6
1	9.9	20	21	6
1	9.9	20	21	6
1	9.9	20	21	6
1	9.9	21	22	6
1	9.9	21	22	6
1	9.9	22	23	6
1	9.9	23	24	6
1	9.9	23	24	6
1	9.9	27	28	6
1	9.9	27	28	6
1	9.9	27	28	6
1	9.9	27	28	6
1	9.9	27	28	6
1	9.9	27	28	6
1	9.9	28	29	6
1	9.9	34	35	6
1	9.9	34	35	6
1	9.9	34	35	6
1	9.9	34	35	6
1	9.9	35	36	6
1	9.9	3	4	6
1	9.9	3	4	6
1	9.9	3	4	6
1	9.9	3	4	6
1	9.9	4	5	6
1	9.9	5	6	6
1	9.9	5	6	6
1	9.9	5	6	6
1	9.9	5	6	6
1	9.9	6	7	6
1	9.9	6	7	6
1	9.9	6	7	6
1	9.9	6	7	6
1	9.9	6	7	6
1	9.9	6	7	6
1	9.9	6	7	6
1	9.9	6	7	6
1	9.9	7	8	6
1	9.9	7	8	6
1	9.9	7	8	6
1	9.9	7	8	6
1	9.9	7	8	6
1	9.9	7	8	6
1	9.9	7	8	6
1	9.9	8	9	6
1	9.9	8	9	6
1	9.9	8	9	6
1	9.9	9	10	6
1	9.9	9	10	6
1	9.9	9	10	6
1	9.9	9	10	6
1	9.9	9	10	6
1	9.9	9	10	6
1	9.9	9	10	6
1	9.9	9	10	6
1	9.9	9	10	6
1	9.9	9	10	6
1	9.9	9	10	6
1	9.9	9	10	6
1	9.9	10	11	6
1	9.9	10	11	6
1	9.9	10	11	6
1	9.9	10	11	6
1	9.9	10	11	6
1	9.9	10	11	6
1	9.9	10	11	6
1	9.9	10	11	6
1	9.9	10	11	6
1	9.9	10	11	6
1	9.9	10	11	6
1	9.9	10	11	6
1	9.9	10	11	6
1	9.9	10	11	6
1	9.9	10	11	6
1	9.9	10	11	6
1	9.9	10	11	6
1	9.9	10	11	6
1	9.9	10	11	6
1	9.9	11	12	6
1	9.9	11	12	6
1	9.9	11	12	6
1	9.9	11	12	6
1	9.9	11	12	6
1	9.9	11	12	6
1	9.9	12	13	6
1	9.9	12	13	6
1	9.9	12	13	6
1	9.9	12	13	6
1	9.9	12	13	6
1	9.9	12	13	6
1	9.9	12	13	6
1	9.9	12	13	6
1	9.9	12	13	6
1	9.9	12	13	6
1	9.9	13	14	6
1	9.9	13	14	6
1	9.9	13	14	6
1	9.9	13	14	6
1	9.9	13	14	6
1	9.9	13	14	6
1	9.9	13	14	6
1	9.9	13	14	6
1	9.9	14	15	6
1	9.9	14	15	6
1	9.9	14	15	6
1	9.9	14	15	6
1	9.9	14	15	6
1	9.9	14	15	6
1	9.9	14	15	6
1	9.9	14	15	6
1	9.9	14	15	6
1	9.9	14	15	6
1	9.9	15	16	6
1	9.9	15	16	6
1	9.9	15	16	6
1	9.9	15	16	6
1	9.9	15	16	6
1	9.9	15	16	6
1	9.9	15	16	6
1	9.9	16	17	6
1	9.9	16	17	6
1	9.9	16	17	6
1	9.9	16	17	6
1	9.9	17	18	6
1	9.9	17	18	6
1	9.9	19	20	6
1	9.9	19	20	6
1	9.9	19	20	6
1	9.9	19	20	6
1	9.9	19	20	6
1	9.9	19	20	6
1	9.9	19	20	6
1	9.9	19	20	6
1	9.9	20	21	6
1	9.9	20	21	6
1	9.9	21	22	6
1	9.9	21	22	6
1	9.9	22	23	6
1	9.9	22	23	6
1	9.9	22	23	6
1	9.9	22	23	6
1	9.9	26	27	6
1	9.9	26	27	6
1	9.9	26	27	6
1	9.9	26	27	6
1	9.9	26	27	6
1	9.9	26	27	6
1	9.9	26	27	6
1	9.9	26	27	6
1	9.9	26	27	6
1	9.9	26	27	6
1	9.9	26	27	6
1	9.9	26	27	6
1	9.9	26	27	6
1	9.9	27	28	6
1	9.9	28	29	6
1	9.9	29	30	6
1	9.9	30	31	6
1	9.9	30	31	6
1	9.9	30	31	6
1	9.9	33	34	6
1	9.9	33	34	6
1	9.9	33	34	6
1	9.9	34	35	6
1	9.9	40	41	6
1	9.9	40	41	6
1	9.9	3	4	6
1	9.9	3	4	6
1	9.9	3	4	6
1	9.9	3	4	6
1	9.9	3	4	6
1	9.9	4	5	6
1	9.9	4	5	6
1	9.9	5	6	6
1	9.9	5	6	6
1	9.9	5	6	6
1	9.9	5	6	6
1	9.9	5	6	6
1	9.9	5	6	6
1	9.9	5	6	6
1	9.9	5	6	6
1	9.9	5	6	6
1	9.9	5	6	6
1	9.9	5	6	6
1	9.9	5	6	6
1	9.9	6	7	6
1	9.9	6	7	6
1	9.9	6	7	6
1	9.9	6	7	6
1	9.9	6	7	6
1	9.9	6	7	6
1	9.9	7	8	6
1	9.9	7	8	6
1	9.9	7	8	6
1	9.9	7	8	6
1	9.9	7	8	6
1	9.9	7	8	6
1	9.9	7	8	6
1	9.9	7	8	6
1	9.9	8	9	6
1	9.9	8	9	6
1	9.9	8	9	6
1	9.9	8	9	6
1	9.9	8	9	6
1	9.9	8	9	6
1	9.9	8	9	6
1	9.9	8	9	6
1	9.9	8	9	6
1	9.9	8	9	6
1	9.9	8	9	6
1	9.9	8	9	6
1	9.9	8	9	6
1	9.9	8	9	6
1	9.9	8	9	6
1	9.9	8	9	6
1	9.9	8	9	6
1	9.9	8	9	6
1	9.9	8	9	6
1	9.9	8	9	6
1	9.9	8	9	6
1	9.9	8	9	6
1	9.9	8	9	6
1	9.9	8	9	6
1	9.9	8	9	6
1	9.9	8	9	6
1	9.9	8	9	6
1	9.9	8	9	6
1	9.9	8	9	6
1	9.9	8	9	6
1	9.9	8	9	6
1	9.9	8	9	6
1	9.9	9	10	6
1	9.9	9	10	6
1	9.9	9	10	6
1	9.9	9	10	6
1	9.9	9	10	6
1	9.9	9	10	6
1	9.9	9	10	6
1	9.9	9	10	6
1	9.9	9	10	6
1	9.9	9	10	6
1	9.9	9	10	6
1	9.9	9	10	6
1	9.9	9	10	6
1	9.9	9	10	6
1	9.9	9	10	6
1	9.9	10	11	6
1	9.9	10	11	6
1	9.9	10	11	6
1	9.9	10	11	6
1	9.9	10	11	6
1	9.9	10	11	6
1	9.9	11	12	6
1	9.9	11	12	6
1	9.9	11	12	6
1	9.9	11	12	6
1	9.9	11	12	6
1	9.9	11	12	6
1	9.9	11	12	6
1	9.9	11	12	6
1	9.9	11	12	6
1	9.9	11	12	6
1	9.9	11	12	6
1	9.9	11	12	6
1	9.9	11	12	6
1	9.9	11	12	6
1	9.9	11	12	6
1	9.9	11	12	6
1	9.9	11	12	6
1	9.9	11	12	6
1	9.9	11	12	6
1	9.9	12	13	6
1	9.9	12	13	6
1	9.9	12	13	6
1	9.9	12	13	6
1	9.9	13	14	6
1	9.9	13	14	6
1	9.9	13	14	6
1	9.9	13	14	6
1	9.9	13	14	6
1	9.9	13	14	6
1	9.9	13	14	6
1	9.9	13	14	6
1	9.9	13	14	6
1	9.9	14	15	6
1	9.9	14	15	6
1	9.9	14	15	6
1	9.9	14	15	6
1	9.9	14	15	6
1	9.9	14	15	6
1	9.9	15	16	6
1	9.9	15	16	6
1	9.9	15	16	6
1	9.9	15	16	6
1	9.9	15	16	6
1	9.9	15	16	6
1	9.9	15	16	6
1	9.9	16	17	6
1	9.9	16	17	6
1	9.9	16	17	6
1	9.9	17	18	6
1	9.9	17	18	6
1	9.9	17	18	6
1	9.9	17	18	6
1	9.9	19	20	6
1	9.9	19	20	6
1	9.9	19	20	6
1	9.9	19	20	6
1	9.9	19	20	6
1	9.9	19	20	6
1	9.9	19	20	6
1	9.9	19	20	6
1	9.9	20	21	6
1	9.9	20	21	6
1	9.9	20	21	6
1	9.9	20	21	6
1	9.9	20	21	6
1	9.9	20	21	6
1	9.9	21	22	6
1	9.9	22	23	6
1	9.9	22	23	6
1	9.9	22	23	6
1	9.9	22	23	6
1	9.9	26	27	6
1	9.9	26	27	6
1	9.9	26	27	6
1	9.9	26	27	6
1	9.9	26	27	6
1	9.9	26	27	6
1	9.9	26	27	6
1	9.9	26	27	6
1	9.9	27	28	6
1	9.9	3	4	6
1	9.9	4	5	6
1	9.9	4	5	6
1	9.9	4	5	6
1	9.9	5	6	6
1	9.9	6	7	6
1	9.9	6	7	6
1	9.9	6	7	6
1	9.9	6	7	6
1	9.9	6	7	6
1	9.9	6	7	6
1	9.9	6	7	6
1	9.9	6	7	6
1	9.9	6	7	6
1	9.9	6	7	6
1	9.9	6	7	6
1	9.9	7	8	6
1	9.9	7	8	6
1	9.9	7	8	6
1	9.9	7	8	6
1	9.9	7	8	6
1	9.9	7	8	6
1	9.9	7	8	6
1	9.9	7	8	6
1	9.9	8	9	6
1	9.9	8	9	6
1	9.9	8	9	6
1	9.9	8	9	6
1	9.9	8	9	6
1	9.9	8	9	6
1	9.9	8	9	6
1	9.9	8	9	6
1	9.9	8	9	6
1	9.9	8	9	6
1	9.9	8	9	6
1	9.9	8	9	6
1	9.9	8	9	6
1	9.9	8	9	6
1	9.9	9	10	6
1	9.9	9	10	6
1	9.9	9	10	6
1	9.9	9	10	6
1	9.9	9	10	6
1	9.9	9	10	6
1	9.9	9	10	6
1	9.9	9	10	6
1	9.9	9	10	6
1	9.9	9	10	6
1	9.9	9	10	6
1	9.9	10	11	6
1	9.9	10	11	6
1	9.9	10	11	6
1	9.9	10	11	6
1	9.9	10	11	6
1	9.9	10	11	6
1	9.9	10	11	6
1	9.9	10	11	6
1	9.9	10	11	6
1	9.9	10	11	6
1	9.9	10	11	6
1	9.9	10	11	6
1	9.9	10	11	6
1	9.9	10	11	6
1	9.9	10	11	6
1	9.9	11	12	6
1	9.9	11	12	6
1	9.9	12	13	6
1	9.9	12	13	6
1	9.9	12	13	6
1	9.9	12	13	6
1	9.9	12	13	6
1	9.9	12	13	6
1	9.9	12	13	6
1	9.9	12	13	6
1	9.9	12	13	6
1	9.9	12	13	6
1	9.9	12	13	6
1	9.9	12	13	6
1	9.9	13	14	6
1	9.9	13	14	6
1	9.9	13	14	6
1	9.9	13	14	6
1	9.9	13	14	6
1	9.9	13	14	6
1	9.9	14	15	6
1	9.9	14	15	6
1	9.9	14	15	6
1	9.9	14	15	6
1	9.9	14	15	6
1	9.9	14	15	6
1	9.9	14	15	6
1	9.9	14	15	6
1	9.9	14	15	6
1	9.9	15	16	6
1	9.9	15	16	6
1	9.9	15	16	6
1	9.9	15	16	6
1	9.9	16	17	6
1	9.9	16	17	6
1	9.9	16	17	6
1	9.9	16	17	6
1	9.9	17	18	6
1	9.9	17	18	6
1	9.9	17	18	6
1	9.9	17	18	6
1	9.9	19	20	6
1	9.9	19	20	6
1	9.9	19	20	6
1	9.9	19	20	6
1	9.9	19	20	6
1	9.9	19	20	6
1	9.9	19	20	6
1	9.9	19	20	6
1	9.9	19	20	6
1	9.9	19	20	6
1	9.9	19	20	6
1	9.9	20	21	6
1	9.9	20	21	6
1	9.9	21	22	6
1	9.9	22	23	6
1	9.9	22	23	6
1	9.9	26	27	6
1	9.9	26	27	6
1	9.9	26	27	6
1	9.9	26	27	6
1	9.9	26	27	6
1	9.9	26	27	6
1	9.9	26	27	6
1	9.9	26	27	6
1	9.9	26	27	6
1	9.9	27	28	6
1	9.9	28	29	6
1	9.9	28	29	6
1	9.9	29	30	6
1	9.9	29	30	6
1	9.9	30	31	6
1	9.9	30	31	6
1	9.9	30	31	6
1	9.9	30	31	6
1	9.9	36	37	6
1	9.9	42	43	6
1	9.9	42	43	6
1	9.9	42	43	6
1	9.9	42	43	6
1	9.9	42	43	6
2	15.2	1	2	6
2	15.2	1	2	6
2	15.2	1	2	6
2	15.2	1	2	6
2	15.2	1	2	6
2	15.2	1	2	6
2	15.2	1	2	6
2	15.2	1	2	6
2	15.2	2	3	6
2	15.2	2	3	6
2	15.2	2	3	6
2	15.2	2	3	6
2	15.2	2	3	6
2	15.2	2	3	6
2	15.2	2	3	6
2	15.2	2	3	6
2	15.2	2	3	6
2	15.2	2	3	6
2	15.2	2	3	6
2	15.2	2	3	6
2	15.2	2	3	6
2	15.2	2	3	6
2	15.2	2	3	6
2	15.2	2	3	6
2	15.2	2	3	6
2	15.2	2	3	6
2	15.2	2	3	6
2	15.2	2	3	6
2	15.2	2	3	6
2	15.2	2	3	6
2	15.2	3	4	6
2	15.2	3	4	6
2	15.2	3	4	6
2	15.2	3	4	6
2	15.2	3	4	6
2	15.2	3	4	6
2	15.2	3	4	6
2	15.2	3	4	6
2	15.2	3	4	6
2	15.2	3	4	6
2	15.2	3	4	6
2	15.2	3	4	6
2	15.2	3	4	6
2	15.2	3	4	6
2	15.2	3	4	6
2	15.2	3	4	6
2	15.2	3	4	6
2	15.2	3	4	6
2	15.2	3	4	6
2	15.2	3	4	6
2	15.2	3	4	6
2	15.2	3	4	6
2	15.2	3	4	6
2	15.2	4	5	6
2	15.2	4	5	6
2	15.2	4	5	6
2	15.2	4	5	6
2	15.2	4	5	6
2	15.2	4	5	6
2	15.2	4	5	6
2	15.2	4	5	6
2	15.2	4	5	6
2	15.2	4	5	6
2	15.2	4	5	6
2	15.2	4	5	6
2	15.2	4	5	6
2	15.2	4	5	6
2	15.2	5	6	6
2	15.2	5	6	6
2	15.2	5	6	6
2	15.2	5	6	6
2	15.2	5	6	6
2	15.2	5	6	6
2	15.2	5	6	6
2	15.2	5	6	6
2	15.2	6	7	6
2	15.2	6	7	6
2	15.2	6	7	6
2	15.2	6	7	6
2	15.2	6	7	6
2	15.2	6	7	6
2	15.2	6	7	6
2	15.2	6	7	6
2	15.2	6	7	6
2	15.2	6	7	6
2	15.2	6	7	6
2	15.2	6	7	6
2	15.2	6	7	6
2	15.2	6	7	6
2	15.2	6	7	6
2	15.2	6	7	6
2	15.2	6	7	6
2	15.2	6	7	6
2	15.2	6	7	6
2	15.2	6	7	6
2	15.2	7	8	6
2	15.2	7	8	6
2	15.2	7	8	6
2	15.2	7	8	6
2	15.2	7	8	6
2	15.2	7	8	6
2	15.2	7	8	6
2	15.2	7	8	6
2	15.2	7	8	6
2	15.2	7	8	6
2	15.2	7	8	6
2	15.2	7	8	6
2	15.2	7	8	6
2	15.2	7	8	6
2	15.2	8	9	6
2	15.2	8	9	6
2	15.2	8	9	6
2	15.2	8	9	6
2	15.2	8	9	6
2	15.2	8	9	6
2	15.2	8	9	6
2	15.2	8	9	6
2	15.2	8	9	6
2	15.2	8	9	6
2	15.2	9	10	6
2	15.2	9	10	6
2	15.2	9	10	6
2	15.2	9	10	6
2	15.2	9	10	6
2	15.2	9	10	6
2	15.2	9	10	6
2	15.2	9	10	6
2	15.2	9	10	6
2	15.2	9	10	6
2	15.2	9	10	6
2	15.2	9	10	6
2	15.2	9	10	6
2	15.2	9	10	6
2	15.2	9	10	6
2	15.2	9	10	6
2	15.2	9	10	6
2	15.2	9	10	6
2	15.2	9	10	6
2	15.2	10	11	6
2	15.2	10	11	6
2	15.2	10	11	6
2	15.2	10	11	6
2	15.2	10	11	6
2	15.2	10	11	6
2	15.2	10	11	6
2	15.2	10	11	6
2	15.2	10	11	6
2	15.2	10	11	6
2	15.2	10	11	6
2	15.2	11	12	6
2	15.2	11	12	6
2	15.2	11	12	6
2	15.2	11	12	6
2	15.2	11	12	6
2	15.2	11	12	6
2	15.2	11	12	6
2	15.2	11	12	6
2	15.2	11	12	6
2	15.2	12	13	6
2	15.2	12	13	6
2	15.2	12	13	6
2	15.2	12	13	6
2	15.2	12	13	6
2	15.2	12	13	6
2	15.2	12	13	6
2	15.2	12	13	6
2	15.2	12	13	6
2	15.2	12	13	6
2	15.2	12	13	6
2	15.2	13	14	6
2	15.2	13	14	6
2	15.2	13	14	6
2	15.2	13	14	6
2	15.2	14	15	6
2	15.2	14	15	6
2	15.2	14	15	6
2	15.2	14	15	6
2	15.2	14	15	6
2	15.2	15	16	6
2	15.2	15	16	6
2	15.2	15	16	6
2	15.2	15	16	6
2	15.2	15	16	6
2	15.2	15	16	6
2	15.2	15	16	6
2	15.2	15	16	6
2	15.2	16	17	6
2	15.2	16	17	6
2	15.2	17	18	6
2	15.2	17	18	6
2	15.2	18	19	6
2	15.2	18	19	6
2	15.2	18	19	6
2	15.2	18	19	6
2	15.2	18	19	6
2	15.2	18	19	6
2	15.2	20	21	6
2	15.2	20	21	6
2	15.2	20	21	6
2	15.2	0.5	1	6
2	15.2	0.5	1	6
2	15.2	0.5	1	6
2	15.2	0.5	1	6
2	15.2	0.5	1	6
2	15.2	0.5	1	6
2	15.2	0.5	1	6
2	15.2	0.5	1	6
2	15.2	0.5	1	6
2	15.2	1	2	6
2	15.2	1	2	6
2	15.2	1	2	6
2	15.2	1	2	6
2	15.2	1	2	6
2	15.2	1	2	6
2	15.2	1	2	6
2	15.2	1	2	6
2	15.2	1	2	6
2	15.2	1	2	6
2	15.2	1	2	6
2	15.2	1	2	6
2	15.2	1	2	6
2	15.2	1	2	6
2	15.2	1	2	6
2	15.2	1	2	6
2	15.2	1	2	6
2	15.2	1	2	6
2	15.2	1	2	6
2	15.2	1	2	6
2	15.2	1	2	6
2	15.2	1	2	6
2	15.2	1	2	6
2	15.2	1	2	6
2	15.2	1	2	6
2	15.2	1	2	6
2	15.2	1	2	6
2	15.2	1	2	6
2	15.2	1	2	6
2	15.2	1	2	6
2	15.2	1	2	6
2	15.2	1	2	6
2	15.2	2	3	6
2	15.2	2	3	6
2	15.2	2	3	6
2	15.2	2	3	6
2	15.2	2	3	6
2	15.2	2	3	6
2	15.2	2	3	6
2	15.2	2	3	6
2	15.2	2	3	6
2	15.2	2	3	6
2	15.2	2	3	6
2	15.2	2	3	6
2	15.2	2	3	6
2	15.2	2	3	6
2	15.2	2	3	6
2	15.2	2	3	6
2	15.2	2	3	6
2	15.2	2	3	6
2	15.2	2	3	6
2	15.2	2	3	6
2	15.2	2	3	6
2	15.2	2	3	6
2	15.2	2	3	6
2	15.2	2	3	6
2	15.2	2	3	6
2	15.2	2	3	6
2	15.2	2	3	6
2	15.2	2	3	6
2	15.2	2	3	6
2	15.2	2	3	6
2	15.2	2	3	6
2	15.2	2	3	6
2	15.2	2	3	6
2	15.2	2	3	6
2	15.2	2	3	6
2	15.2	2	3	6
2	15.2	2	3	6
2	15.2	2	3	6
2	15.2	2	3	6
2	15.2	2	3	6
2	15.2	2	3	6
2	15.2	2	3	6
2	15.2	2	3	6
2	15.2	2	3	6
2	15.2	2	3	6
2	15.2	2	3	6
2	15.2	2	3	6
2	15.2	2	3	6
2	15.2	2	3	6
2	15.2	2	3	6
2	15.2	2	3	6
2	15.2	2	3	6
2	15.2	2	3	6
2	15.2	2	3	6
2	15.2	2	3	6
2	15.2	2	3	6
2	15.2	2	3	6
2	15.2	2	3	6
2	15.2	2	3	6
2	15.2	3	4	6
2	15.2	3	4	6
2	15.2	3	4	6
2	15.2	3	4	6
2	15.2	3	4	6
2	15.2	3	4	6
2	15.2	3	4	6
2	15.2	3	4	6
2	15.2	3	4	6
2	15.2	3	4	6
2	15.2	3	4	6
2	15.2	3	4	6
2	15.2	3	4	6
2	15.2	3	4	6
2	15.2	3	4	6
2	15.2	3	4	6
2	15.2	3	4	6
2	15.2	3	4	6
2	15.2	3	4	6
2	15.2	3	4	6
2	15.2	3	4	6
2	15.2	3	4	6
2	15.2	3	4	6
2	15.2	3	4	6
2	15.2	3	4	6
2	15.2	3	4	6
2	15.2	3	4	6
2	15.2	3	4	6
2	15.2	3	4	6
2	15.2	3	4	6
2	15.2	3	4	6
2	15.2	3	4	6
2	15.2	3	4	6
2	15.2	3	4	6
2	15.2	3	4	6
2	15.2	3	4	6
2	15.2	3	4	6
2	15.2	3	4	6
2	15.2	3	4	6
2	15.2	3	4	6
2	15.2	3	4	6
2	15.2	3	4	6
2	15.2	3	4	6
2	15.2	3	4	6
2	15.2	3	4	6
2	15.2	3	4	6
2	15.2	3	4	6
2	15.2	3	4	6
2	15.2	3	4	6
2	15.2	3	4	6
2	15.2	3	4	6
2	15.2	3	4	6
2	15.2	3	4	6
2	15.2	3	4	6
2	15.2	3	4	6
2	15.2	3	4	6
2	15.2	3	4	6
2	15.2	4	5	6
2	15.2	4	5	6
2	15.2	4	5	6
2	15.2	4	5	6
2	15.2	4	5	6
2	15.2	4	5	6
2	15.2	4	5	6
2	15.2	4	5	6
2	15.2	4	5	6
2	15.2	4	5	6
2	15.2	4	5	6
2	15.2	4	5	6
2	15.2	4	5	6
2	15.2	4	5	6
2	15.2	4	5	6
2	15.2	4	5	6
2	15.2	4	5	6
2	15.2	4	5	6
2	15.2	4	5	6
2	15.2	4	5	6
2	15.2	4	5	6
2	15.2	4	5	6
2	15.2	4	5	6
2	15.2	4	5	6
2	15.2	4	5	6
2	15.2	4	5	6
2	15.2	4	5	6
2	15.2	4	5	6
2	15.2	4	5	6
2	15.2	4	5	6
2	15.2	4	5	6
2	15.2	4	5	6
2	15.2	4	5	6
2	15.2	5	6	6
2	15.2	5	6	6
2	15.2	5	6	6
2	15.2	5	6	6
2	15.2	5	6	6
2	15.2	5	6	6
2	15.2	5	6	6
2	15.2	5	6	6
2	15.2	5	6	6
2	15.2	5	6	6
2	15.2	5	6	6
2	15.2	5	6	6
2	15.2	5	6	6
2	15.2	5	6	6
2	15.2	5	6	6
2	15.2	5	6	6
2	15.2	5	6	6
2	15.2	5	6	6
2	15.2	5	6	6
2	15.2	5	6	6
2	15.2	5	6	6
2	15.2	5	6	6
2	15.2	5	6	6
2	15.2	5	6	6
2	15.2	5	6	6
2	15.2	5	6	6
2	15.2	5	6	6
2	15.2	5	6	6
2	15.2	5	6	6
2	15.2	5	6	6
2	15.2	5	6	6
2	15.2	5	6	6
2	15.2	6	7	6
2	15.2	6	7	6
2	15.2	6	7	6
2	15.2	6	7	6
2	15.2	6	7	6
2	15.2	6	7	6
2	15.2	6	7	6
2	15.2	6	7	6
2	15.2	6	7	6
2	15.2	6	7	6
2	15.2	6	7	6
2	15.2	6	7	6
2	15.2	6	7	6
2	15.2	6	7	6
2	15.2	6	7	6
2	15.2	6	7	6
2	15.2	6	7	6
2	15.2	6	7	6
2	15.2	6	7	6
2	15.2	6	7	6
2	15.2	6	7	6
2	15.2	6	7	6
2	15.2	6	7	6
2	15.2	6	7	6
2	15.2	6	7	6
2	15.2	6	7	6
2	15.2	6	7	6
2	15.2	6	7	6
2	15.2	6	7	6
2	15.2	6	7	6
2	15.2	6	7	6
2	15.2	6	7	6
2	15.2	6	7	6
2	15.2	7	8	6
2	15.2	7	8	6
2	15.2	7	8	6
2	15.2	7	8	6
2	15.2	7	8	6
2	15.2	7	8	6
2	15.2	7	8	6
2	15.2	7	8	6
2	15.2	7	8	6
2	15.2	7	8	6
2	15.2	7	8	6
2	15.2	7	8	6
2	15.2	7	8	6
2	15.2	7	8	6
2	15.2	7	8	6
2	15.2	7	8	6
2	15.2	7	8	6
2	15.2	7	8	6
2	15.2	7	8	6
2	15.2	7	8	6
2	15.2	7	8	6
2	15.2	8	9	6
2	15.2	8	9	6
2	15.2	8	9	6
2	15.2	8	9	6
2	15.2	8	9	6
2	15.2	8	9	6
2	15.2	8	9	6
2	15.2	8	9	6
2	15.2	8	9	6
2	15.2	8	9	6
2	15.2	8	9	6
2	15.2	8	9	6
2	15.2	8	9	6
2	15.2	8	9	6
2	15.2	8	9	6
2	15.2	8	9	6
2	15.2	8	9	6
2	15.2	8	9	6
2	15.2	8	9	6
2	15.2	8	9	6
2	15.2	8	9	6
2	15.2	8	9	6
2	15.2	9	10	6
2	15.2	9	10	6
2	15.2	9	10	6
2	15.2	9	10	6
2	15.2	9	10	6
2	15.2	9	10	6
2	15.2	9	10	6
2	15.2	9	10	6
2	15.2	9	10	6
2	15.2	9	10	6
2	15.2	9	10	6
2	15.2	9	10	6
2	15.2	9	10	6
2	15.2	9	10	6
2	15.2	9	10	6
2	15.2	9	10	6
2	15.2	9	10	6
2	15.2	9	10	6
2	15.2	9	10	6
2	15.2	9	10	6
2	15.2	9	10	6
2	15.2	9	10	6
2	15.2	9	10	6
2	15.2	9	10	6
2	15.2	9	10	6
2	15.2	9	10	6
2	15.2	9	10	6
2	15.2	9	10	6
2	15.2	9	10	6
2	15.2	9	10	6
2	15.2	9	10	6
2	15.2	9	10	6
2	15.2	9	10	6
2	15.2	9	10	6
2	15.2	9	10	6
2	15.2	9	10	6
2	15.2	9	10	6
2	15.2	9	10	6
2	15.2	9	10	6
2	15.2	10	11	6
2	15.2	10	11	6
2	15.2	10	11	6
2	15.2	10	11	6
2	15.2	10	11	6
2	15.2	10	11	6
2	15.2	10	11	6
2	15.2	10	11	6
2	15.2	10	11	6
2	15.2	10	11	6
2	15.2	10	11	6
2	15.2	10	11	6
2	15.2	10	11	6
2	15.2	10	11	6
2	15.2	10	11	6
2	15.2	10	11	6
2	15.2	10	11	6
2	15.2	11	12	6
2	15.2	11	12	6
2	15.2	11	12	6
2	15.2	11	12	6
2	15.2	11	12	6
2	15.2	11	12	6
2	15.2	11	12	6
2	15.2	11	12	6
2	15.2	11	12	6
2	15.2	11	12	6
2	15.2	11	12	6
2	15.2	11	12	6
2	15.2	11	12	6
2	15.2	11	12	6
2	15.2	11	12	6
2	15.2	11	12	6
2	15.2	11	12	6
2	15.2	12	13	6
2	15.2	12	13	6
2	15.2	12	13	6
2	15.2	12	13	6
2	15.2	12	13	6
2	15.2	12	13	6
2	15.2	12	13	6
2	15.2	12	13	6
2	15.2	12	13	6
2	15.2	12	13	6
2	15.2	12	13	6
2	15.2	12	13	6
2	15.2	12	13	6
2	15.2	12	13	6
2	15.2	12	13	6
2	15.2	12	13	6
2	15.2	12	13	6
2	15.2	12	13	6
2	15.2	13	14	6
2	15.2	13	14	6
2	15.2	13	14	6
2	15.2	13	14	6
2	15.2	13	14	6
2	15.2	13	14	6
2	15.2	13	14	6
2	15.2	13	14	6
2	15.2	13	14	6
2	15.2	13	14	6
2	15.2	13	14	6
2	15.2	13	14	6
2	15.2	13	14	6
2	15.2	13	14	6
2	15.2	14	15	6
2	15.2	14	15	6
2	15.2	14	15	6
2	15.2	14	15	6
2	15.2	14	15	6
2	15.2	14	15	6
2	15.2	14	15	6
2	15.2	14	15	6
2	15.2	15	16	6
2	15.2	15	16	6
2	15.2	15	16	6
2	15.2	15	16	6
2	15.2	15	16	6
2	15.2	15	16	6
2	15.2	15	16	6
2	15.2	15	16	6
2	15.2	15	16	6
2	15.2	15	16	6
2	15.2	15	16	6
2	15.2	16	17	6
2	15.2	16	17	6
2	15.2	16	17	6
2	15.2	16	17	6
2	15.2	16	17	6
2	15.2	16	17	6
2	15.2	16	17	6
2	15.2	16	17	6
2	15.2	16	17	6
2	15.2	16	17	6
2	15.2	17	18	6
2	15.2	17	18	6
2	15.2	17	18	6
2	15.2	17	18	6
2	15.2	17	18	6
2	15.2	17	18	6
2	15.2	17	18	6
2	15.2	17	18	6
2	15.2	17	18	6
2	15.2	17	18	6
2	15.2	18	19	6
2	15.2	18	19	6
2	15.2	18	19	6
2	15.2	19	20	6
2	15.2	19	20	6
2	15.2	22	23	6
2	15.2	1	2	6
2	15.2	1	2	6
2	15.2	1	2	6
2	15.2	1	2	6
2	15.2	1	2	6
2	15.2	1	2	6
2	15.2	1	2	6
2	15.2	2	3	6
2	15.2	2	3	6
2	15.2	2	3	6
2	15.2	2	3	6
2	15.2	2	3	6
2	15.2	2	3	6
2	15.2	2	3	6
2	15.2	2	3	6
2	15.2	2	3	6
2	15.2	2	3	6
2	15.2	2	3	6
2	15.2	2	3	6
2	15.2	2	3	6
2	15.2	2	3	6
2	15.2	2	3	6
2	15.2	2	3	6
2	15.2	2	3	6
2	15.2	2	3	6
2	15.2	3	4	6
2	15.2	3	4	6
2	15.2	3	4	6
2	15.2	3	4	6
2	15.2	3	4	6
2	15.2	3	4	6
2	15.2	3	4	6
2	15.2	3	4	6
2	15.2	3	4	6
2	15.2	3	4	6
2	15.2	3	4	6
2	15.2	3	4	6
2	15.2	3	4	6
2	15.2	3	4	6
2	15.2	3	4	6
2	15.2	3	4	6
2	15.2	3	4	6
2	15.2	3	4	6
2	15.2	3	4	6
2	15.2	3	4	6
2	15.2	3	4	6
2	15.2	3	4	6
2	15.2	3	4	6
2	15.2	4	5	6
2	15.2	4	5	6
2	15.2	4	5	6
2	15.2	4	5	6
2	15.2	4	5	6
2	15.2	4	5	6
2	15.2	4	5	6
2	15.2	4	5	6
2	15.2	4	5	6
2	15.2	4	5	6
2	15.2	4	5	6
2	15.2	4	5	6
2	15.2	4	5	6
2	15.2	4	5	6
2	15.2	4	5	6
2	15.2	4	5	6
2	15.2	4	5	6
2	15.2	4	5	6
2	15.2	4	5	6
2	15.2	4	5	6
2	15.2	4	5	6
2	15.2	4	5	6
2	15.2	5	6	6
2	15.2	5	6	6
2	15.2	5	6	6
2	15.2	5	6	6
2	15.2	5	6	6
2	15.2	5	6	6
2	15.2	5	6	6
2	15.2	5	6	6
2	15.2	5	6	6
2	15.2	5	6	6
2	15.2	5	6	6
2	15.2	5	6	6
2	15.2	5	6	6
2	15.2	5	6	6
2	15.2	5	6	6
2	15.2	5	6	6
2	15.2	5	6	6
2	15.2	5	6	6
2	15.2	5	6	6
2	15.2	5	6	6
2	15.2	5	6	6
2	15.2	5	6	6
2	15.2	5	6	6
2	15.2	6	7	6
2	15.2	6	7	6
2	15.2	6	7	6
2	15.2	6	7	6
2	15.2	6	7	6
2	15.2	6	7	6
2	15.2	6	7	6
2	15.2	6	7	6
2	15.2	6	7	6
2	15.2	6	7	6
2	15.2	6	7	6
2	15.2	6	7	6
2	15.2	6	7	6
2	15.2	6	7	6
2	15.2	6	7	6
2	15.2	6	7	6
2	15.2	6	7	6
2	15.2	6	7	6
2	15.2	6	7	6
2	15.2	6	7	6
2	15.2	6	7	6
2	15.2	6	7	6
2	15.2	7	8	6
2	15.2	7	8	6
2	15.2	7	8	6
2	15.2	7	8	6
2	15.2	7	8	6
2	15.2	7	8	6
2	15.2	7	8	6
2	15.2	7	8	6
2	15.2	7	8	6
2	15.2	7	8	6
2	15.2	7	8	6
2	15.2	7	8	6
2	15.2	7	8	6
2	15.2	7	8	6
2	15.2	7	8	6
2	15.2	7	8	6
2	15.2	8	9	6
2	15.2	8	9	6
2	15.2	8	9	6
2	15.2	8	9	6
2	15.2	8	9	6
2	15.2	8	9	6
2	15.2	8	9	6
2	15.2	8	9	6
2	15.2	8	9	6
2	15.2	8	9	6
2	15.2	8	9	6
2	15.2	8	9	6
2	15.2	8	9	6
2	15.2	8	9	6
2	15.2	8	9	6
2	15.2	8	9	6
2	15.2	8	9	6
2	15.2	8	9	6
2	15.2	8	9	6
2	15.2	8	9	6
2	15.2	8	9	6
2	15.2	8	9	6
2	15.2	8	9	6
2	15.2	8	9	6
2	15.2	8	9	6
2	15.2	8	9	6
2	15.2	8	9	6
2	15.2	8	9	6
2	15.2	8	9	6
2	15.2	8	9	6
2	15.2	8	9	6
2	15.2	8	9	6
2	15.2	8	9	6
2	15.2	9	10	6
2	15.2	9	10	6
2	15.2	9	10	6
2	15.2	9	10	6
2	15.2	9	10	6
2	15.2	9	10	6
2	15.2	9	10	6
2	15.2	9	10	6
2	15.2	9	10	6
2	15.2	9	10	6
2	15.2	9	10	6
2	15.2	9	10	6
2	15.2	9	10	6
2	15.2	9	10	6
2	15.2	9	10	6
2	15.2	9	10	6
2	15.2	9	10	6
2	15.2	9	10	6
2	15.2	9	10	6
2	15.2	9	10	6
2	15.2	9	10	6
2	15.2	9	10	6
2	15.2	9	10	6
2	15.2	10	11	6
2	15.2	10	11	6
2	15.2	10	11	6
2	15.2	10	11	6
2	15.2	10	11	6
2	15.2	10	11	6
2	15.2	10	11	6
2	15.2	10	11	6
2	15.2	10	11	6
2	15.2	10	11	6
2	15.2	10	11	6
2	15.2	10	11	6
2	15.2	10	11	6
2	15.2	10	11	6
2	15.2	10	11	6
2	15.2	10	11	6
2	15.2	11	12	6
2	15.2	11	12	6
2	15.2	11	12	6
2	15.2	11	12	6
2	15.2	11	12	6
2	15.2	11	12	6
2	15.2	11	12	6
2	15.2	11	12	6
2	15.2	11	12	6
2	15.2	11	12	6
2	15.2	11	12	6
2	15.2	11	12	6
2	15.2	11	12	6
2	15.2	11	12	6
2	15.2	11	12	6
2	15.2	11	12	6
2	15.2	11	12	6
2	15.2	11	12	6
2	15.2	11	12	6
2	15.2	11	12	6
2	15.2	11	12	6
2	15.2	12	13	6
2	15.2	12	13	6
2	15.2	12	13	6
2	15.2	12	13	6
2	15.2	12	13	6
2	15.2	12	13	6
2	15.2	12	13	6
2	15.2	12	13	6
2	15.2	12	13	6
2	15.2	12	13	6
2	15.2	12	13	6
2	15.2	13	14	6
2	15.2	13	14	6
2	15.2	13	14	6
2	15.2	13	14	6
2	15.2	13	14	6
2	15.2	13	14	6
2	15.2	13	14	6
2	15.2	13	14	6
2	15.2	13	14	6
2	15.2	13	14	6
2	15.2	13	14	6
2	15.2	13	14	6
2	15.2	13	14	6
2	15.2	13	14	6
2	15.2	13	14	6
2	15.2	13	14	6
2	15.2	14	15	6
2	15.2	14	15	6
2	15.2	14	15	6
2	15.2	14	15	6
2	15.2	14	15	6
2	15.2	14	15	6
2	15.2	15	16	6
2	15.2	15	16	6
2	15.2	15	16	6
2	15.2	15	16	6
2	15.2	15	16	6
2	15.2	15	16	6
2	15.2	15	16	6
2	15.2	15	16	6
2	15.2	15	16	6
2	15.2	15	16	6
2	15.2	15	16	6
2	15.2	15	16	6
2	15.2	16	17	6
2	15.2	16	17	6
2	15.2	16	17	6
2	15.2	16	17	6
2	15.2	16	17	6
2	15.2	16	17	6
2	15.2	17	18	6
2	15.2	17	18	6
2	15.2	17	18	6
2	15.2	17	18	6
2	15.2	19	20	6
2	15.2	19	20	6
2	15.2	19	20	6
2	15.2	19	20	6
2	15.2	19	20	6
2	15.2	19	20	6
2	15.2	19	20	6
2	15.2	20	21	6
2	15.2	20	21	6
2	15.2	20	21	6
2	15.2	20	21	6
2	15.2	20	21	6
2	15.2	22	23	6
2	15.2	22	23	6
2	15.2	22	23	6
2	15.2	22	23	6
2	15.2	22	23	6
2	15.2	22	23	6
2	15.2	22	23	6
2	15.2	24	25	6
2	15.2	24	25	6
2	15.2	24	25	6
2	15.2	24	25	6
2	15.2	24	25	6
2	15.2	24	25	6
2	15.2	24	25	6
2	15.2	24	25	6
2	15.2	24	25	6
2	15.2	24	25	6
2	15.2	24	25	6
2	15.2	24	25	6
2	15.2	24	25	6
2	15.2	24	25	6
2	15.2	24	25	6
2	15.2	24	25	6
2	15.2	24	25	6
2	15.2	24	25	6
2	15.2	24	25	6
2	15.2	24	25	6
2	15.2	24	25	6
2	15.2	24	25	6
2	15.2	24	25	6
2	15.2	25	26	6
2	15.2	25	26	6
2	15.2	25	26	6
2	15.2	25	26	6
2	15.2	25	26	6
2	15.2	25	26	6
2	15.2	25	26	6
2	15.2	25	26	6
2	15.2	26	27	6
2	15.2	26	27	6
2	15.2	26	27	6
2	15.2	26	27	6
2	15.2	26	27	6
2	15.2	27	28	6
2	15.2	27	28	6
2	15.2	27	28	6
2	15.2	28	29	6
2	15.2	28	29	6
2	15.2	28	29	6
2	15.2	28	29	6
2	15.2	28	29	6
2	15.2	28	29	6
2	15.2	28	29	6
2	15.2	31	32	6
2	15.2	31	32	6
2	15.2	31	32	6
2	15.2	31	32	6
2	15.2	31	32	6
2	15.2	31	32	6
2	15.2	31	32	6
2	15.2	31	32	6
2	15.2	31	32	6
2	15.2	31	32	6
2	15.2	31	32	6
2	15.2	31	32	6
2	15.2	31	32	6
2	15.2	31	32	6
2	15.2	31	32	6
2	15.2	31	32	6
2	15.2	1	2	6
2	15.2	1	2	6
2	15.2	1	2	6
2	15.2	1	2	6
2	15.2	1	2	6
2	15.2	1	2	6
2	15.2	1	2	6
2	15.2	1	2	6
2	15.2	1	2	6
2	15.2	1	2	6
2	15.2	1	2	6
2	15.2	1	2	6
2	15.2	2	3	6
2	15.2	2	3	6
2	15.2	2	3	6
2	15.2	2	3	6
2	15.2	2	3	6
2	15.2	2	3	6
2	15.2	2	3	6
2	15.2	2	3	6
2	15.2	2	3	6
2	15.2	2	3	6
2	15.2	2	3	6
2	15.2	2	3	6
2	15.2	2	3	6
2	15.2	2	3	6
2	15.2	2	3	6
2	15.2	2	3	6
2	15.2	2	3	6
2	15.2	3	4	6
2	15.2	3	4	6
2	15.2	3	4	6
2	15.2	3	4	6
2	15.2	3	4	6
2	15.2	3	4	6
2	15.2	3	4	6
2	15.2	3	4	6
2	15.2	3	4	6
2	15.2	3	4	6
2	15.2	3	4	6
2	15.2	3	4	6
2	15.2	3	4	6
2	15.2	3	4	6
2	15.2	3	4	6
2	15.2	4	5	6
2	15.2	4	5	6
2	15.2	4	5	6
2	15.2	4	5	6
2	15.2	4	5	6
2	15.2	4	5	6
2	15.2	4	5	6
2	15.2	4	5	6
2	15.2	4	5	6
2	15.2	4	5	6
2	15.2	4	5	6
2	15.2	4	5	6
2	15.2	4	5	6
2	15.2	4	5	6
2	15.2	4	5	6
2	15.2	4	5	6
2	15.2	4	5	6
2	15.2	4	5	6
2	15.2	4	5	6
2	15.2	4	5	6
2	15.2	4	5	6
2	15.2	4	5	6
2	15.2	4	5	6
2	15.2	4	5	6
2	15.2	4	5	6
2	15.2	4	5	6
2	15.2	4	5	6
2	15.2	4	5	6
2	15.2	4	5	6
2	15.2	4	5	6
2	15.2	5	6	6
2	15.2	5	6	6
2	15.2	5	6	6
2	15.2	5	6	6
2	15.2	5	6	6
2	15.2	5	6	6
2	15.2	5	6	6
2	15.2	5	6	6
2	15.2	5	6	6
2	15.2	5	6	6
2	15.2	5	6	6
2	15.2	5	6	6
2	15.2	5	6	6
2	15.2	5	6	6
2	15.2	5	6	6
2	15.2	5	6	6
2	15.2	5	6	6
2	15.2	5	6	6
2	15.2	5	6	6
2	15.2	5	6	6
2	15.2	6	7	6
2	15.2	6	7	6
2	15.2	6	7	6
2	15.2	6	7	6
2	15.2	6	7	6
2	15.2	6	7	6
2	15.2	6	7	6
2	15.2	6	7	6
2	15.2	6	7	6
2	15.2	6	7	6
2	15.2	6	7	6
2	15.2	6	7	6
2	15.2	6	7	6
2	15.2	6	7	6
2	15.2	6	7	6
2	15.2	6	7	6
2	15.2	6	7	6
2	15.2	6	7	6
2	15.2	6	7	6
2	15.2	7	8	6
2	15.2	7	8	6
2	15.2	7	8	6
2	15.2	7	8	6
2	15.2	7	8	6
2	15.2	7	8	6
2	15.2	7	8	6
2	15.2	7	8	6
2	15.2	7	8	6
2	15.2	7	8	6
2	15.2	7	8	6
2	15.2	7	8	6
2	15.2	7	8	6
2	15.2	7	8	6
2	15.2	7	8	6
2	15.2	7	8	6
2	15.2	7	8	6
2	15.2	7	8	6
2	15.2	7	8	6
2	15.2	7	8	6
2	15.2	7	8	6
2	15.2	8	9	6
2	15.2	8	9	6
2	15.2	8	9	6
2	15.2	8	9	6
2	15.2	8	9	6
2	15.2	8	9	6
2	15.2	8	9	6
2	15.2	8	9	6
2	15.2	8	9	6
2	15.2	8	9	6
2	15.2	8	9	6
2	15.2	8	9	6
2	15.2	8	9	6
2	15.2	8	9	6
2	15.2	8	9	6
2	15.2	8	9	6
2	15.2	8	9	6
2	15.2	8	9	6
2	15.2	8	9	6
2	15.2	8	9	6
2	15.2	8	9	6
2	15.2	8	9	6
2	15.2	8	9	6
2	15.2	8	9	6
2	15.2	8	9	6
2	15.2	8	9	6
2	15.2	8	9	6
2	15.2	8	9	6
2	15.2	8	9	6
2	15.2	8	9	6
2	15.2	8	9	6
2	15.2	9	10	6
2	15.2	9	10	6
2	15.2	9	10	6
2	15.2	9	10	6
2	15.2	9	10	6
2	15.2	9	10	6
2	15.2	9	10	6
2	15.2	9	10	6
2	15.2	9	10	6
2	15.2	9	10	6
2	15.2	9	10	6
2	15.2	9	10	6
2	15.2	9	10	6
2	15.2	9	10	6
2	15.2	9	10	6
2	15.2	10	11	6
2	15.2	10	11	6
2	15.2	10	11	6
2	15.2	10	11	6
2	15.2	10	11	6
2	15.2	10	11	6
2	15.2	10	11	6
2	15.2	10	11	6
2	15.2	10	11	6
2	15.2	10	11	6
2	15.2	10	11	6
2	15.2	10	11	6
2	15.2	10	11	6
2	15.2	10	11	6
2	15.2	10	11	6
2	15.2	10	11	6
2	15.2	11	12	6
2	15.2	11	12	6
2	15.2	11	12	6
2	15.2	11	12	6
2	15.2	11	12	6
2	15.2	11	12	6
2	15.2	11	12	6
2	15.2	11	12	6
2	15.2	11	12	6
2	15.2	11	12	6
2	15.2	11	12	6
2	15.2	11	12	6
2	15.2	11	12	6
2	15.2	12	13	6
2	15.2	12	13	6
2	15.2	12	13	6
2	15.2	12	13	6
2	15.2	12	13	6
2	15.2	12	13	6
2	15.2	12	13	6
2	15.2	12	13	6
2	15.2	12	13	6
2	15.2	12	13	6
2	15.2	12	13	6
2	15.2	13	14	6
2	15.2	13	14	6
2	15.2	13	14	6
2	15.2	13	14	6
2	15.2	13	14	6
2	15.2	13	14	6
2	15.2	13	14	6
2	15.2	13	14	6
2	15.2	13	14	6
2	15.2	13	14	6
2	15.2	13	14	6
2	15.2	13	14	6
2	15.2	14	15	6
2	15.2	14	15	6
2	15.2	14	15	6
2	15.2	14	15	6
2	15.2	14	15	6
2	15.2	14	15	6
2	15.2	14	15	6
2	15.2	14	15	6
2	15.2	14	15	6
2	15.2	14	15	6
2	15.2	14	15	6
2	15.2	14	15	6
2	15.2	15	16	6
2	15.2	15	16	6
2	15.2	15	16	6
2	15.2	15	16	6
2	15.2	15	16	6
2	15.2	15	16	6
2	15.2	15	16	6
2	15.2	16	17	6
2	15.2	16	17	6
2	15.2	16	17	6
2	15.2	16	17	6
2	15.2	16	17	6
2	15.2	16	17	6
2	15.2	16	17	6
2	15.2	16	17	6
2	15.2	17	18	6
2	15.2	17	18	6
2	15.2	17	18	6
2	15.2	17	18	6
2	15.2	17	18	6
2	15.2	18	19	6
2	15.2	18	19	6
2	15.2	18	19	6
2	15.2	18	19	6
2	15.2	19	20	6
2	15.2	19	20	6
2	15.2	20	21	6
2	15.2	20	21	6
2	15.2	20	21	6
2	15.2	20	21	6
2	15.2	20	21	6
2	15.2	20	21	6
2	15.2	20	21	6
2	15.2	20	21	6
2	15.2	20	21	6
2	15.2	20	21	6
2	15.2	21	22	6
2	15.2	21	22	6
2	15.2	22	23	6
2	15.2	22	23	6
2	15.2	22	23	6
2	15.2	22	23	6
2	15.2	25	26	6
2	15.2	33	34	6
2	15.2	33	34	6
2	15.2	33	34	6
2	15.2	33	34	6
2	15.2	0.5	1	6
2	15.2	0.5	1	6
2	15.2	0.5	1	6
2	15.2	0.5	1	6
2	15.2	0.5	1	6
2	15.2	0.5	1	6
2	15.2	1	2	6
2	15.2	1	2	6
2	15.2	1	2	6
2	15.2	1	2	6
2	15.2	1	2	6
2	15.2	1	2	6
2	15.2	2	3	6
2	15.2	2	3	6
2	15.2	2	3	6
2	15.2	2	3	6
2	15.2	2	3	6
2	15.2	2	3	6
2	15.2	2	3	6
2	15.2	2	3	6
2	15.2	2	3	6
2	15.2	2	3	6
2	15.2	2	3	6
2	15.2	2	3	6
2	15.2	2	3	6
2	15.2	2	3	6
2	15.2	2	3	6
2	15.2	2	3	6
2	15.2	2	3	6
2	15.2	2	3	6
2	15.2	2	3	6
2	15.2	2	3	6
2	15.2	2	3	6
2	15.2	2	3	6
2	15.2	3	4	6
2	15.2	3	4	6
2	15.2	3	4	6
2	15.2	3	4	6
2	15.2	3	4	6
2	15.2	3	4	6
2	15.2	3	4	6
2	15.2	3	4	6
2	15.2	3	4	6
2	15.2	3	4	6
2	15.2	3	4	6
2	15.2	3	4	6
2	15.2	3	4	6
2	15.2	3	4	6
2	15.2	3	4	6
2	15.2	4	5	6
2	15.2	4	5	6
2	15.2	4	5	6
2	15.2	4	5	6
2	15.2	4	5	6
2	15.2	4	5	6
2	15.2	4	5	6
2	15.2	4	5	6
2	15.2	4	5	6
2	15.2	4	5	6
2	15.2	4	5	6
2	15.2	4	5	6
2	15.2	4	5	6
2	15.2	4	5	6
2	15.2	4	5	6
2	15.2	4	5	6
2	15.2	4	5	6
2	15.2	4	5	6
2	15.2	4	5	6
2	15.2	4	5	6
2	15.2	4	5	6
2	15.2	4	5	6
2	15.2	4	5	6
2	15.2	4	5	6
2	15.2	5	6	6
2	15.2	5	6	6
2	15.2	5	6	6
2	15.2	5	6	6
2	15.2	5	6	6
2	15.2	5	6	6
2	15.2	5	6	6
2	15.2	5	6	6
2	15.2	5	6	6
2	15.2	5	6	6
2	15.2	5	6	6
2	15.2	5	6	6
2	15.2	5	6	6
2	15.2	5	6	6
2	15.2	5	6	6
2	15.2	5	6	6
2	15.2	5	6	6
2	15.2	5	6	6
2	15.2	5	6	6
2	15.2	5	6	6
2	15.2	5	6	6
2	15.2	5	6	6
2	15.2	5	6	6
2	15.2	5	6	6
2	15.2	6	7	6
2	15.2	6	7	6
2	15.2	6	7	6
2	15.2	6	7	6
2	15.2	6	7	6
2	15.2	6	7	6
2	15.2	6	7	6
2	15.2	6	7	6
2	15.2	6	7	6
2	15.2	7	8	6
2	15.2	7	8	6
2	15.2	7	8	6
2	15.2	7	8	6
2	15.2	7	8	6
2	15.2	7	8	6
2	15.2	7	8	6
2	15.2	7	8	6
2	15.2	7	8	6
2	15.2	7	8	6
2	15.2	7	8	6
2	15.2	7	8	6
2	15.2	7	8	6
2	15.2	7	8	6
2	15.2	7	8	6
2	15.2	7	8	6
2	15.2	7	8	6
2	15.2	7	8	6
2	15.2	7	8	6
2	15.2	7	8	6
2	15.2	7	8	6
2	15.2	7	8	6
2	15.2	7	8	6
2	15.2	7	8	6
2	15.2	7	8	6
2	15.2	7	8	6
2	15.2	7	8	6
2	15.2	7	8	6
2	15.2	7	8	6
2	15.2	7	8	6
2	15.2	7	8	6
2	15.2	7	8	6
2	15.2	7	8	6
2	15.2	7	8	6
2	15.2	8	9	6
2	15.2	8	9	6
2	15.2	8	9	6
2	15.2	8	9	6
2	15.2	8	9	6
2	15.2	8	9	6
2	15.2	8	9	6
2	15.2	8	9	6
2	15.2	8	9	6
2	15.2	8	9	6
2	15.2	8	9	6
2	15.2	8	9	6
2	15.2	8	9	6
2	15.2	8	9	6
2	15.2	9	10	6
2	15.2	9	10	6
2	15.2	9	10	6
2	15.2	9	10	6
2	15.2	9	10	6
2	15.2	9	10	6
2	15.2	9	10	6
2	15.2	9	10	6
2	15.2	9	10	6
2	15.2	9	10	6
2	15.2	9	10	6
2	15.2	9	10	6
2	15.2	9	10	6
2	15.2	9	10	6
2	15.2	9	10	6
2	15.2	9	10	6
2	15.2	9	10	6
2	15.2	9	10	6
2	15.2	9	10	6
2	15.2	10	11	6
2	15.2	10	11	6
2	15.2	10	11	6
2	15.2	10	11	6
2	15.2	10	11	6
2	15.2	10	11	6
2	15.2	10	11	6
2	15.2	10	11	6
2	15.2	10	11	6
2	15.2	10	11	6
2	15.2	10	11	6
2	15.2	10	11	6
2	15.2	10	11	6
2	15.2	10	11	6
2	15.2	10	11	6
2	15.2	10	11	6
2	15.2	10	11	6
2	15.2	10	11	6
2	15.2	10	11	6
2	15.2	10	11	6
2	15.2	10	11	6
2	15.2	10	11	6
2	15.2	10	11	6
2	15.2	11	12	6
2	15.2	11	12	6
2	15.2	11	12	6
2	15.2	11	12	6
2	15.2	11	12	6
2	15.2	11	12	6
2	15.2	11	12	6
2	15.2	11	12	6
2	15.2	12	13	6
2	15.2	12	13	6
2	15.2	12	13	6
2	15.2	12	13	6
2	15.2	12	13	6
2	15.2	13	14	6
2	15.2	13	14	6
2	15.2	13	14	6
2	15.2	13	14	6
2	15.2	13	14	6
2	15.2	13	14	6
2	15.2	13	14	6
2	15.2	13	14	6
2	15.2	13	14	6
2	15.2	13	14	6
2	15.2	13	14	6
2	15.2	13	14	6
2	15.2	14	15	6
2	15.2	14	15	6
2	15.2	14	15	6
2	15.2	14	15	6
2	15.2	14	15	6
2	15.2	14	15	6
2	15.2	15	16	6
2	15.2	15	16	6
2	15.2	15	16	6
2	15.2	15	16	6
2	15.2	15	16	6
2	15.2	16	17	6
2	15.2	16	17	6
2	15.2	17	18	6
2	15.2	17	18	6
2	15.2	17	18	6
2	15.2	17	18	6
2	15.2	18	19	6
2	15.2	18	19	6
2	15.2	19	20	6
2	15.2	19	20	6
2	15.2	1	2	6
2	15.2	1	2	6
2	15.2	1	2	6
2	15.2	1	2	6
2	15.2	1	2	6
2	15.2	1	2	6
2	15.2	1	2	6
2	15.2	1	2	6
2	15.2	1	2	6
2	15.2	1	2	6
2	15.2	1	2	6
2	15.2	1	2	6
2	15.2	1	2	6
2	15.2	1	2	6
2	15.2	1	2	6
2	15.2	2	3	6
2	15.2	2	3	6
2	15.2	2	3	6
2	15.2	2	3	6
2	15.2	2	3	6
2	15.2	2	3	6
2	15.2	2	3	6
2	15.2	2	3	6
2	15.2	2	3	6
2	15.2	2	3	6
2	15.2	2	3	6
2	15.2	2	3	6
2	15.2	2	3	6
2	15.2	2	3	6
2	15.2	2	3	6
2	15.2	2	3	6
2	15.2	2	3	6
2	15.2	2	3	6
2	15.2	2	3	6
2	15.2	2	3	6
2	15.2	2	3	6
2	15.2	2	3	6
2	15.2	2	3	6
2	15.2	2	3	6
2	15.2	2	3	6
2	15.2	2	3	6
2	15.2	2	3	6
2	15.2	2	3	6
2	15.2	2	3	6
2	15.2	2	3	6
2	15.2	2	3	6
2	15.2	2	3	6
2	15.2	2	3	6
2	15.2	2	3	6
2	15.2	2	3	6
2	15.2	2	3	6
2	15.2	2	3	6
2	15.2	2	3	6
2	15.2	2	3	6
2	15.2	4	5	6
2	15.2	4	5	6
2	15.2	4	5	6
2	15.2	4	5	6
2	15.2	4	5	6
2	15.2	4	5	6
2	15.2	4	5	6
2	15.2	4	5	6
2	15.2	4	5	6
2	15.2	4	5	6
2	15.2	4	5	6
2	15.2	4	5	6
2	15.2	4	5	6
2	15.2	4	5	6
2	15.2	4	5	6
2	15.2	4	5	6
2	15.2	4	5	6
2	15.2	4	5	6
2	15.2	4	5	6
2	15.2	4	5	6
2	15.2	4	5	6
2	15.2	4	5	6
2	15.2	4	5	6
2	15.2	4	5	6
2	15.2	4	5	6
2	15.2	4	5	6
2	15.2	4	5	6
2	15.2	4	5	6
2	15.2	4	5	6
2	15.2	4	5	6
2	15.2	4	5	6
2	15.2	4	5	6
2	15.2	4	5	6
2	15.2	4	5	6
2	15.2	4	5	6
2	15.2	4	5	6
2	15.2	4	5	6
2	15.2	4	5	6
2	15.2	4	5	6
2	15.2	4	5	6
2	15.2	4	5	6
2	15.2	4	5	6
2	15.2	4	5	6
2	15.2	4	5	6
2	15.2	4	5	6
2	15.2	4	5	6
2	15.2	4	5	6
2	15.2	4	5	6
2	15.2	4	5	6
2	15.2	4	5	6
2	15.2	4	5	6
2	15.2	4	5	6
2	15.2	4	5	6
2	15.2	4	5	6
2	15.2	4	5	6
2	15.2	4	5	6
2	15.2	4	5	6
2	15.2	4	5	6
2	15.2	4	5	6
2	15.2	4	5	6
2	15.2	5	6	6
2	15.2	5	6	6
2	15.2	5	6	6
2	15.2	5	6	6
2	15.2	5	6	6
2	15.2	5	6	6
2	15.2	5	6	6
2	15.2	5	6	6
2	15.2	5	6	6
2	15.2	5	6	6
2	15.2	5	6	6
2	15.2	5	6	6
2	15.2	5	6	6
2	15.2	6	7	6
2	15.2	6	7	6
2	15.2	6	7	6
2	15.2	6	7	6
2	15.2	6	7	6
2	15.2	6	7	6
2	15.2	6	7	6
2	15.2	6	7	6
2	15.2	6	7	6
2	15.2	6	7	6
2	15.2	6	7	6
2	15.2	6	7	6
2	15.2	6	7	6
2	15.2	6	7	6
2	15.2	6	7	6
2	15.2	6	7	6
2	15.2	6	7	6
2	15.2	6	7	6
2	15.2	6	7	6
2	15.2	6	7	6
2	15.2	6	7	6
2	15.2	6	7	6
2	15.2	6	7	6
2	15.2	6	7	6
2	15.2	6	7	6
2	15.2	6	7	6
2	15.2	6	7	6
2	15.2	6	7	6
2	15.2	6	7	6
2	15.2	6	7	6
2	15.2	6	7	6
2	15.2	6	7	6
2	15.2	7	8	6
2	15.2	7	8	6
2	15.2	7	8	6
2	15.2	7	8	6
2	15.2	7	8	6
2	15.2	7	8	6
2	15.2	7	8	6
2	15.2	7	8	6
2	15.2	7	8	6
2	15.2	7	8	6
2	15.2	7	8	6
2	15.2	7	8	6
2	15.2	7	8	6
2	15.2	8	9	6
2	15.2	8	9	6
2	15.2	8	9	6
2	15.2	8	9	6
2	15.2	8	9	6
2	15.2	8	9	6
2	15.2	8	9	6
2	15.2	8	9	6
2	15.2	8	9	6
2	15.2	8	9	6
2	15.2	8	9	6
2	15.2	8	9	6
2	15.2	8	9	6
2	15.2	8	9	6
2	15.2	8	9	6
2	15.2	8	9	6
2	15.2	8	9	6
2	15.2	9	10	6
2	15.2	9	10	6
2	15.2	9	10	6
2	15.2	9	10	6
2	15.2	9	10	6
2	15.2	9	10	6
2	15.2	9	10	6
2	15.2	9	10	6
2	15.2	9	10	6
2	15.2	9	10	6
2	15.2	9	10	6
2	15.2	9	10	6
2	15.2	9	10	6
2	15.2	9	10	6
2	15.2	9	10	6
2	15.2	9	10	6
2	15.2	9	10	6
2	15.2	9	10	6
2	15.2	10	11	6
2	15.2	10	11	6
2	15.2	10	11	6
2	15.2	10	11	6
2	15.2	10	11	6
2	15.2	10	11	6
2	15.2	10	11	6
2	15.2	10	11	6
2	15.2	10	11	6
2	15.2	10	11	6
2	15.2	10	11	6
2	15.2	10	11	6
2	15.2	10	11	6
2	15.2	10	11	6
2	15.2	10	11	6
2	15.2	10	11	6
2	15.2	10	11	6
2	15.2	10	11	6
2	15.2	10	11	6
2	15.2	11	12	6
2	15.2	11	12	6
2	15.2	11	12	6
2	15.2	11	12	6
2	15.2	11	12	6
2	15.2	11	12	6
2	15.2	11	12	6
2	15.2	11	12	6
2	15.2	11	12	6
2	15.2	11	12	6
2	15.2	11	12	6
2	15.2	11	12	6
2	15.2	12	13	6
2	15.2	12	13	6
2	15.2	12	13	6
2	15.2	12	13	6
2	15.2	12	13	6
2	15.2	12	13	6
2	15.2	12	13	6
2	15.2	12	13	6
2	15.2	12	13	6
2	15.2	12	13	6
2	15.2	13	14	6
2	15.2	13	14	6
2	15.2	13	14	6
2	15.2	13	14	6
2	15.2	13	14	6
2	15.2	13	14	6
2	15.2	13	14	6
2	15.2	13	14	6
2	15.2	14	15	6
2	15.2	14	15	6
2	15.2	14	15	6
2	15.2	14	15	6
2	15.2	14	15	6
2	15.2	14	15	6
2	15.2	15	16	6
2	15.2	15	16	6
2	15.2	15	16	6
2	15.2	15	16	6
2	15.2	15	16	6
2	15.2	16	17	6
2	15.2	16	17	6
2	15.2	16	17	6
2	15.2	16	17	6
2	15.2	16	17	6
2	15.2	16	17	6
2	15.2	16	17	6
2	15.2	17	18	6
2	15.2	17	18	6
2	15.2	17	18	6
2	15.2	17	18	6
2	15.2	17	18	6
2	15.2	17	18	6
2	15.2	18	19	6
2	15.2	18	19	6
2	15.2	18	19	6
2	15.2	18	19	6
2	15.2	18	19	6
2	15.2	18	19	6
2	15.2	18	19	6
2	15.2	18	19	6
2	15.2	18	19	6
2	15.2	19	20	6
2	15.2	19	20	6
2	15.2	20	21	6
2	15.2	20	21	6
2	15.2	20	21	6
2	15.2	20	21	6
2	15.2	22	23	6
2	15.2	22	23	6
2	15.2	22	23	6
2	15.2	22	23	6
2	15.2	22	23	6
2	15.2	22	23	6
2	15.2	22	23	6
2	15.2	22	23	6
2	15.2	23	24	6
2	15.2	23	24	6
2	15.2	23	24	6
2	15.2	24	25	6
2	15.2	24	25	6
2	15.2	24	25	6
2	15.2	24	25	6
2	15.2	24	25	6
2	15.2	24	25	6
2	15.2	24	25	6
2	15.2	25	26	6
2	15.2	25	26	6
2	15.2	25	26	6
2	15.2	25	26	6
2	15.2	26	27	6
2	15.2	26	27	6
2	15.2	26	27	6
2	15.2	29	30	6
2	15.2	29	30	6
2	15.2	29	30	6
2	15.2	29	30	6
2	15.2	29	30	6
2	15.2	29	30	6
2	15.2	29	30	6
2	15.2	32	33	6
2	15.2	36	37	6
2	15.2	36	37	6
2	15.2	36	37	6
2	15.2	36	37	6
2	15.2	36	37	6
2	15.2	36	37	6
3	17.4	1	2	6
3	17.4	1	2	6
3	17.4	1	2	6
3	17.4	1	2	6
3	17.4	1	2	6
3	17.4	1	2	6
3	17.4	1	2	6
3	17.4	1	2	6
3	17.4	1	2	6
3	17.4	1	2	6
3	17.4	1	2	6
3	17.4	1	2	6
3	17.4	1	2	6
3	17.4	1	2	6
3	17.4	2	3	6
3	17.4	2	3	6
3	17.4	2	3	6
3	17.4	2	3	6
3	17.4	2	3	6
3	17.4	2	3	6
3	17.4	2	3	6
3	17.4	2	3	6
3	17.4	2	3	6
3	17.4	2	3	6
3	17.4	2	3	6
3	17.4	2	3	6
3	17.4	2	3	6
3	17.4	2	3	6
3	17.4	2	3	6
3	17.4	2	3	6
3	17.4	2	3	6
3	17.4	2	3	6
3	17.4	2	3	6
3	17.4	2	3	6
3	17.4	2	3	6
3	17.4	2	3	6
3	17.4	2	3	6
3	17.4	2	3	6
3	17.4	2	3	6
3	17.4	2	3	6
3	17.4	2	3	6
3	17.4	2	3	6
3	17.4	2	3	6
3	17.4	2	3	6
3	17.4	2	3	6
3	17.4	2	3	6
3	17.4	2	3	6
3	17.4	2	3	6
3	17.4	2	3	6
3	17.4	2	3	6
3	17.4	2	3	6
3	17.4	2	3	6
3	17.4	2	3	6
3	17.4	2	3	6
3	17.4	2	3	6
3	17.4	2	3	6
3	17.4	2	3	6
3	17.4	2	3	6
3	17.4	2	3	6
3	17.4	2	3	6
3	17.4	2	3	6
3	17.4	3	4	6
3	17.4	3	4	6
3	17.4	3	4	6
3	17.4	3	4	6
3	17.4	3	4	6
3	17.4	3	4	6
3	17.4	3	4	6
3	17.4	3	4	6
3	17.4	3	4	6
3	17.4	3	4	6
3	17.4	3	4	6
3	17.4	3	4	6
3	17.4	3	4	6
3	17.4	3	4	6
3	17.4	3	4	6
3	17.4	3	4	6
3	17.4	3	4	6
3	17.4	3	4	6
3	17.4	3	4	6
3	17.4	3	4	6
3	17.4	3	4	6
3	17.4	3	4	6
3	17.4	3	4	6
3	17.4	4	5	6
3	17.4	4	5	6
3	17.4	4	5	6
3	17.4	4	5	6
3	17.4	4	5	6
3	17.4	4	5	6
3	17.4	4	5	6
3	17.4	4	5	6
3	17.4	4	5	6
3	17.4	4	5	6
3	17.4	4	5	6
3	17.4	4	5	6
3	17.4	4	5	6
3	17.4	4	5	6
3	17.4	5	6	6
3	17.4	5	6	6
3	17.4	5	6	6
3	17.4	5	6	6
3	17.4	5	6	6
3	17.4	5	6	6
3	17.4	5	6	6
3	17.4	6	7	6
3	17.4	6	7	6
3	17.4	6	7	6
3	17.4	6	7	6
3	17.4	6	7	6
3	17.4	7	8	6
3	17.4	7	8	6
3	17.4	7	8	6
3	17.4	7	8	6
3	17.4	7	8	6
3	17.4	7	8	6
3	17.4	7	8	6
3	17.4	7	8	6
3	17.4	8	9	6
3	17.4	8	9	6
3	17.4	8	9	6
3	17.4	8	9	6
3	17.4	8	9	6
3	17.4	8	9	6
3	17.4	8	9	6
3	17.4	8	9	6
3	17.4	8	9	6
3	17.4	8	9	6
3	17.4	9	10	6
3	17.4	9	10	6
3	17.4	9	10	6
3	17.4	9	10	6
3	17.4	9	10	6
3	17.4	9	10	6
3	17.4	9	10	6
3	17.4	9	10	6
3	17.4	9	10	6
3	17.4	9	10	6
3	17.4	9	10	6
3	17.4	9	10	6
3	17.4	9	10	6
3	17.4	9	10	6
3	17.4	9	10	6
3	17.4	9	10	6
3	17.4	9	10	6
3	17.4	9	10	6
3	17.4	9	10	6
3	17.4	11	12	6
3	17.4	11	12	6
3	17.4	11	12	6
3	17.4	11	12	6
3	17.4	11	12	6
3	17.4	11	12	6
3	17.4	11	12	6
3	17.4	11	12	6
3	17.4	11	12	6
3	17.4	11	12	6
3	17.4	11	12	6
3	17.4	11	12	6
3	17.4	11	12	6
3	17.4	11	12	6
3	17.4	11	12	6
3	17.4	11	12	6
3	17.4	11	12	6
3	17.4	11	12	6
3	17.4	11	12	6
3	17.4	12	13	6
3	17.4	12	13	6
3	17.4	12	13	6
3	17.4	12	13	6
3	17.4	12	13	6
3	17.4	12	13	6
3	17.4	12	13	6
3	17.4	12	13	6
3	17.4	12	13	6
3	17.4	12	13	6
3	17.4	12	13	6
3	17.4	12	13	6
3	17.4	13	14	6
3	17.4	13	14	6
3	17.4	13	14	6
3	17.4	13	14	6
3	17.4	13	14	6
3	17.4	13	14	6
3	17.4	13	14	6
3	17.4	13	14	6
3	17.4	13	14	6
3	17.4	13	14	6
3	17.4	13	14	6
3	17.4	13	14	6
3	17.4	13	14	6
3	17.4	14	15	6
3	17.4	14	15	6
3	17.4	14	15	6
3	17.4	14	15	6
3	17.4	14	15	6
3	17.4	14	15	6
3	17.4	14	15	6
3	17.4	15	16	6
3	17.4	15	16	6
3	17.4	15	16	6
3	17.4	15	16	6
3	17.4	15	16	6
3	17.4	15	16	6
3	17.4	18	19	6
3	17.4	18	19	6
3	17.4	18	19	6
3	17.4	18	19	6
3	17.4	18	19	6
3	17.4	18	19	6
3	17.4	18	19	6
3	17.4	19	20	6
3	17.4	19	20	6
3	17.4	19	20	6
3	17.4	19	20	6
3	17.4	19	20	6
3	17.4	19	20	6
3	17.4	21	22	6
3	17.4	21	22	6
3	17.4	22	23	6
3	17.4	22	23	6
3	17.4	22	23	6
3	17.4	22	23	6
3	17.4	22	23	6
3	17.4	22	23	6
3	17.4	22	23	6
3	17.4	22	23	6
3	17.4	1	2	6
3	17.4	1	2	6
3	17.4	1	2	6
3	17.4	1	2	6
3	17.4	1	2	6
3	17.4	1	2	6
3	17.4	1	2	6
3	17.4	1	2	6
3	17.4	1	2	6
3	17.4	1	2	6
3	17.4	1	2	6
3	17.4	1	2	6
3	17.4	1	2	6
3	17.4	1	2	6
3	17.4	1	2	6
3	17.4	1	2	6
3	17.4	1	2	6
3	17.4	2	3	6
3	17.4	2	3	6
3	17.4	2	3	6
3	17.4	2	3	6
3	17.4	2	3	6
3	17.4	2	3	6
3	17.4	2	3	6
3	17.4	2	3	6
3	17.4	2	3	6
3	17.4	2	3	6
3	17.4	2	3	6
3	17.4	2	3	6
3	17.4	2	3	6
3	17.4	2	3	6
3	17.4	2	3	6
3	17.4	2	3	6
3	17.4	2	3	6
3	17.4	2	3	6
3	17.4	2	3	6
3	17.4	2	3	6
3	17.4	2	3	6
3	17.4	2	3	6
3	17.4	2	3	6
3	17.4	2	3	6
3	17.4	2	3	6
3	17.4	2	3	6
3	17.4	2	3	6
3	17.4	2	3	6
3	17.4	2	3	6
3	17.4	2	3	6
3	17.4	2	3	6
3	17.4	2	3	6
3	17.4	2	3	6
3	17.4	2	3	6
3	17.4	2	3	6
3	17.4	2	3	6
3	17.4	2	3	6
3	17.4	2	3	6
3	17.4	2	3	6
3	17.4	2	3	6
3	17.4	2	3	6
3	17.4	2	3	6
3	17.4	2	3	6
3	17.4	2	3	6
3	17.4	3	4	6
3	17.4	3	4	6
3	17.4	3	4	6
3	17.4	3	4	6
3	17.4	3	4	6
3	17.4	3	4	6
3	17.4	3	4	6
3	17.4	3	4	6
3	17.4	3	4	6
3	17.4	3	4	6
3	17.4	3	4	6
3	17.4	3	4	6
3	17.4	3	4	6
3	17.4	3	4	6
3	17.4	3	4	6
3	17.4	3	4	6
3	17.4	3	4	6
3	17.4	3	4	6
3	17.4	3	4	6
3	17.4	3	4	6
3	17.4	3	4	6
3	17.4	3	4	6
3	17.4	3	4	6
3	17.4	3	4	6
3	17.4	3	4	6
3	17.4	3	4	6
3	17.4	3	4	6
3	17.4	3	4	6
3	17.4	3	4	6
3	17.4	3	4	6
3	17.4	3	4	6
3	17.4	3	4	6
3	17.4	3	4	6
3	17.4	3	4	6
3	17.4	3	4	6
3	17.4	3	4	6
3	17.4	3	4	6
3	17.4	3	4	6
3	17.4	3	4	6
3	17.4	3	4	6
3	17.4	3	4	6
3	17.4	3	4	6
3	17.4	3	4	6
3	17.4	4	5	6
3	17.4	4	5	6
3	17.4	4	5	6
3	17.4	4	5	6
3	17.4	4	5	6
3	17.4	4	5	6
3	17.4	4	5	6
3	17.4	4	5	6
3	17.4	4	5	6
3	17.4	4	5	6
3	17.4	4	5	6
3	17.4	4	5	6
3	17.4	4	5	6
3	17.4	4	5	6
3	17.4	4	5	6
3	17.4	4	5	6
3	17.4	4	5	6
3	17.4	4	5	6
3	17.4	4	5	6
3	17.4	4	5	6
3	17.4	4	5	6
3	17.4	4	5	6
3	17.4	4	5	6
3	17.4	4	5	6
3	17.4	4	5	6
3	17.4	4	5	6
3	17.4	4	5	6
3	17.4	5	6	6
3	17.4	5	6	6
3	17.4	5	6	6
3	17.4	5	6	6
3	17.4	5	6	6
3	17.4	5	6	6
3	17.4	5	6	6
3	17.4	5	6	6
3	17.4	5	6	6
3	17.4	5	6	6
3	17.4	5	6	6
3	17.4	5	6	6
3	17.4	5	6	6
3	17.4	5	6	6
3	17.4	5	6	6
3	17.4	5	6	6
3	17.4	5	6	6
3	17.4	5	6	6
3	17.4	5	6	6
3	17.4	6	7	6
3	17.4	6	7	6
3	17.4	6	7	6
3	17.4	6	7	6
3	17.4	6	7	6
3	17.4	6	7	6
3	17.4	6	7	6
3	17.4	6	7	6
3	17.4	6	7	6
3	17.4	6	7	6
3	17.4	6	7	6
3	17.4	6	7	6
3	17.4	6	7	6
3	17.4	6	7	6
3	17.4	6	7	6
3	17.4	6	7	6
3	17.4	6	7	6
3	17.4	6	7	6
3	17.4	6	7	6
3	17.4	6	7	6
3	17.4	6	7	6
3	17.4	6	7	6
3	17.4	6	7	6
3	17.4	6	7	6
3	17.4	7	8	6
3	17.4	7	8	6
3	17.4	7	8	6
3	17.4	7	8	6
3	17.4	7	8	6
3	17.4	7	8	6
3	17.4	7	8	6
3	17.4	7	8	6
3	17.4	7	8	6
3	17.4	7	8	6
3	17.4	7	8	6
3	17.4	7	8	6
3	17.4	7	8	6
3	17.4	7	8	6
3	17.4	7	8	6
3	17.4	7	8	6
3	17.4	7	8	6
3	17.4	7	8	6
3	17.4	7	8	6
3	17.4	7	8	6
3	17.4	7	8	6
3	17.4	7	8	6
3	17.4	8	9	6
3	17.4	8	9	6
3	17.4	8	9	6
3	17.4	8	9	6
3	17.4	8	9	6
3	17.4	8	9	6
3	17.4	8	9	6
3	17.4	8	9	6
3	17.4	8	9	6
3	17.4	8	9	6
3	17.4	8	9	6
3	17.4	8	9	6
3	17.4	8	9	6
3	17.4	8	9	6
3	17.4	8	9	6
3	17.4	8	9	6
3	17.4	8	9	6
3	17.4	10	11	6
3	17.4	10	11	6
3	17.4	10	11	6
3	17.4	10	11	6
3	17.4	10	11	6
3	17.4	10	11	6
3	17.4	10	11	6
3	17.4	10	11	6
3	17.4	10	11	6
3	17.4	10	11	6
3	17.4	10	11	6
3	17.4	10	11	6
3	17.4	10	11	6
3	17.4	10	11	6
3	17.4	10	11	6
3	17.4	10	11	6
3	17.4	10	11	6
3	17.4	10	11	6
3	17.4	10	11	6
3	17.4	10	11	6
3	17.4	10	11	6
3	17.4	10	11	6
3	17.4	10	11	6
3	17.4	10	11	6
3	17.4	10	11	6
3	17.4	10	11	6
3	17.4	10	11	6
3	17.4	10	11	6
3	17.4	10	11	6
3	17.4	10	11	6
3	17.4	10	11	6
3	17.4	10	11	6
3	17.4	10	11	6
3	17.4	10	11	6
3	17.4	10	11	6
3	17.4	10	11	6
3	17.4	10	11	6
3	17.4	10	11	6
3	17.4	10	11	6
3	17.4	10	11	6
3	17.4	10	11	6
3	17.4	10	11	6
3	17.4	10	11	6
3	17.4	10	11	6
3	17.4	10	11	6
3	17.4	10	11	6
3	17.4	10	11	6
3	17.4	11	12	6
3	17.4	11	12	6
3	17.4	11	12	6
3	17.4	11	12	6
3	17.4	11	12	6
3	17.4	11	12	6
3	17.4	11	12	6
3	17.4	11	12	6
3	17.4	11	12	6
3	17.4	11	12	6
3	17.4	11	12	6
3	17.4	11	12	6
3	17.4	11	12	6
3	17.4	11	12	6
3	17.4	11	12	6
3	17.4	11	12	6
3	17.4	11	12	6
3	17.4	11	12	6
3	17.4	11	12	6
3	17.4	11	12	6
3	17.4	12	13	6
3	17.4	12	13	6
3	17.4	12	13	6
3	17.4	12	13	6
3	17.4	12	13	6
3	17.4	12	13	6
3	17.4	12	13	6
3	17.4	13	14	6
3	17.4	14	15	6
3	17.4	14	15	6
3	17.4	17	18	6
3	17.4	17	18	6
3	17.4	17	18	6
3	17.4	17	18	6
3	17.4	18	19	6
3	17.4	18	19	6
3	17.4	18	19	6
3	17.4	18	19	6
3	17.4	18	19	6
3	17.4	20	21	6
3	17.4	20	21	6
3	17.4	20	21	6
3	17.4	20	21	6
3	17.4	20	21	6
3	17.4	20	21	6
3	17.4	20	21	6
3	17.4	20	21	6
3	17.4	20	21	6
3	17.4	20	21	6
3	17.4	20	21	6
3	17.4	20	21	6
3	17.4	20	21	6
3	17.4	20	21	6
3	17.4	24	25	6
3	17.4	24	25	6
3	17.4	24	25	6
3	17.4	24	25	6
3	17.4	24	25	6
3	17.4	24	25	6
3	17.4	24	25	6
3	17.4	24	25	6
3	17.4	1	2	6
3	17.4	1	2	6
3	17.4	1	2	6
3	17.4	1	2	6
3	17.4	1	2	6
3	17.4	1	2	6
3	17.4	1	2	6
3	17.4	1	2	6
3	17.4	1	2	6
3	17.4	1	2	6
3	17.4	1	2	6
3	17.4	1	2	6
3	17.4	1	2	6
3	17.4	1	2	6
3	17.4	1	2	6
3	17.4	1	2	6
3	17.4	1	2	6
3	17.4	1	2	6
3	17.4	1	2	6
3	17.4	1	2	6
3	17.4	1	2	6
3	17.4	1	2	6
3	17.4	1	2	6
3	17.4	1	2	6
3	17.4	1	2	6
3	17.4	1	2	6
3	17.4	2	3	6
3	17.4	2	3	6
3	17.4	2	3	6
3	17.4	2	3	6
3	17.4	2	3	6
3	17.4	2	3	6
3	17.4	2	3	6
3	17.4	2	3	6
3	17.4	2	3	6
3	17.4	2	3	6
3	17.4	2	3	6
3	17.4	2	3	6
3	17.4	2	3	6
3	17.4	2	3	6
3	17.4	2	3	6
3	17.4	2	3	6
3	17.4	2	3	6
3	17.4	2	3	6
3	17.4	2	3	6
3	17.4	2	3	6
3	17.4	2	3	6
3	17.4	2	3	6
3	17.4	2	3	6
3	17.4	2	3	6
3	17.4	2	3	6
3	17.4	2	3	6
3	17.4	3	4	6
3	17.4	3	4	6
3	17.4	3	4	6
3	17.4	3	4	6
3	17.4	3	4	6
3	17.4	3	4	6
3	17.4	3	4	6
3	17.4	3	4	6
3	17.4	3	4	6
3	17.4	3	4	6
3	17.4	3	4	6
3	17.4	3	4	6
3	17.4	3	4	6
3	17.4	3	4	6
3	17.4	3	4	6
3	17.4	3	4	6
3	17.4	3	4	6
3	17.4	3	4	6
3	17.4	3	4	6
3	17.4	3	4	6
3	17.4	3	4	6
3	17.4	3	4	6
3	17.4	3	4	6
3	17.4	3	4	6
3	17.4	3	4	6
3	17.4	3	4	6
3	17.4	3	4	6
3	17.4	3	4	6
3	17.4	3	4	6
3	17.4	3	4	6
3	17.4	3	4	6
3	17.4	3	4	6
3	17.4	3	4	6
3	17.4	3	4	6
3	17.4	3	4	6
3	17.4	4	5	6
3	17.4	4	5	6
3	17.4	4	5	6
3	17.4	4	5	6
3	17.4	4	5	6
3	17.4	4	5	6
3	17.4	4	5	6
3	17.4	4	5	6
3	17.4	4	5	6
3	17.4	4	5	6
3	17.4	4	5	6
3	17.4	4	5	6
3	17.4	4	5	6
3	17.4	4	5	6
3	17.4	4	5	6
3	17.4	4	5	6
3	17.4	4	5	6
3	17.4	4	5	6
3	17.4	5	6	6
3	17.4	5	6	6
3	17.4	5	6	6
3	17.4	5	6	6
3	17.4	5	6	6
3	17.4	5	6	6
3	17.4	5	6	6
3	17.4	5	6	6
3	17.4	5	6	6
3	17.4	5	6	6
3	17.4	5	6	6
3	17.4	5	6	6
3	17.4	5	6	6
3	17.4	5	6	6
3	17.4	5	6	6
3	17.4	5	6	6
3	17.4	5	6	6
3	17.4	5	6	6
3	17.4	5	6	6
3	17.4	5	6	6
3	17.4	5	6	6
3	17.4	5	6	6
3	17.4	5	6	6
3	17.4	5	6	6
3	17.4	5	6	6
3	17.4	5	6	6
3	17.4	5	6	6
3	17.4	5	6	6
3	17.4	5	6	6
3	17.4	5	6	6
3	17.4	5	6	6
3	17.4	5	6	6
3	17.4	5	6	6
3	17.4	5	6	6
3	17.4	5	6	6
3	17.4	5	6	6
3	17.4	5	6	6
3	17.4	5	6	6
3	17.4	5	6	6
3	17.4	5	6	6
3	17.4	5	6	6
3	17.4	5	6	6
3	17.4	5	6	6
3	17.4	5	6	6
3	17.4	5	6	6
3	17.4	5	6	6
3	17.4	5	6	6
3	17.4	6	7	6
3	17.4	6	7	6
3	17.4	6	7	6
3	17.4	6	7	6
3	17.4	6	7	6
3	17.4	6	7	6
3	17.4	6	7	6
3	17.4	6	7	6
3	17.4	6	7	6
3	17.4	6	7	6
3	17.4	6	7	6
3	17.4	6	7	6
3	17.4	6	7	6
3	17.4	6	7	6
3	17.4	6	7	6
3	17.4	6	7	6
3	17.4	6	7	6
3	17.4	6	7	6
3	17.4	6	7	6
3	17.4	7	8	6
3	17.4	7	8	6
3	17.4	7	8	6
3	17.4	7	8	6
3	17.4	7	8	6
3	17.4	7	8	6
3	17.4	7	8	6
3	17.4	7	8	6
3	17.4	7	8	6
3	17.4	9	10	6
3	17.4	9	10	6
3	17.4	9	10	6
3	17.4	9	10	6
3	17.4	9	10	6
3	17.4	9	10	6
3	17.4	9	10	6
3	17.4	9	10	6
3	17.4	9	10	6
3	17.4	9	10	6
3	17.4	9	10	6
3	17.4	9	10	6
3	17.4	9	10	6
3	17.4	9	10	6
3	17.4	9	10	6
3	17.4	9	10	6
3	17.4	9	10	6
3	17.4	9	10	6
3	17.4	9	10	6
3	17.4	9	10	6
3	17.4	9	10	6
3	17.4	9	10	6
3	17.4	9	10	6
3	17.4	9	10	6
3	17.4	9	10	6
3	17.4	9	10	6
3	17.4	9	10	6
3	17.4	9	10	6
3	17.4	9	10	6
3	17.4	9	10	6
3	17.4	9	10	6
3	17.4	9	10	6
3	17.4	9	10	6
3	17.4	9	10	6
3	17.4	9	10	6
3	17.4	9	10	6
3	17.4	9	10	6
3	17.4	10	11	6
3	17.4	10	11	6
3	17.4	10	11	6
3	17.4	10	11	6
3	17.4	10	11	6
3	17.4	10	11	6
3	17.4	10	11	6
3	17.4	10	11	6
3	17.4	10	11	6
3	17.4	10	11	6
3	17.4	10	11	6
3	17.4	11	12	6
3	17.4	11	12	6
3	17.4	13	14	6
3	17.4	13	14	6
3	17.4	16	17	6
3	17.4	16	17	6
3	17.4	16	17	6
3	17.4	16	17	6
3	17.4	16	17	6
3	17.4	16	17	6
3	17.4	16	17	6
3	17.4	16	17	6
3	17.4	16	17	6
3	17.4	16	17	6
3	17.4	16	17	6
3	17.4	16	17	6
3	17.4	16	17	6
3	17.4	16	17	6
3	17.4	16	17	6
3	17.4	16	17	6
3	17.4	16	17	6
3	17.4	16	17	6
3	17.4	16	17	6
3	17.4	16	17	6
3	17.4	16	17	6
3	17.4	16	17	6
3	17.4	16	17	6
3	17.4	16	17	6
3	17.4	16	17	6
3	17.4	16	17	6
3	17.4	16	17	6
3	17.4	16	17	6
3	17.4	16	17	6
3	17.4	16	17	6
3	17.4	17	18	6
3	17.4	17	18	6
3	17.4	17	18	6
3	17.4	17	18	6
3	17.4	18	19	6
3	17.4	18	19	6
3	17.4	18	19	6
3	17.4	18	19	6
3	17.4	18	19	6
3	17.4	18	19	6
3	17.4	18	19	6
3	17.4	19	20	6
3	17.4	19	20	6
3	17.4	19	20	6
3	17.4	19	20	6
3	17.4	19	20	6
3	17.4	19	20	6
3	17.4	19	20	6
3	17.4	20	21	6
3	17.4	20	21	6
3	17.4	20	21	6
3	17.4	20	21	6
3	17.4	20	21	6
3	17.4	20	21	6
3	17.4	20	21	6
3	17.4	20	21	6
3	17.4	20	21	6
3	17.4	20	21	6
3	17.4	20	21	6
3	17.4	20	21	6
3	17.4	20	21	6
3	17.4	20	21	6
3	17.4	20	21	6
3	17.4	20	21	6
3	17.4	20	21	6
3	17.4	23	24	6
3	17.4	23	24	6
3	17.4	23	24	6
3	17.4	23	24	6
3	17.4	23	24	6
3	17.4	1	2	6
3	17.4	1	2	6
3	17.4	1	2	6
3	17.4	1	2	6
3	17.4	1	2	6
3	17.4	1	2	6
3	17.4	1	2	6
3	17.4	1	2	6
3	17.4	1	2	6
3	17.4	1	2	6
3	17.4	1	2	6
3	17.4	1	2	6
3	17.4	2	3	6
3	17.4	2	3	6
3	17.4	2	3	6
3	17.4	2	3	6
3	17.4	2	3	6
3	17.4	2	3	6
3	17.4	2	3	6
3	17.4	2	3	6
3	17.4	2	3	6
3	17.4	2	3	6
3	17.4	2	3	6
3	17.4	2	3	6
3	17.4	2	3	6
3	17.4	2	3	6
3	17.4	2	3	6
3	17.4	2	3	6
3	17.4	2	3	6
3	17.4	2	3	6
3	17.4	2	3	6
3	17.4	2	3	6
3	17.4	2	3	6
3	17.4	2	3	6
3	17.4	2	3	6
3	17.4	2	3	6
3	17.4	2	3	6
3	17.4	2	3	6
3	17.4	2	3	6
3	17.4	2	3	6
3	17.4	2	3	6
3	17.4	2	3	6
3	17.4	2	3	6
3	17.4	2	3	6
3	17.4	2	3	6
3	17.4	2	3	6
3	17.4	2	3	6
3	17.4	2	3	6
3	17.4	2	3	6
3	17.4	2	3	6
3	17.4	2	3	6
3	17.4	2	3	6
3	17.4	2	3	6
3	17.4	2	3	6
3	17.4	2	3	6
3	17.4	2	3	6
3	17.4	3	4	6
3	17.4	3	4	6
3	17.4	3	4	6
3	17.4	3	4	6
3	17.4	3	4	6
3	17.4	3	4	6
3	17.4	3	4	6
3	17.4	3	4	6
3	17.4	3	4	6
3	17.4	3	4	6
3	17.4	3	4	6
3	17.4	3	4	6
3	17.4	3	4	6
3	17.4	3	4	6
3	17.4	3	4	6
3	17.4	3	4	6
3	17.4	3	4	6
3	17.4	3	4	6
3	17.4	3	4	6
3	17.4	3	4	6
3	17.4	3	4	6
3	17.4	3	4	6
3	17.4	3	4	6
3	17.4	3	4	6
3	17.4	3	4	6
3	17.4	3	4	6
3	17.4	3	4	6
3	17.4	3	4	6
3	17.4	3	4	6
3	17.4	3	4	6
3	17.4	3	4	6
3	17.4	3	4	6
3	17.4	3	4	6
3	17.4	3	4	6
3	17.4	3	4	6
3	17.4	3	4	6
3	17.4	3	4	6
3	17.4	4	5	6
3	17.4	4	5	6
3	17.4	4	5	6
3	17.4	4	5	6
3	17.4	4	5	6
3	17.4	4	5	6
3	17.4	4	5	6
3	17.4	4	5	6
3	17.4	4	5	6
3	17.4	4	5	6
3	17.4	4	5	6
3	17.4	4	5	6
3	17.4	4	5	6
3	17.4	4	5	6
3	17.4	4	5	6
3	17.4	4	5	6
3	17.4	4	5	6
3	17.4	4	5	6
3	17.4	4	5	6
3	17.4	4	5	6
3	17.4	4	5	6
3	17.4	4	5	6
3	17.4	4	5	6
3	17.4	4	5	6
3	17.4	4	5	6
3	17.4	4	5	6
3	17.4	4	5	6
3	17.4	4	5	6
3	17.4	4	5	6
3	17.4	4	5	6
3	17.4	4	5	6
3	17.4	4	5	6
3	17.4	4	5	6
3	17.4	4	5	6
3	17.4	4	5	6
3	17.4	4	5	6
3	17.4	4	5	6
3	17.4	4	5	6
3	17.4	4	5	6
3	17.4	4	5	6
3	17.4	4	5	6
3	17.4	4	5	6
3	17.4	4	5	6
3	17.4	4	5	6
3	17.4	4	5	6
3	17.4	4	5	6
3	17.4	4	5	6
3	17.4	4	5	6
3	17.4	4	5	6
3	17.4	4	5	6
3	17.4	4	5	6
3	17.4	4	5	6
3	17.4	4	5	6
3	17.4	4	5	6
3	17.4	4	5	6
3	17.4	5	6	6
3	17.4	5	6	6
3	17.4	5	6	6
3	17.4	5	6	6
3	17.4	5	6	6
3	17.4	5	6	6
3	17.4	5	6	6
3	17.4	5	6	6
3	17.4	5	6	6
3	17.4	5	6	6
3	17.4	5	6	6
3	17.4	5	6	6
3	17.4	5	6	6
3	17.4	5	6	6
3	17.4	5	6	6
3	17.4	5	6	6
3	17.4	6	7	6
3	17.4	6	7	6
3	17.4	6	7	6
3	17.4	6	7	6
3	17.4	6	7	6
3	17.4	6	7	6
3	17.4	6	7	6
3	17.4	6	7	6
3	17.4	6	7	6
3	17.4	6	7	6
3	17.4	6	7	6
3	17.4	6	7	6
3	17.4	6	7	6
3	17.4	6	7	6
3	17.4	6	7	6
3	17.4	6	7	6
3	17.4	6	7	6
3	17.4	6	7	6
3	17.4	6	7	6
3	17.4	6	7	6
3	17.4	6	7	6
3	17.4	6	7	6
3	17.4	6	7	6
3	17.4	8	9	6
3	17.4	8	9	6
3	17.4	8	9	6
3	17.4	8	9	6
3	17.4	8	9	6
3	17.4	8	9	6
3	17.4	8	9	6
3	17.4	8	9	6
3	17.4	8	9	6
3	17.4	8	9	6
3	17.4	8	9	6
3	17.4	8	9	6
3	17.4	8	9	6
3	17.4	8	9	6
3	17.4	8	9	6
3	17.4	8	9	6
3	17.4	8	9	6
3	17.4	8	9	6
3	17.4	8	9	6
3	17.4	8	9	6
3	17.4	8	9	6
3	17.4	8	9	6
3	17.4	8	9	6
3	17.4	8	9	6
3	17.4	8	9	6
3	17.4	8	9	6
3	17.4	8	9	6
3	17.4	8	9	6
3	17.4	8	9	6
3	17.4	8	9	6
3	17.4	8	9	6
3	17.4	8	9	6
3	17.4	8	9	6
3	17.4	8	9	6
3	17.4	8	9	6
3	17.4	8	9	6
3	17.4	8	9	6
3	17.4	8	9	6
3	17.4	8	9	6
3	17.4	8	9	6
3	17.4	9	10	6
3	17.4	9	10	6
3	17.4	9	10	6
3	17.4	9	10	6
3	17.4	9	10	6
3	17.4	9	10	6
3	17.4	9	10	6
3	17.4	9	10	6
3	17.4	9	10	6
3	17.4	9	10	6
3	17.4	9	10	6
3	17.4	10	11	6
3	17.4	10	11	6
3	17.4	10	11	6
3	17.4	10	11	6
3	17.4	15	16	6
3	17.4	15	16	6
3	17.4	15	16	6
3	17.4	15	16	6
3	17.4	15	16	6
3	17.4	16	17	6
3	17.4	17	18	6
3	17.4	17	18	6
3	17.4	17	18	6
3	17.4	17	18	6
3	17.4	17	18	6
3	17.4	17	18	6
3	17.4	17	18	6
3	17.4	17	18	6
3	17.4	17	18	6
3	17.4	17	18	6
3	17.4	17	18	6
3	17.4	18	19	6
3	17.4	18	19	6
3	17.4	18	19	6
3	17.4	18	19	6
3	17.4	18	19	6
3	17.4	18	19	6
3	17.4	18	19	6
3	17.4	2	3	6
3	17.4	2	3	6
3	17.4	2	3	6
3	17.4	2	3	6
3	17.4	2	3	6
3	17.4	2	3	6
3	17.4	2	3	6
3	17.4	2	3	6
3	17.4	2	3	6
3	17.4	2	3	6
3	17.4	2	3	6
3	17.4	2	3	6
3	17.4	2	3	6
3	17.4	2	3	6
3	17.4	2	3	6
3	17.4	2	3	6
3	17.4	2	3	6
3	17.4	2	3	6
3	17.4	2	3	6
3	17.4	2	3	6
3	17.4	2	3	6
3	17.4	2	3	6
3	17.4	2	3	6
3	17.4	2	3	6
3	17.4	2	3	6
3	17.4	2	3	6
3	17.4	2	3	6
3	17.4	2	3	6
3	17.4	2	3	6
3	17.4	2	3	6
3	17.4	3	4	6
3	17.4	3	4	6
3	17.4	3	4	6
3	17.4	3	4	6
3	17.4	3	4	6
3	17.4	3	4	6
3	17.4	3	4	6
3	17.4	3	4	6
3	17.4	3	4	6
3	17.4	3	4	6
3	17.4	3	4	6
3	17.4	3	4	6
3	17.4	3	4	6
3	17.4	3	4	6
3	17.4	3	4	6
3	17.4	3	4	6
3	17.4	3	4	6
3	17.4	3	4	6
3	17.4	3	4	6
3	17.4	3	4	6
3	17.4	3	4	6
3	17.4	3	4	6
3	17.4	3	4	6
3	17.4	3	4	6
3	17.4	3	4	6
3	17.4	3	4	6
3	17.4	4	5	6
3	17.4	4	5	6
3	17.4	4	5	6
3	17.4	4	5	6
3	17.4	4	5	6
3	17.4	4	5	6
3	17.4	4	5	6
3	17.4	4	5	6
3	17.4	4	5	6
3	17.4	4	5	6
3	17.4	4	5	6
3	17.4	4	5	6
3	17.4	4	5	6
3	17.4	4	5	6
3	17.4	4	5	6
3	17.4	4	5	6
3	17.4	4	5	6
3	17.4	4	5	6
3	17.4	4	5	6
3	17.4	4	5	6
3	17.4	4	5	6
3	17.4	4	5	6
3	17.4	4	5	6
3	17.4	4	5	6
3	17.4	4	5	6
3	17.4	4	5	6
3	17.4	4	5	6
3	17.4	4	5	6
3	17.4	4	5	6
3	17.4	4	5	6
3	17.4	4	5	6
3	17.4	5	6	6
3	17.4	5	6	6
3	17.4	5	6	6
3	17.4	5	6	6
3	17.4	5	6	6
3	17.4	5	6	6
3	17.4	5	6	6
3	17.4	5	6	6
3	17.4	5	6	6
3	17.4	5	6	6
3	17.4	5	6	6
3	17.4	5	6	6
3	17.4	5	6	6
3	17.4	7	8	6
3	17.4	7	8	6
3	17.4	7	8	6
3	17.4	7	8	6
3	17.4	7	8	6
3	17.4	7	8	6
3	17.4	7	8	6
3	17.4	7	8	6
3	17.4	7	8	6
3	17.4	7	8	6
3	17.4	7	8	6
3	17.4	7	8	6
3	17.4	7	8	6
3	17.4	7	8	6
3	17.4	7	8	6
3	17.4	7	8	6
3	17.4	7	8	6
3	17.4	7	8	6
3	17.4	7	8	6
3	17.4	7	8	6
3	17.4	7	8	6
3	17.4	7	8	6
3	17.4	7	8	6
3	17.4	7	8	6
3	17.4	7	8	6
3	17.4	7	8	6
3	17.4	7	8	6
3	17.4	7	8	6
3	17.4	7	8	6
3	17.4	7	8	6
3	17.4	7	8	6
3	17.4	7	8	6
3	17.4	7	8	6
3	17.4	8	9	6
3	17.4	8	9	6
3	17.4	8	9	6
3	17.4	8	9	6
3	17.4	9	10	6
3	17.4	9	10	6
3	17.4	9	10	6
3	17.4	9	10	6
3	17.4	9	10	6
3	17.4	9	10	6
3	17.4	9	10	6
3	17.4	9	10	6
3	17.4	10	11	6
3	17.4	10	11	6
3	17.4	10	11	6
3	17.4	11	12	6
3	17.4	11	12	6
3	17.4	11	12	6
3	17.4	11	12	6
3	17.4	11	12	6
3	17.4	11	12	6
3	17.4	11	12	6
3	17.4	14	15	6
3	17.4	14	15	6
3	17.4	14	15	6
3	17.4	14	15	6
3	17.4	14	15	6
3	17.4	14	15	6
3	17.4	15	16	6
3	17.4	15	16	6
3	17.4	15	16	6
3	17.4	15	16	6
3	17.4	15	16	6
3	17.4	15	16	6
3	17.4	16	17	6
3	17.4	16	17	6
3	17.4	16	17	6
3	17.4	16	17	6
3	17.4	17	18	6
3	17.4	17	18	6
3	17.4	17	18	6
3	17.4	17	18	6
3	17.4	17	18	6
3	17.4	18	19	6
3	17.4	18	19	6
3	17.4	18	19	6
3	17.4	18	19	6
3	17.4	21	22	6
3	17.4	21	22	6
3	17.4	1	2	6
3	17.4	1	2	6
3	17.4	1	2	6
3	17.4	2	3	6
3	17.4	2	3	6
3	17.4	2	3	6
3	17.4	2	3	6
3	17.4	2	3	6
3	17.4	2	3	6
3	17.4	2	3	6
3	17.4	2	3	6
3	17.4	2	3	6
3	17.4	2	3	6
3	17.4	2	3	6
3	17.4	2	3	6
3	17.4	2	3	6
3	17.4	2	3	6
3	17.4	2	3	6
3	17.4	2	3	6
3	17.4	2	3	6
3	17.4	2	3	6
3	17.4	2	3	6
3	17.4	2	3	6
3	17.4	2	3	6
3	17.4	2	3	6
3	17.4	2	3	6
3	17.4	2	3	6
3	17.4	2	3	6
3	17.4	3	4	6
3	17.4	3	4	6
3	17.4	3	4	6
3	17.4	3	4	6
3	17.4	3	4	6
3	17.4	3	4	6
3	17.4	3	4	6
3	17.4	3	4	6
3	17.4	3	4	6
3	17.4	3	4	6
3	17.4	3	4	6
3	17.4	3	4	6
3	17.4	3	4	6
3	17.4	3	4	6
3	17.4	3	4	6
3	17.4	3	4	6
3	17.4	3	4	6
3	17.4	3	4	6
3	17.4	3	4	6
3	17.4	3	4	6
3	17.4	3	4	6
3	17.4	3	4	6
3	17.4	3	4	6
3	17.4	3	4	6
3	17.4	3	4	6
3	17.4	3	4	6
3	17.4	3	4	6
3	17.4	3	4	6
3	17.4	3	4	6
3	17.4	3	4	6
3	17.4	3	4	6
3	17.4	3	4	6
3	17.4	3	4	6
3	17.4	3	4	6
3	17.4	3	4	6
3	17.4	3	4	6
3	17.4	3	4	6
3	17.4	3	4	6
3	17.4	3	4	6
3	17.4	3	4	6
3	17.4	3	4	6
3	17.4	3	4	6
3	17.4	3	4	6
3	17.4	3	4	6
3	17.4	3	4	6
3	17.4	3	4	6
3	17.4	3	4	6
3	17.4	3	4	6
3	17.4	3	4	6
3	17.4	3	4	6
3	17.4	3	4	6
3	17.4	3	4	6
3	17.4	3	4	6
3	17.4	3	4	6
3	17.4	3	4	6
3	17.4	3	4	6
3	17.4	3	4	6
3	17.4	3	4	6
3	17.4	3	4	6
3	17.4	3	4	6
3	17.4	3	4	6
3	17.4	3	4	6
3	17.4	3	4	6
3	17.4	3	4	6
3	17.4	3	4	6
3	17.4	3	4	6
3	17.4	3	4	6
3	17.4	3	4	6
3	17.4	3	4	6
3	17.4	3	4	6
3	17.4	3	4	6
3	17.4	3	4	6
3	17.4	4	5	6
3	17.4	4	5	6
3	17.4	4	5	6
3	17.4	4	5	6
3	17.4	4	5	6
3	17.4	4	5	6
3	17.4	4	5	6
3	17.4	4	5	6
3	17.4	4	5	6
3	17.4	4	5	6
3	17.4	4	5	6
3	17.4	4	5	6
3	17.4	4	5	6
3	17.4	4	5	6
3	17.4	4	5	6
3	17.4	4	5	6
3	17.4	4	5	6
3	17.4	4	5	6
3	17.4	4	5	6
3	17.4	4	5	6
3	17.4	5	6	6
3	17.4	5	6	6
3	17.4	5	6	6
3	17.4	5	6	6
3	17.4	5	6	6
3	17.4	5	6	6
3	17.4	5	6	6
3	17.4	5	6	6
3	17.4	5	6	6
3	17.4	5	6	6
3	17.4	5	6	6
3	17.4	5	6	6
3	17.4	5	6	6
3	17.4	5	6	6
3	17.4	5	6	6
3	17.4	5	6	6
3	17.4	5	6	6
3	17.4	5	6	6
3	17.4	5	6	6
3	17.4	5	6	6
3	17.4	5	6	6
3	17.4	5	6	6
3	17.4	5	6	6
3	17.4	5	6	6
3	17.4	5	6	6
3	17.4	5	6	6
3	17.4	5	6	6
3	17.4	5	6	6
3	17.4	7	8	6
3	17.4	7	8	6
3	17.4	7	8	6
3	17.4	7	8	6
3	17.4	7	8	6
3	17.4	7	8	6
3	17.4	7	8	6
3	17.4	7	8	6
3	17.4	7	8	6
3	17.4	7	8	6
3	17.4	7	8	6
3	17.4	7	8	6
3	17.4	7	8	6
3	17.4	7	8	6
3	17.4	7	8	6
3	17.4	7	8	6
3	17.4	7	8	6
3	17.4	7	8	6
3	17.4	7	8	6
3	17.4	7	8	6
3	17.4	7	8	6
3	17.4	7	8	6
3	17.4	7	8	6
3	17.4	7	8	6
3	17.4	7	8	6
3	17.4	7	8	6
3	17.4	7	8	6
3	17.4	7	8	6
3	17.4	7	8	6
3	17.4	7	8	6
3	17.4	7	8	6
3	17.4	7	8	6
3	17.4	7	8	6
3	17.4	7	8	6
3	17.4	7	8	6
3	17.4	7	8	6
3	17.4	7	8	6
3	17.4	7	8	6
3	17.4	7	8	6
3	17.4	8	9	6
3	17.4	8	9	6
3	17.4	8	9	6
3	17.4	8	9	6
3	17.4	8	9	6
3	17.4	8	9	6
3	17.4	8	9	6
3	17.4	9	10	6
3	17.4	10	11	6
3	17.4	14	15	6
3	17.4	14	15	6
3	17.4	14	15	6
3	17.4	14	15	6
3	17.4	14	15	6
3	17.4	14	15	6
3	17.4	14	15	6
3	17.4	14	15	6
3	17.4	14	15	6
3	17.4	15	16	6
3	17.4	15	16	6
3	17.4	15	16	6
3	17.4	15	16	6
3	17.4	16	17	6
3	17.4	16	17	6
3	17.4	16	17	6
3	17.4	16	17	6
3	17.4	16	17	6
3	17.4	16	17	6
3	17.4	17	18	6
3	17.4	17	18	6
3	17.4	17	18	6
3	17.4	18	19	6
3	17.4	18	19	6
3	17.4	18	19	6
3	17.4	21	22	6
3	17.4	21	22	6
3	17.4	21	22	6
3	17.4	22	23	6
3	17.4	22	23	6
3	17.4	22	23	6
3	17.4	22	23	6
3	17.4	22	23	6
3	17.4	22	23	6
3	17.4	22	23	6
3	17.4	22	23	6
3	17.4	22	23	6
3	17.4	22	23	6
3	17.4	22	23	6
3	17.4	22	23	6
3	17.4	22	23	6
3	17.4	22	23	6
3	17.4	22	23	6
3	17.4	22	23	6
3	17.4	22	23	6
3	17.4	22	23	6
3	17.4	22	23	6
3	17.4	22	23	6
3	17.4	22	23	6
3	17.4	22	23	6
3	17.4	22	23	6
3	17.4	22	23	6
3	17.4	22	23	6
3	17.4	22	23	6
3	17.4	22	23	6
3	17.4	22	23	6
3	17.4	23	24	6
3	17.4	23	24	6
3	17.4	23	24	6
3	17.4	23	24	6
3	17.4	23	24	6
3	17.4	25	26	6
3	17.4	25	26	6
3	17.4	25	26	6
3	17.4	25	26	6
3	17.4	25	26	6
3	17.4	28	29	6
3	17.4	28	29	6
3	17.4	28	29	6
3	17.4	28	29	6
3	17.4	28	29	6
3	17.4	28	29	6
3	17.4	28	29	6
3	17.4	28	29	6
3	17.4	28	29	6
3	17.4	30	31	6
3	17.4	30	31	6
3	17.4	30	31	6
3	17.4	30	31	6
3	17.4	30	31	6
3	17.4	30	31	6
3	17.4	30	31	6
3	17.4	30	31	6
3	17.4	30	31	6
3	17.4	30	31	6
3	17.4	30	31	6
3	17.4	30	31	6
3	17.4	30	31	6
3	17.4	32	33	6
3	17.4	32	33	6
3	17.4	32	33	6
3	17.4	32	33	6
3	17.4	32	33	6
3	17.4	32	33	6
3	17.4	32	33	6
3	17.4	32	33	6
3	17.4	32	33	6
3	17.4	32	33	6
3	17.4	32	33	6
3	17.4	32	33	6
3	17.4	32	33	6
3	17.4	32	33	6
3	17.4	32	33	6
3	17.4	37	38	6
3	17.4	37	38	6
3	17.4	37	38	6
3	17.4	37	38	6
3	17.4	37	38	6
3	17.4	37	38	6
3	17.4	37	38	6
3	17.4	37	38	6
3	17.4	37	38	6
3	17.4	37	38	6
3	17.4	37	38	6
4	20.4	2	3	5
4	20.4	2	3	5
4	20.4	2	3	5
4	20.4	2	3	5
4	20.4	2	3	5
4	20.4	2	3	5
4	20.4	3	4	5
4	20.4	3	4	5
4	20.4	3	4	5
4	20.4	3	4	5
4	20.4	3	4	5
4	20.4	3	4	5
4	20.4	3	4	5
4	20.4	3	4	5
4	20.4	3	4	5
4	20.4	3	4	5
4	20.4	3	4	5
4	20.4	3	4	5
4	20.4	3	4	5
4	20.4	3	4	5
4	20.4	3	4	5
4	20.4	3	4	5
4	20.4	3	4	5
4	20.4	3	4	5
4	20.4	3	4	5
4	20.4	3	4	5
4	20.4	3	4	5
4	20.4	3	4	5
4	20.4	3	4	5
4	20.4	4	5	5
4	20.4	4	5	5
4	20.4	4	5	5
4	20.4	4	5	5
4	20.4	4	5	5
4	20.4	4	5	5
4	20.4	4	5	5
4	20.4	4	5	5
4	20.4	4	5	5
4	20.4	4	5	5
4	20.4	4	5	5
4	20.4	4	5	5
4	20.4	4	5	5
4	20.4	4	5	5
4	20.4	4	5	5
4	20.4	4	5	5
4	20.4	4	5	5
4	20.4	4	5	5
4	20.4	4	5	5
4	20.4	4	5	5
4	20.4	5	6	5
4	20.4	5	6	5
4	20.4	5	6	5
4	20.4	5	6	5
4	20.4	5	6	5
4	20.4	5	6	5
4	20.4	5	6	5
4	20.4	5	6	5
4	20.4	5	6	5
4	20.4	5	6	5
4	20.4	5	6	5
4	20.4	5	6	5
4	20.4	5	6	5
4	20.4	5	6	5
4	20.4	5	6	5
4	20.4	5	6	5
4	20.4	5	6	5
4	20.4	5	6	5
4	20.4	5	6	5
4	20.4	5	6	5
4	20.4	5	6	5
4	20.4	5	6	5
4	20.4	5	6	5
4	20.4	5	6	5
4	20.4	5	6	5
4	20.4	5	6	5
4	20.4	5	6	5
4	20.4	5	6	5
4	20.4	5	6	5
4	20.4	5	6	5
4	20.4	6	7	5
4	20.4	6	7	5
4	20.4	6	7	5
4	20.4	6	7	5
4	20.4	6	7	5
4	20.4	6	7	5
4	20.4	6	7	5
4	20.4	6	7	5
4	20.4	6	7	5
4	20.4	6	7	5
4	20.4	6	7	5
4	20.4	6	7	5
4	20.4	6	7	5
4	20.4	6	7	5
4	20.4	6	7	5
4	20.4	6	7	5
4	20.4	6	7	5
4	20.4	6	7	5
4	20.4	6	7	5
4	20.4	6	7	5
4	20.4	6	7	5
4	20.4	6	7	5
4	20.4	6	7	5
4	20.4	6	7	5
4	20.4	6	7	5
4	20.4	6	7	5
4	20.4	6	7	5
4	20.4	7	8	5
4	20.4	7	8	5
4	20.4	7	8	5
4	20.4	7	8	5
4	20.4	7	8	5
4	20.4	7	8	5
4	20.4	7	8	5
4	20.4	7	8	5
4	20.4	7	8	5
4	20.4	7	8	5
4	20.4	7	8	5
4	20.4	7	8	5
4	20.4	7	8	5
4	20.4	7	8	5
4	20.4	7	8	5
4	20.4	7	8	5
4	20.4	7	8	5
4	20.4	7	8	5
4	20.4	8	9	5
4	20.4	8	9	5
4	20.4	8	9	5
4	20.4	8	9	5
4	20.4	8	9	5
4	20.4	8	9	5
4	20.4	8	9	5
4	20.4	8	9	5
4	20.4	8	9	5
4	20.4	8	9	5
4	20.4	8	9	5
4	20.4	8	9	5
4	20.4	8	9	5
4	20.4	8	9	5
4	20.4	8	9	5
4	20.4	8	9	5
4	20.4	8	9	5
4	20.4	8	9	5
4	20.4	9	10	5
4	20.4	9	10	5
4	20.4	9	10	5
4	20.4	9	10	5
4	20.4	9	10	5
4	20.4	9	10	5
4	20.4	9	10	5
4	20.4	9	10	5
4	20.4	9	10	5
4	20.4	10	11	5
4	20.4	10	11	5
4	20.4	10	11	5
4	20.4	10	11	5
4	20.4	10	11	5
4	20.4	10	11	5
4	20.4	10	11	5
4	20.4	10	11	5
4	20.4	10	11	5
4	20.4	10	11	5
4	20.4	10	11	5
4	20.4	10	11	5
4	20.4	10	11	5
4	20.4	11	12	5
4	20.4	11	12	5
4	20.4	11	12	5
4	20.4	11	12	5
4	20.4	11	12	5
4	20.4	11	12	5
4	20.4	11	12	5
4	20.4	12	13	5
4	20.4	12	13	5
4	20.4	12	13	5
4	20.4	12	13	5
4	20.4	12	13	5
4	20.4	12	13	5
4	20.4	12	13	5
4	20.4	12	13	5
4	20.4	13	14	5
4	20.4	13	14	5
4	20.4	13	14	5
4	20.4	13	14	5
4	20.4	13	14	5
4	20.4	13	14	5
4	20.4	13	14	5
4	20.4	13	14	5
4	20.4	14	15	5
4	20.4	14	15	5
4	20.4	14	15	5
4	20.4	14	15	5
4	20.4	14	15	5
4	20.4	15	16	5
4	20.4	15	16	5
4	20.4	15	16	5
4	20.4	15	16	5
4	20.4	15	16	5
4	20.4	17	18	5
4	20.4	17	18	5
4	20.4	17	18	5
4	20.4	17	18	5
4	20.4	2	3	5
4	20.4	2	3	5
4	20.4	2	3	5
4	20.4	2	3	5
4	20.4	2	3	5
4	20.4	2	3	5
4	20.4	3	4	5
4	20.4	3	4	5
4	20.4	3	4	5
4	20.4	3	4	5
4	20.4	3	4	5
4	20.4	3	4	5
4	20.4	3	4	5
4	20.4	3	4	5
4	20.4	3	4	5
4	20.4	3	4	5
4	20.4	3	4	5
4	20.4	3	4	5
4	20.4	3	4	5
4	20.4	3	4	5
4	20.4	3	4	5
4	20.4	3	4	5
4	20.4	3	4	5
4	20.4	3	4	5
4	20.4	3	4	5
4	20.4	3	4	5
4	20.4	3	4	5
4	20.4	3	4	5
4	20.4	3	4	5
4	20.4	4	5	5
4	20.4	4	5	5
4	20.4	4	5	5
4	20.4	4	5	5
4	20.4	4	5	5
4	20.4	4	5	5
4	20.4	4	5	5
4	20.4	4	5	5
4	20.4	4	5	5
4	20.4	4	5	5
4	20.4	4	5	5
4	20.4	4	5	5
4	20.4	4	5	5
4	20.4	4	5	5
4	20.4	4	5	5
4	20.4	4	5	5
4	20.4	4	5	5
4	20.4	4	5	5
4	20.4	4	5	5
4	20.4	4	5	5
4	20.4	4	5	5
4	20.4	5	6	5
4	20.4	5	6	5
4	20.4	5	6	5
4	20.4	5	6	5
4	20.4	5	6	5
4	20.4	5	6	5
4	20.4	5	6	5
4	20.4	5	6	5
4	20.4	5	6	5
4	20.4	5	6	5
4	20.4	5	6	5
4	20.4	5	6	5
4	20.4	5	6	5
4	20.4	5	6	5
4	20.4	5	6	5
4	20.4	5	6	5
4	20.4	5	6	5
4	20.4	5	6	5
4	20.4	5	6	5
4	20.4	5	6	5
4	20.4	5	6	5
4	20.4	5	6	5
4	20.4	5	6	5
4	20.4	5	6	5
4	20.4	6	7	5
4	20.4	6	7	5
4	20.4	6	7	5
4	20.4	6	7	5
4	20.4	6	7	5
4	20.4	6	7	5
4	20.4	6	7	5
4	20.4	6	7	5
4	20.4	6	7	5
4	20.4	6	7	5
4	20.4	6	7	5
4	20.4	6	7	5
4	20.4	6	7	5
4	20.4	7	8	5
4	20.4	7	8	5
4	20.4	7	8	5
4	20.4	7	8	5
4	20.4	7	8	5
4	20.4	7	8	5
4	20.4	7	8	5
4	20.4	7	8	5
4	20.4	7	8	5
4	20.4	7	8	5
4	20.4	7	8	5
4	20.4	7	8	5
4	20.4	7	8	5
4	20.4	7	8	5
4	20.4	7	8	5
4	20.4	7	8	5
4	20.4	7	8	5
4	20.4	8	9	5
4	20.4	8	9	5
4	20.4	8	9	5
4	20.4	8	9	5
4	20.4	8	9	5
4	20.4	8	9	5
4	20.4	8	9	5
4	20.4	8	9	5
4	20.4	8	9	5
4	20.4	9	10	5
4	20.4	9	10	5
4	20.4	9	10	5
4	20.4	9	10	5
4	20.4	9	10	5
4	20.4	10	11	5
4	20.4	10	11	5
4	20.4	10	11	5
4	20.4	10	11	5
4	20.4	10	11	5
4	20.4	10	11	5
4	20.4	10	11	5
4	20.4	11	12	5
4	20.4	11	12	5
4	20.4	12	13	5
4	20.4	1	2	5
4	20.4	1	2	5
4	20.4	1	2	5
4	20.4	1	2	5
4	20.4	1	2	5
4	20.4	1	2	5
4	20.4	1	2	5
4	20.4	1	2	5
4	20.4	1	2	5
4	20.4	1	2	5
4	20.4	1	2	5
4	20.4	2	3	5
4	20.4	2	3	5
4	20.4	2	3	5
4	20.4	2	3	5
4	20.4	2	3	5
4	20.4	2	3	5
4	20.4	2	3	5
4	20.4	2	3	5
4	20.4	2	3	5
4	20.4	2	3	5
4	20.4	2	3	5
4	20.4	2	3	5
4	20.4	3	4	5
4	20.4	3	4	5
4	20.4	3	4	5
4	20.4	3	4	5
4	20.4	3	4	5
4	20.4	3	4	5
4	20.4	3	4	5
4	20.4	3	4	5
4	20.4	3	4	5
4	20.4	3	4	5
4	20.4	3	4	5
4	20.4	3	4	5
4	20.4	3	4	5
4	20.4	3	4	5
4	20.4	4	5	5
4	20.4	4	5	5
4	20.4	4	5	5
4	20.4	4	5	5
4	20.4	4	5	5
4	20.4	4	5	5
4	20.4	4	5	5
4	20.4	4	5	5
4	20.4	4	5	5
4	20.4	4	5	5
4	20.4	4	5	5
4	20.4	4	5	5
4	20.4	4	5	5
4	20.4	4	5	5
4	20.4	4	5	5
4	20.4	4	5	5
4	20.4	4	5	5
4	20.4	4	5	5
4	20.4	4	5	5
4	20.4	4	5	5
4	20.4	4	5	5
4	20.4	5	6	5
4	20.4	5	6	5
4	20.4	5	6	5
4	20.4	5	6	5
4	20.4	5	6	5
4	20.4	5	6	5
4	20.4	5	6	5
4	20.4	5	6	5
4	20.4	5	6	5
4	20.4	5	6	5
4	20.4	5	6	5
4	20.4	5	6	5
4	20.4	5	6	5
4	20.4	5	6	5
4	20.4	5	6	5
4	20.4	5	6	5
4	20.4	5	6	5
4	20.4	5	6	5
4	20.4	5	6	5
4	20.4	5	6	5
4	20.4	5	6	5
4	20.4	5	6	5
4	20.4	5	6	5
4	20.4	5	6	5
4	20.4	5	6	5
4	20.4	6	7	5
4	20.4	6	7	5
4	20.4	6	7	5
4	20.4	6	7	5
4	20.4	6	7	5
4	20.4	6	7	5
4	20.4	6	7	5
4	20.4	6	7	5
4	20.4	6	7	5
4	20.4	7	8	5
4	20.4	7	8	5
4	20.4	7	8	5
4	20.4	7	8	5
4	20.4	7	8	5
4	20.4	7	8	5
4	20.4	7	8	5
4	20.4	7	8	5
4	20.4	7	8	5
4	20.4	7	8	5
4	20.4	7	8	5
4	20.4	7	8	5
4	20.4	7	8	5
4	20.4	8	9	5
4	20.4	8	9	5
4	20.4	8	9	5
4	20.4	8	9	5
4	20.4	8	9	5
4	20.4	8	9	5
4	20.4	8	9	5
4	20.4	9	10	5
4	20.4	9	10	5
4	20.4	9	10	5
4	20.4	9	10	5
4	20.4	9	10	5
4	20.4	9	10	5
4	20.4	9	10	5
4	20.4	10	11	5
4	20.4	10	11	5
4	20.4	10	11	5
4	20.4	10	11	5
4	20.4	12	13	5
4	20.4	12	13	5
4	20.4	12	13	5
4	20.4	12	13	5
4	20.4	12	13	5
4	20.4	12	13	5
4	20.4	12	13	5
4	20.4	12	13	5
4	20.4	12	13	5
4	20.4	13	14	5
4	20.4	13	14	5
4	20.4	13	14	5
4	20.4	15	16	5
4	20.4	15	16	5
4	20.4	15	16	5
4	20.4	15	16	5
4	20.4	15	16	5
4	20.4	15	16	5
4	20.4	15	16	5
4	20.4	15	16	5
4	20.4	15	16	5
4	20.4	15	16	5
4	20.4	15	16	5
4	20.4	15	16	5
4	20.4	15	16	5
4	20.4	15	16	5
4	20.4	15	16	5
4	20.4	15	16	5
4	20.4	15	16	5
4	20.4	15	16	5
4	20.4	15	16	5
4	20.4	15	16	5
4	20.4	15	16	5
4	20.4	15	16	5
4	20.4	16	17	5
4	20.4	16	17	5
4	20.4	17	18	5
4	20.4	17	18	5
4	20.4	17	18	5
4	20.4	17	18	5
4	20.4	17	18	5
4	20.4	18	19	5
4	20.4	20	21	5
4	20.4	20	21	5
4	20.4	20	21	5
4	20.4	1	2	5
4	20.4	1	2	5
4	20.4	1	2	5
4	20.4	1	2	5
4	20.4	1	2	5
4	20.4	1	2	5
4	20.4	1	2	5
4	20.4	1	2	5
4	20.4	2	3	5
4	20.4	2	3	5
4	20.4	2	3	5
4	20.4	2	3	5
4	20.4	2	3	5
4	20.4	2	3	5
4	20.4	2	3	5
4	20.4	2	3	5
4	20.4	2	3	5
4	20.4	2	3	5
4	20.4	2	3	5
4	20.4	2	3	5
4	20.4	2	3	5
4	20.4	2	3	5
4	20.4	2	3	5
4	20.4	2	3	5
4	20.4	3	4	5
4	20.4	3	4	5
4	20.4	3	4	5
4	20.4	3	4	5
4	20.4	3	4	5
4	20.4	3	4	5
4	20.4	3	4	5
4	20.4	3	4	5
4	20.4	3	4	5
4	20.4	4	5	5
4	20.4	4	5	5
4	20.4	4	5	5
4	20.4	4	5	5
4	20.4	4	5	5
4	20.4	4	5	5
4	20.4	4	5	5
4	20.4	4	5	5
4	20.4	5	6	5
4	20.4	5	6	5
4	20.4	5	6	5
4	20.4	5	6	5
4	20.4	5	6	5
4	20.4	5	6	5
4	20.4	5	6	5
4	20.4	5	6	5
4	20.4	5	6	5
4	20.4	5	6	5
4	20.4	5	6	5
4	20.4	6	7	5
4	20.4	6	7	5
4	20.4	6	7	5
4	20.4	6	7	5
4	20.4	6	7	5
4	20.4	6	7	5
4	20.4	6	7	5
4	20.4	6	7	5
4	20.4	6	7	5
4	20.4	6	7	5
4	20.4	6	7	5
4	20.4	6	7	5
4	20.4	6	7	5
4	20.4	6	7	5
4	20.4	7	8	5
4	20.4	7	8	5
4	20.4	7	8	5
4	20.4	7	8	5
4	20.4	7	8	5
4	20.4	8	9	5
4	20.4	8	9	5
4	20.4	8	9	5
4	20.4	8	9	5
4	20.4	8	9	5
4	20.4	9	10	5
4	20.4	9	10	5
4	20.4	9	10	5
4	20.4	9	10	5
4	20.4	9	10	5
4	20.4	9	10	5
4	20.4	9	10	5
4	20.4	10	11	5
4	20.4	10	11	5
4	20.4	10	11	5
4	20.4	10	11	5
4	20.4	10	11	5
4	20.4	10	11	5
4	20.4	11	12	5
4	20.4	11	12	5
4	20.4	11	12	5
4	20.4	11	12	5
4	20.4	11	12	5
4	20.4	11	12	5
4	20.4	11	12	5
4	20.4	12	13	5
4	20.4	12	13	5
4	20.4	14	15	5
4	20.4	14	15	5
4	20.4	14	15	5
4	20.4	14	15	5
4	20.4	14	15	5
4	20.4	14	15	5
4	20.4	14	15	5
4	20.4	14	15	5
4	20.4	15	16	5
4	20.4	16	17	5
4	20.4	17	18	5
4	20.4	17	18	5
4	20.4	19	20	5
4	20.4	20	21	5
4	20.4	26	27	5
4	20.4	27	28	5
4	20.4	28	29	5
4	20.4	31	32	5
4	20.4	31	32	5
4	20.4	1	2	5
4	20.4	1	2	5
4	20.4	1	2	5
4	20.4	1	2	5
4	20.4	1	2	5
4	20.4	1	2	5
4	20.4	1	2	5
4	20.4	2	3	5
4	20.4	2	3	5
4	20.4	2	3	5
4	20.4	2	3	5
4	20.4	2	3	5
4	20.4	2	3	5
4	20.4	2	3	5
4	20.4	2	3	5
4	20.4	2	3	5
4	20.4	2	3	5
4	20.4	2	3	5
4	20.4	2	3	5
4	20.4	2	3	5
4	20.4	2	3	5
4	20.4	2	3	5
4	20.4	2	3	5
4	20.4	2	3	5
4	20.4	2	3	5
4	20.4	2	3	5
4	20.4	2	3	5
4	20.4	2	3	5
4	20.4	2	3	5
4	20.4	2	3	5
4	20.4	2	3	5
4	20.4	2	3	5
4	20.4	2	3	5
4	20.4	2	3	5
4	20.4	2	3	5
4	20.4	2	3	5
4	20.4	2	3	5
4	20.4	2	3	5
4	20.4	2	3	5
4	20.4	2	3	5
4	20.4	2	3	5
4	20.4	2	3	5
4	20.4	2	3	5
4	20.4	2	3	5
4	20.4	2	3	5
4	20.4	2	3	5
4	20.4	2	3	5
4	20.4	2	3	5
4	20.4	2	3	5
4	20.4	2	3	5
4	20.4	2	3	5
4	20.4	2	3	5
4	20.4	3	4	5
4	20.4	3	4	5
4	20.4	3	4	5
4	20.4	3	4	5
4	20.4	3	4	5
4	20.4	3	4	5
4	20.4	3	4	5
4	20.4	3	4	5
4	20.4	3	4	5
4	20.4	3	4	5
4	20.4	3	4	5
4	20.4	3	4	5
4	20.4	3	4	5
4	20.4	3	4	5
4	20.4	3	4	5
4	20.4	3	4	5
4	20.4	3	4	5
4	20.4	3	4	5
4	20.4	3	4	5
4	20.4	3	4	5
4	20.4	4	5	5
4	20.4	4	5	5
4	20.4	4	5	5
4	20.4	4	5	5
4	20.4	4	5	5
4	20.4	4	5	5
4	20.4	4	5	5
4	20.4	4	5	5
4	20.4	4	5	5
4	20.4	4	5	5
4	20.4	4	5	5
4	20.4	4	5	5
4	20.4	4	5	5
4	20.4	4	5	5
4	20.4	4	5	5
4	20.4	4	5	5
4	20.4	4	5	5
4	20.4	4	5	5
4	20.4	4	5	5
4	20.4	4	5	5
4	20.4	4	5	5
4	20.4	4	5	5
4	20.4	4	5	5
4	20.4	4	5	5
4	20.4	4	5	5
4	20.4	4	5	5
4	20.4	4	5	5
4	20.4	4	5	5
4	20.4	4	5	5
4	20.4	4	5	5
4	20.4	4	5	5
4	20.4	4	5	5
4	20.4	4	5	5
4	20.4	4	5	5
4	20.4	4	5	5
4	20.4	4	5	5
4	20.4	4	5	5
4	20.4	4	5	5
4	20.4	4	5	5
4	20.4	4	5	5
4	20.4	5	6	5
4	20.4	5	6	5
4	20.4	5	6	5
4	20.4	5	6	5
4	20.4	5	6	5
4	20.4	5	6	5
4	20.4	5	6	5
4	20.4	5	6	5
4	20.4	5	6	5
4	20.4	5	6	5
4	20.4	5	6	5
4	20.4	5	6	5
4	20.4	5	6	5
4	20.4	6	7	5
4	20.4	6	7	5
4	20.4	6	7	5
4	20.4	6	7	5
4	20.4	6	7	5
4	20.4	6	7	5
4	20.4	6	7	5
4	20.4	6	7	5
4	20.4	6	7	5
4	20.4	6	7	5
4	20.4	6	7	5
4	20.4	6	7	5
4	20.4	6	7	5
4	20.4	6	7	5
4	20.4	6	7	5
4	20.4	6	7	5
4	20.4	7	8	5
4	20.4	7	8	5
4	20.4	7	8	5
4	20.4	7	8	5
4	20.4	7	8	5
4	20.4	7	8	5
4	20.4	7	8	5
4	20.4	7	8	5
4	20.4	7	8	5
4	20.4	7	8	5
4	20.4	7	8	5
4	20.4	7	8	5
4	20.4	7	8	5
4	20.4	7	8	5
4	20.4	7	8	5
4	20.4	7	8	5
4	20.4	7	8	5
4	20.4	7	8	5
4	20.4	7	8	5
4	20.4	7	8	5
4	20.4	7	8	5
4	20.4	8	9	5
4	20.4	8	9	5
4	20.4	8	9	5
4	20.4	8	9	5
4	20.4	8	9	5
4	20.4	8	9	5
4	20.4	8	9	5
4	20.4	8	9	5
4	20.4	8	9	5
4	20.4	8	9	5
4	20.4	8	9	5
4	20.4	8	9	5
4	20.4	8	9	5
4	20.4	8	9	5
4	20.4	8	9	5
4	20.4	8	9	5
4	20.4	9	10	5
4	20.4	9	10	5
4	20.4	9	10	5
4	20.4	9	10	5
4	20.4	9	10	5
4	20.4	9	10	5
4	20.4	9	10	5
4	20.4	9	10	5
4	20.4	9	10	5
4	20.4	9	10	5
4	20.4	9	10	5
4	20.4	10	11	5
4	20.4	10	11	5
4	20.4	10	11	5
4	20.4	10	11	5
4	20.4	10	11	5
4	20.4	10	11	5
4	20.4	10	11	5
4	20.4	10	11	5
4	20.4	10	11	5
4	20.4	10	11	5
4	20.4	12	13	5
4	20.4	12	13	5
4	20.4	12	13	5
4	20.4	12	13	5
4	20.4	12	13	5
4	20.4	12	13	5
4	20.4	12	13	5
4	20.4	12	13	5
4	20.4	12	13	5
4	20.4	12	13	5
4	20.4	12	13	5
4	20.4	12	13	5
4	20.4	12	13	5
4	20.4	12	13	5
4	20.4	12	13	5
4	20.4	12	13	5
4	20.4	13	14	5
4	20.4	13	14	5
4	20.4	13	14	5
4	20.4	13	14	5
4	20.4	14	15	5
4	20.4	14	15	5
4	20.4	14	15	5
4	20.4	14	15	5
4	20.4	14	15	5
4	20.4	16	17	5
5	25.4	1	2	6
5	25.4	1	2	6
5	25.4	1	2	6
5	25.4	1	2	6
5	25.4	1	2	6
5	25.4	1	2	6
5	25.4	1	2	6
5	25.4	1	2	6
5	25.4	1	2	6
5	25.4	1	2	6
5	25.4	2	3	6
5	25.4	2	3	6
5	25.4	2	3	6
5	25.4	2	3	6
5	25.4	2	3	6
5	25.4	2	3	6
5	25.4	2	3	6
5	25.4	2	3	6
5	25.4	2	3	6
5	25.4	2	3	6
5	25.4	2	3	6
5	25.4	2	3	6
5	25.4	2	3	6
5	25.4	2	3	6
5	25.4	2	3	6
5	25.4	2	3	6
5	25.4	2	3	6
5	25.4	2	3	6
5	25.4	2	3	6
5	25.4	2	3	6
5	25.4	2	3	6
5	25.4	2	3	6
5	25.4	2	3	6
5	25.4	3	4	6
5	25.4	3	4	6
5	25.4	3	4	6
5	25.4	4	5	6
5	25.4	4	5	6
5	25.4	4	5	6
5	25.4	4	5	6
5	25.4	4	5	6
5	25.4	4	5	6
5	25.4	4	5	6
5	25.4	4	5	6
5	25.4	4	5	6
5	25.4	4	5	6
5	25.4	5	6	6
5	25.4	5	6	6
5	25.4	5	6	6
5	25.4	5	6	6
5	25.4	5	6	6
5	25.4	5	6	6
5	25.4	5	6	6
5	25.4	5	6	6
5	25.4	5	6	6
5	25.4	6	7	6
5	25.4	6	7	6
5	25.4	6	7	6
5	25.4	6	7	6
5	25.4	7	8	6
5	25.4	7	8	6
5	25.4	7	8	6
5	25.4	7	8	6
5	25.4	7	8	6
5	25.4	7	8	6
5	25.4	7	8	6
5	25.4	8	9	6
5	25.4	8	9	6
5	25.4	8	9	6
5	25.4	8	9	6
5	25.4	8	9	6
5	25.4	8	9	6
5	25.4	8	9	6
5	25.4	8	9	6
5	25.4	8	9	6
5	25.4	8	9	6
5	25.4	9	10	6
5	25.4	9	10	6
5	25.4	9	10	6
5	25.4	9	10	6
5	25.4	9	10	6
5	25.4	9	10	6
5	25.4	9	10	6
5	25.4	9	10	6
5	25.4	9	10	6
5	25.4	9	10	6
5	25.4	10	11	6
5	25.4	2	3	6
5	25.4	2	3	6
5	25.4	2	3	6
5	25.4	2	3	6
5	25.4	2	3	6
5	25.4	2	3	6
5	25.4	2	3	6
5	25.4	2	3	6
5	25.4	2	3	6
5	25.4	2	3	6
5	25.4	2	3	6
5	25.4	2	3	6
5	25.4	2	3	6
5	25.4	3	4	6
5	25.4	3	4	6
5	25.4	3	4	6
5	25.4	3	4	6
5	25.4	3	4	6
5	25.4	3	4	6
5	25.4	3	4	6
5	25.4	3	4	6
5	25.4	3	4	6
5	25.4	3	4	6
5	25.4	3	4	6
5	25.4	3	4	6
5	25.4	3	4	6
5	25.4	3	4	6
5	25.4	3	4	6
5	25.4	4	5	6
5	25.4	4	5	6
5	25.4	4	5	6
5	25.4	4	5	6
5	25.4	4	5	6
5	25.4	4	5	6
5	25.4	5	6	6
5	25.4	5	6	6
5	25.4	5	6	6
5	25.4	5	6	6
5	25.4	5	6	6
5	25.4	5	6	6
5	25.4	5	6	6
5	25.4	5	6	6
5	25.4	5	6	6
5	25.4	5	6	6
5	25.4	6	7	6
5	25.4	7	8	6
5	25.4	8	9	6
5	25.4	9	10	6
5	25.4	9	10	6
5	25.4	9	10	6
5	25.4	9	10	6
5	25.4	9	10	6
5	25.4	9	10	6
5	25.4	9	10	6
5	25.4	10	11	6
5	25.4	2	3	6
5	25.4	2	3	6
5	25.4	2	3	6
5	25.4	2	3	6
5	25.4	2	3	6
5	25.4	2	3	6
5	25.4	2	3	6
5	25.4	2	3	6
5	25.4	3	4	6
5	25.4	3	4	6
5	25.4	3	4	6
5	25.4	3	4	6
5	25.4	3	4	6
5	25.4	4	5	6
5	25.4	4	5	6
5	25.4	4	5	6
5	25.4	4	5	6
5	25.4	4	5	6
5	25.4	4	5	6
5	25.4	4	5	6
5	25.4	4	5	6
5	25.4	4	5	6
5	25.4	4	5	6
5	25.4	4	5	6
5	25.4	4	5	6
5	25.4	4	5	6
5	25.4	4	5	6
5	25.4	4	5	6
5	25.4	4	5	6
5	25.4	4	5	6
5	25.4	4	5	6
5	25.4	4	5	6
5	25.4	4	5	6
5	25.4	4	5	6
5	25.4	4	5	6
5	25.4	5	6	6
5	25.4	5	6	6
5	25.4	5	6	6
5	25.4	5	6	6
5	25.4	5	6	6
5	25.4	6	7	6
5	25.4	6	7	6
5	25.4	6	7	6
5	25.4	6	7	6
5	25.4	6	7	6
5	25.4	6	7	6
5	25.4	6	7	6
5	25.4	6	7	6
5	25.4	6	7	6
5	25.4	6	7	6
5	25.4	6	7	6
5	25.4	6	7	6
5	25.4	6	7	6
5	25.4	6	7	6
5	25.4	6	7	6
5	25.4	6	7	6
5	25.4	6	7	6
5	25.4	7	8	6
5	25.4	7	8	6
5	25.4	7	8	6
5	25.4	7	8	6
5	25.4	9	10	6
5	25.4	1	2	6
5	25.4	1	2	6
5	25.4	1	2	6
5	25.4	1	2	6
5	25.4	1	2	6
5	25.4	1	2	6
5	25.4	1	2	6
5	25.4	1	2	6
5	25.4	1	2	6
5	25.4	1	2	6
5	25.4	1	2	6
5	25.4	1	2	6
5	25.4	1	2	6
5	25.4	2	3	6
5	25.4	2	3	6
5	25.4	2	3	6
5	25.4	2	3	6
5	25.4	2	3	6
5	25.4	2	3	6
5	25.4	2	3	6
5	25.4	2	3	6
5	25.4	2	3	6
5	25.4	2	3	6
5	25.4	2	3	6
5	25.4	2	3	6
5	25.4	2	3	6
5	25.4	2	3	6
5	25.4	2	3	6
5	25.4	2	3	6
5	25.4	2	3	6
5	25.4	2	3	6
5	25.4	2	3	6
5	25.4	2	3	6
5	25.4	3	4	6
5	25.4	3	4	6
5	25.4	3	4	6
5	25.4	3	4	6
5	25.4	3	4	6
5	25.4	3	4	6
5	25.4	4	5	6
5	25.4	4	5	6
5	25.4	4	5	6
5	25.4	5	6	6
5	25.4	5	6	6
5	25.4	6	7	6
5	25.4	7	8	6
5	25.4	7	8	6
5	25.4	7	8	6
5	25.4	7	8	6
5	25.4	8	9	6
5	25.4	8	9	6
5	25.4	9	10	6
5	25.4	9	10	6
5	25.4	9	10	6
5	25.4	9	10	6
5	25.4	9	10	6
5	25.4	9	10	6
5	25.4	10	11	6
5	25.4	10	11	6
5	25.4	10	11	6
5	25.4	10	11	6
5	25.4	10	11	6
5	25.4	12	13	6
5	25.4	12	13	6
5	25.4	12	13	6
5	25.4	12	13	6
5	25.4	12	13	6
5	25.4	13	14	6
5	25.4	13	14	6
5	25.4	18	19	6
5	25.4	2	3	6
5	25.4	2	3	6
5	25.4	2	3	6
5	25.4	2	3	6
5	25.4	2	3	6
5	25.4	2	3	6
5	25.4	2	3	6
5	25.4	2	3	6
5	25.4	2	3	6
5	25.4	2	3	6
5	25.4	2	3	6
5	25.4	2	3	6
5	25.4	2	3	6
5	25.4	2	3	6
5	25.4	2	3	6
5	25.4	2	3	6
5	25.4	2	3	6
5	25.4	2	3	6
5	25.4	2	3	6
5	25.4	2	3	6
5	25.4	2	3	6
5	25.4	3	4	6
5	25.4	3	4	6
5	25.4	3	4	6
5	25.4	3	4	6
5	25.4	3	4	6
5	25.4	4	5	6
5	25.4	4	5	6
5	25.4	4	5	6
5	25.4	4	5	6
5	25.4	4	5	6
5	25.4	4	5	6
5	25.4	4	5	6
5	25.4	4	5	6
5	25.4	4	5	6
5	25.4	4	5	6
5	25.4	4	5	6
5	25.4	4	5	6
5	25.4	4	5	6
5	25.4	4	5	6
5	25.4	4	5	6
5	25.4	4	5	6
5	25.4	4	5	6
5	25.4	4	5	6
5	25.4	4	5	6
5	25.4	4	5	6
5	25.4	5	6	6
5	25.4	5	6	6
5	25.4	5	6	6
5	25.4	5	6	6
5	25.4	5	6	6
5	25.4	5	6	6
5	25.4	5	6	6
5	25.4	5	6	6
5	25.4	5	6	6
5	25.4	6	7	6
5	25.4	6	7	6
5	25.4	6	7	6
5	25.4	6	7	6
5	25.4	8	9	6
5	25.4	1	2	6
5	25.4	2	3	6
5	25.4	2	3	6
5	25.4	2	3	6
5	25.4	2	3	6
5	25.4	2	3	6
5	25.4	2	3	6
5	25.4	2	3	6
5	25.4	2	3	6
5	25.4	2	3	6
5	25.4	2	3	6
5	25.4	2	3	6
5	25.4	2	3	6
5	25.4	3	4	6
5	25.4	3	4	6
5	25.4	3	4	6
5	25.4	3	4	6
5	25.4	3	4	6
5	25.4	3	4	6
5	25.4	3	4	6
5	25.4	3	4	6
5	25.4	3	4	6
5	25.4	3	4	6
5	25.4	3	4	6
5	25.4	4	5	6
5	25.4	4	5	6
5	25.4	4	5	6
5	25.4	4	5	6
5	25.4	4	5	6
5	25.4	4	5	6
5	25.4	4	5	6
5	25.4	4	5	6
5	25.4	4	5	6
5	25.4	4	5	6
5	25.4	4	5	6
5	25.4	4	5	6
5	25.4	4	5	6
5	25.4	4	5	6
5	25.4	4	5	6
5	25.4	5	6	6
5	25.4	5	6	6
5	25.4	5	6	6
5	25.4	5	6	6
5	25.4	5	6	6
5	25.4	5	6	6
5	25.4	5	6	6
5	25.4	5	6	6
5	25.4	6	7	6
6	27.8	1	2	4
6	27.8	1	2	4
6	27.8	1	2	4
6	27.8	1	2	4
6	27.8	1	2	4
6	27.8	1	2	4
6	27.8	1	2	4
6	27.8	1	2	4
6	27.8	1	2	4
6	27.8	1	2	4
6	27.8	1	2	4
6	27.8	1	2	4
6	27.8	1	2	4
6	27.8	1	2	4
6	27.8	2	3	4
6	27.8	2	3	4
6	27.8	2	3	4
6	27.8	2	3	4
6	27.8	2	3	4
6	27.8	2	3	4
6	27.8	2	3	4
6	27.8	2	3	4
6	27.8	3	4	4
6	27.8	3	4	4
6	27.8	3	4	4
6	27.8	3	4	4
6	27.8	3	4	4
6	27.8	3	4	4
6	27.8	3	4	4
6	27.8	3	4	4
6	27.8	3	4	4
6	27.8	3	4	4
6	27.8	3	4	4
6	27.8	3	4	4
6	27.8	3	4	4
6	27.8	3	4	4
6	27.8	3	4	4
6	27.8	3	4	4
6	27.8	3	4	4
6	27.8	3	4	4
6	27.8	3	4	4
6	27.8	4	5	4
6	27.8	4	5	4
6	27.8	4	5	4
6	27.8	4	5	4
6	27.8	7	8	4
6	27.8	8	9	4
6	27.8	8	9	4
6	27.8	8	9	4
6	27.8	8	9	4
6	27.8	8	9	4
6	27.8	9	10	4
6	27.8	9	10	4
6	27.8	9	10	4
6	27.8	11	12	4
6	27.8	11	12	4
6	27.8	11	12	4
6	27.8	11	12	4
6	27.8	11	12	4
6	27.8	11	12	4
6	27.8	11	12	4
6	27.8	11	12	4
6	27.8	11	12	4
6	27.8	11	12	4
6	27.8	1	2	4
6	27.8	1	2	4
6	27.8	1	2	4
6	27.8	2	3	4
6	27.8	2	3	4
6	27.8	2	3	4
6	27.8	2	3	4
6	27.8	2	3	4
6	27.8	2	3	4
6	27.8	2	3	4
6	27.8	2	3	4
6	27.8	2	3	4
6	27.8	2	3	4
6	27.8	2	3	4
6	27.8	2	3	4
6	27.8	2	3	4
6	27.8	2	3	4
6	27.8	2	3	4
6	27.8	2	3	4
6	27.8	3	4	4
6	27.8	3	4	4
6	27.8	3	4	4
6	27.8	3	4	4
6	27.8	3	4	4
6	27.8	3	4	4
6	27.8	3	4	4
6	27.8	3	4	4
6	27.8	3	4	4
6	27.8	3	4	4
6	27.8	3	4	4
6	27.8	4	5	4
6	27.8	5	6	4
6	27.8	5	6	4
6	27.8	5	6	4
6	27.8	5	6	4
6	27.8	0.5	1	4
6	27.8	3	4	4
6	27.8	3	4	4
6	27.8	3	4	4
6	27.8	5	6	4
6	27.8	5	6	4
6	27.8	6	7	4
6	27.8	6	7	4
6	27.8	6	7	4
6	27.8	6	7	4
6	27.8	6	7	4
6	27.8	6	7	4
6	27.8	6	7	4
6	27.8	6	7	4
6	27.8	6	7	4
6	27.8	6	7	4
6	27.8	6	7	4
6	27.8	6	7	4
6	27.8	6	7	4
6	27.8	6	7	4
6	27.8	6	7	4
6	27.8	6	7	4
6	27.8	6	7	4
6	27.8	6	7	4
6	27.8	6	7	4
6	27.8	6	7	4
6	27.8	6	7	4
6	27.8	6	7	4
6	27.8	6	7	4
6	27.8	6	7	4
6	27.8	6	7	4
6	27.8	6	7	4
6	27.8	7	8	4
6	27.8	7	8	4
6	27.8	8	9	4
6	27.8	9	10	4
6	27.8	11	12	4
6	27.8	1	2	4
6	27.8	1	2	4
6	27.8	1	2	4
6	27.8	1	2	4
6	27.8	2	3	4
6	27.8	2	3	4
6	27.8	2	3	4
6	27.8	2	3	4
6	27.8	2	3	4
6	27.8	2	3	4
6	27.8	2	3	4
6	27.8	2	3	4
6	27.8	2	3	4
6	27.8	2	3	4
6	27.8	2	3	4
6	27.8	2	3	4
6	27.8	2	3	4
6	27.8	2	3	4
6	27.8	2	3	4
6	27.8	2	3	4
6	27.8	2	3	4
6	27.8	2	3	4
6	27.8	2	3	4
6	27.8	2	3	4
6	27.8	2	3	4
6	27.8	3	4	4
6	27.8	3	4	4
6	27.8	3	4	4
6	27.8	3	4	4
6	27.8	3	4	4
6	27.8	3	4	4
6	27.8	3	4	4
6	27.8	3	4	4
6	27.8	3	4	4
6	27.8	3	4	4
6	27.8	3	4	4
6	27.8	3	4	4
6	27.8	4	5	4
6	27.8	4	5	4
6	27.8	7	8	4
6	27.8	8	9	4
6	27.8	8	9	4
6	27.8	8	9	4
6	27.8	8	9	4
6	27.8	9	10	4
6	27.8	9	10	4
6	27.8	9	10	4
6	27.8	11	12	4
6	27.8	11	12	4
6	27.8	11	12	4
6	27.8	11	12	4
7	29.9	1	2	6
7	29.9	1	2	6
7	29.9	1	2	6
7	29.9	1	2	6
7	29.9	1	2	6
7	29.9	2	3	6
7	29.9	2	3	6
7	29.9	4	5	6
7	29.9	4	5	6
7	29.9	4	5	6
7	29.9	4	5	6
7	29.9	4	5	6
7	29.9	4	5	6
7	29.9	4	5	6
7	29.9	4	5	6
7	29.9	5	6	6
7	29.9	6	7	6
7	29.9	7	8	6
7	29.9	8	9	6
7	29.9	9	10	6
7	29.9	11	12	6
7	29.9	12	13	6
7	29.9	15	16	6
7	29.9	18	19	6
7	29.9	0.5	1	6
7	29.9	0.5	1	6
7	29.9	0.5	1	6
7	29.9	1	2	6
7	29.9	1	2	6
7	29.9	1	2	6
7	29.9	1	2	6
7	29.9	1	2	6
7	29.9	1	2	6
7	29.9	1	2	6
7	29.9	2	3	6
7	29.9	2	3	6
7	29.9	2	3	6
7	29.9	2	3	6
7	29.9	2	3	6
7	29.9	4	5	6
7	29.9	4	5	6
7	29.9	4	5	6
7	29.9	4	5	6
7	29.9	4	5	6
7	29.9	4	5	6
7	29.9	4	5	6
7	29.9	4	5	6
7	29.9	4	5	6
7	29.9	4	5	6
7	29.9	4	5	6
7	29.9	4	5	6
7	29.9	4	5	6
7	29.9	4	5	6
7	29.9	4	5	6
7	29.9	4	5	6
7	29.9	4	5	6
7	29.9	5	6	6
7	29.9	5	6	6
7	29.9	5	6	6
7	29.9	5	6	6
7	29.9	5	6	6
7	29.9	5	6	6
7	29.9	6	7	6
7	29.9	6	7	6
7	29.9	6	7	6
7	29.9	6	7	6
7	29.9	6	7	6
7	29.9	6	7	6
7	29.9	7	8	6
7	29.9	7	8	6
7	29.9	7	8	6
7	29.9	7	8	6
7	29.9	7	8	6
7	29.9	7	8	6
7	29.9	8	9	6
7	29.9	8	9	6
7	29.9	8	9	6
7	29.9	8	9	6
7	29.9	9	10	6
7	29.9	9	10	6
7	29.9	11	12	6
7	29.9	11	12	6
7	29.9	11	12	6
7	29.9	12	13	6
7	29.9	16	17	6
7	29.9	16	17	6
7	29.9	2	3	6
7	29.9	2	3	6
7	29.9	2	3	6
7	29.9	4	5	6
7	29.9	4	5	6
7	29.9	4	5	6
7	29.9	4	5	6
7	29.9	4	5	6
7	29.9	4	5	6
7	29.9	4	5	6
7	29.9	4	5	6
7	29.9	4	5	6
7	29.9	4	5	6
7	29.9	4	5	6
7	29.9	4	5	6
7	29.9	4	5	6
7	29.9	4	5	6
7	29.9	4	5	6
7	29.9	4	5	6
7	29.9	5	6	6
7	29.9	5	6	6
7	29.9	6	7	6
7	29.9	6	7	6
7	29.9	6	7	6
7	29.9	6	7	6
7	29.9	7	8	6
7	29.9	7	8	6
7	29.9	8	9	6
7	29.9	8	9	6
7	29.9	8	9	6
7	29.9	8	9	6
7	29.9	8	9	6
7	29.9	8	9	6
7	29.9	9	10	6
7	29.9	9	10	6
7	29.9	9	10	6
7	29.9	11	12	6
7	29.9	11	12	6
7	29.9	11	12	6
7	29.9	13	14	6
7	29.9	14	15	6
7	29.9	14	15	6
7	29.9	15	16	6
7	29.9	16	17	6
7	29.9	16	17	6
7	29.9	16	17	6
7	29.9	18	19	6
7	29.9	18	19	6
7	29.9	18	19	6
7	29.9	3	4	6
7	29.9	4	5	6
7	29.9	4	5	6
7	29.9	4	5	6
7	29.9	4	5	6
7	29.9	4	5	6
7	29.9	4	5	6
7	29.9	4	5	6
7	29.9	4	5	6
7	29.9	4	5	6
7	29.9	4	5	6
7	29.9	4	5	6
7	29.9	4	5	6
7	29.9	4	5	6
7	29.9	4	5	6
7	29.9	4	5	6
7	29.9	4	5	6
7	29.9	4	5	6
7	29.9	4	5	6
7	29.9	4	5	6
7	29.9	4	5	6
7	29.9	5	6	6
7	29.9	5	6	6
7	29.9	5	6	6
7	29.9	5	6	6
7	29.9	5	6	6
7	29.9	5	6	6
7	29.9	5	6	6
7	29.9	5	6	6
7	29.9	5	6	6
7	29.9	5	6	6
7	29.9	5	6	6
7	29.9	5	6	6
7	29.9	5	6	6
7	29.9	5	6	6
7	29.9	5	6	6
7	29.9	5	6	6
7	29.9	5	6	6
7	29.9	5	6	6
7	29.9	5	6	6
7	29.9	5	6	6
7	29.9	6	7	6
7	29.9	6	7	6
7	29.9	6	7	6
7	29.9	6	7	6
7	29.9	6	7	6
7	29.9	6	7	6
7	29.9	6	7	6
7	29.9	7	8	6
7	29.9	7	8	6
7	29.9	7	8	6
7	29.9	7	8	6
7	29.9	8	9	6
7	29.9	8	9	6
7	29.9	8	9	6
7	29.9	10	11	6
7	29.9	10	11	6
7	29.9	2	3	6
7	29.9	3	4	6
7	29.9	3	4	6
7	29.9	3	4	6
7	29.9	3	4	6
7	29.9	3	4	6
7	29.9	3	4	6
7	29.9	3	4	6
7	29.9	3	4	6
7	29.9	3	4	6
7	29.9	3	4	6
7	29.9	4	5	6
7	29.9	4	5	6
7	29.9	4	5	6
7	29.9	4	5	6
7	29.9	4	5	6
7	29.9	4	5	6
7	29.9	4	5	6
7	29.9	4	5	6
7	29.9	4	5	6
7	29.9	4	5	6
7	29.9	4	5	6
7	29.9	4	5	6
7	29.9	4	5	6
7	29.9	4	5	6
7	29.9	4	5	6
7	29.9	4	5	6
7	29.9	4	5	6
7	29.9	5	6	6
7	29.9	5	6	6
7	29.9	5	6	6
7	29.9	5	6	6
7	29.9	5	6	6
7	29.9	5	6	6
7	29.9	5	6	6
7	29.9	5	6	6
7	29.9	5	6	6
7	29.9	5	6	6
7	29.9	5	6	6
7	29.9	5	6	6
7	29.9	5	6	6
7	29.9	5	6	6
7	29.9	5	6	6
7	29.9	5	6	6
7	29.9	5	6	6
7	29.9	5	6	6
7	29.9	5	6	6
7	29.9	5	6	6
7	29.9	5	6	6
7	29.9	5	6	6
7	29.9	5	6	6
7	29.9	5	6	6
7	29.9	5	6	6
7	29.9	5	6	6
7	29.9	5	6	6
7	29.9	5	6	6
7	29.9	5	6	6
7	29.9	6	7	6
7	29.9	6	7	6
7	29.9	6	7	6
7	29.9	6	7	6
7	29.9	6	7	6
7	29.9	6	7	6
7	29.9	6	7	6
7	29.9	6	7	6
7	29.9	6	7	6
7	29.9	7	8	6
7	29.9	7	8	6
7	29.9	7	8	6
7	29.9	7	8	6
7	29.9	7	8	6
7	29.9	7	8	6
7	29.9	7	8	6
7	29.9	7	8	6
7	29.9	9	10	6
7	29.9	9	10	6
7	29.9	9	10	6
7	29.9	9	10	6
7	29.9	9	10	6
7	29.9	10	11	6
7	29.9	10	11	6
7	29.9	10	11	6
7	29.9	10	11	6
7	29.9	10	11	6
7	29.9	10	11	6
7	29.9	11	12	6
7	29.9	11	12	6
7	29.9	11	12	6
7	29.9	11	12	6
7	29.9	12	13	6
7	29.9	12	13	6
7	29.9	12	13	6
7	29.9	12	13	6
7	29.9	12	13	6
7	29.9	13	14	6
7	29.9	3	4	6
7	29.9	3	4	6
7	29.9	3	4	6
7	29.9	3	4	6
7	29.9	3	4	6
7	29.9	3	4	6
7	29.9	3	4	6
7	29.9	3	4	6
7	29.9	3	4	6
7	29.9	3	4	6
7	29.9	5	6	6
7	29.9	5	6	6
7	29.9	5	6	6
7	29.9	5	6	6
7	29.9	5	6	6
7	29.9	5	6	6
7	29.9	5	6	6
7	29.9	5	6	6
7	29.9	5	6	6
7	29.9	5	6	6
7	29.9	5	6	6
7	29.9	5	6	6
7	29.9	5	6	6
7	29.9	6	7	6
7	29.9	6	7	6
7	29.9	6	7	6
7	29.9	6	7	6
7	29.9	6	7	6
7	29.9	6	7	6
7	29.9	7	8	6
7	29.9	7	8	6
7	29.9	7	8	6
7	29.9	7	8	6
7	29.9	8	9	6
7	29.9	10	11	6
7	29.9	10	11	6
