1 9.9 66 67 57 0
1 9.9 66 67 57 0
1 9.9 67 68 57 0
1 9.9 67 68 57 0
1 9.9 67 68 57 0
1 9.9 67 68 57 0
1 9.9 67 68 57 0
1 9.9 68 69 57 0
1 9.9 68 69 57 0
1 9.9 68 69 57 0
1 9.9 68 69 57 0
1 9.9 68 69 57 0
1 9.9 68 69 57 0
1 9.9 68 69 57 0
1 9.9 68 69 57 0
1 9.9 68 69 57 0
1 9.9 68 69 57 0
1 9.9 68 69 57 0
1 9.9 68 69 57 0
1 9.9 68 69 57 0
1 9.9 69 73 57 0
1 9.9 69 73 57 0
2 15.2 22 23 101 0
2 15.2 22 23 101 0
2 15.2 22 23 101 0
2 15.2 22 23 101 0
2 15.2 22 23 101 0
2 15.2 22 23 101 0
2 15.2 22 23 101 0
2 15.2 22 23 101 0
2 15.2 22 23 101 0
2 15.2 23 24 101 0
2 15.2 23 24 101 0
2 15.2 23 24 101 0
2 15.2 23 24 101 0
2 15.2 23 24 101 0
2 15.2 23 24 101 0
2 15.2 23 24 101 0
2 15.2 23 24 101 0
2 15.2 23 24 101 0
2 15.2 23 24 101 0
2 15.2 23 24 101 0
2 15.2 23 24 101 0
2 15.2 23 24 101 0
2 15.2 23 24 101 0
2 15.2 23 24 101 0
2 15.2 23 24 101 0
2 15.2 23 24 101 0
2 15.2 23 24 101 0
2 15.2 23 24 101 0
2 15.2 24 25 101 0
2 15.2 24 25 101 0
2 15.2 24 25 101 0
2 15.2 24 25 101 0
2 15.2 24 25 101 0
2 15.2 24 25 101 0
2 15.2 24 25 101 0
2 15.2 24 25 101 0
2 15.2 24 25 101 0
2 15.2 24 25 101 0
2 15.2 24 25 101 0
2 15.2 24 25 101 0
2 15.2 24 25 101 0
2 15.2 24 25 101 0
2 15.2 24 25 101 0
2 15.2 24 25 101 0
2 15.2 25 26 101 0
2 15.2 25 26 101 0
2 15.2 25 26 101 0
2 15.2 25 26 101 0
2 15.2 25 26 101 0
2 15.2 25 26 101 0
2 15.2 25 26 101 0
2 15.2 25 26 101 0
2 15.2 25 26 101 0
2 15.2 25 26 101 0
2 15.2 25 26 101 0
2 15.2 25 26 101 0
2 15.2 25 26 101 0
2 15.2 25 26 101 0
2 15.2 25 26 101 0
2 15.2 25 26 101 0
2 15.2 25 26 101 0
2 15.2 26 27 101 0
2 15.2 26 27 101 0
2 15.2 26 27 101 0
2 15.2 26 27 101 0
2 15.2 26 27 101 0
2 15.2 27 28 101 0
2 15.2 27 28 101 0
2 15.2 27 28 101 0
2 15.2 27 28 101 0
2 15.2 27 28 101 0
2 15.2 27 28 101 0
2 15.2 28 30 101 0
2 15.2 28 30 101 0
3 20.4 5 6 191 0
3 20.4 5 6 191 0
3 20.4 6 7 191 0
3 20.4 7 9 191 0
3 20.4 9 10 191 0
3 20.4 9 10 191 0
3 20.4 10 13 191 0
3 20.4 13 14 191 0
3 20.4 13 14 191 0
3 20.4 13 14 191 0
3 20.4 13 14 191 0
3 20.4 13 14 191 0
3 20.4 13 14 191 0
3 20.4 13 14 191 0
3 20.4 13 14 191 0
3 20.4 13 14 191 0
3 20.4 13 14 191 0
3 20.4 13 14 191 0
3 20.4 13 14 191 0
3 20.4 13 14 191 0
3 20.4 13 14 191 0
3 20.4 13 14 191 0
3 20.4 13 14 191 0
3 20.4 13 14 191 0
3 20.4 13 14 191 0
3 20.4 13 14 191 0
3 20.4 13 14 191 0
3 20.4 13 14 191 0
3 20.4 13 14 191 0
3 20.4 13 14 191 0
3 20.4 13 14 191 0
3 20.4 13 14 191 0
3 20.4 13 14 191 0
3 20.4 13 14 191 0
3 20.4 13 14 191 0
3 20.4 13 14 191 0
3 20.4 13 14 191 0
3 20.4 13 14 191 0
3 20.4 13 14 191 0
3 20.4 13 14 191 0
3 20.4 14 15 191 0
3 20.4 14 15 191 0
3 20.4 14 15 191 0
3 20.4 14 15 191 0
3 20.4 14 15 191 0
3 20.4 14 15 191 0
3 20.4 14 15 191 0
3 20.4 14 15 191 0
3 20.4 14 15 191 0
3 20.4 14 15 191 0
3 20.4 14 15 191 0
3 20.4 14 15 191 0
3 20.4 14 15 191 0
3 20.4 14 15 191 0
3 20.4 14 15 191 0
3 20.4 14 15 191 0
3 20.4 14 15 191 0
3 20.4 14 15 191 0
3 20.4 14 15 191 0
3 20.4 14 15 191 0
3 20.4 14 15 191 0
3 20.4 14 15 191 0
3 20.4 14 15 191 0
3 20.4 14 15 191 0
3 20.4 14 15 191 0
3 20.4 14 15 191 0
3 20.4 14 15 191 0
3 20.4 14 15 191 0
3 20.4 14 15 191 0
3 20.4 14 15 191 0
3 20.4 14 15 191 0
3 20.4 14 15 191 0
3 20.4 14 15 191 0
3 20.4 14 15 191 0
3 20.4 14 15 191 0
3 20.4 14 15 191 0
3 20.4 14 15 191 0
3 20.4 14 15 191 0
3 20.4 14 15 191 0
3 20.4 14 15 191 0
3 20.4 14 15 191 0
3 20.4 14 15 191 0
3 20.4 14 15 191 0
3 20.4 14 15 191 0
3 20.4 14 15 191 0
3 20.4 14 15 191 0
3 20.4 14 15 191 0
3 20.4 14 15 191 0
3 20.4 14 15 191 0
3 20.4 14 15 191 0
3 20.4 14 15 191 0
3 20.4 15 16 191 0
3 20.4 15 16 191 0
3 20.4 15 16 191 0
3 20.4 15 16 191 0
3 20.4 15 16 191 0
3 20.4 15 16 191 0
3 20.4 15 16 191 0
3 20.4 15 16 191 0
3 20.4 15 16 191 0
3 20.4 15 16 191 0
3 20.4 16 17 191 0
3 20.4 16 17 191 0
3 20.4 16 17 191 0
3 20.4 16 17 191 0
3 20.4 16 17 191 0
3 20.4 17 18 191 0
3 20.4 17 18 191 0
4 25.4 8 9 72 0
4 25.4 8 9 72 0
4 25.4 8 9 72 0
4 25.4 8 9 72 0
4 25.4 8 9 72 0
4 25.4 8 9 72 0
4 25.4 9 10 72 0
4 25.4 9 10 72 0
4 25.4 9 10 72 0
4 25.4 9 10 72 0
4 25.4 9 10 72 0
4 25.4 9 10 72 0
4 25.4 9 10 72 0
4 25.4 9 10 72 0
4 25.4 9 10 72 0
4 25.4 9 10 72 0
4 25.4 9 10 72 0
4 25.4 9 10 72 0
4 25.4 9 10 72 0
4 25.4 9 10 72 0
4 25.4 9 10 72 0
4 25.4 9 10 72 0
4 25.4 9 10 72 0
4 25.4 9 10 72 0
4 25.4 9 10 72 0
4 25.4 9 10 72 0
4 25.4 9 10 72 0
4 25.4 9 10 72 0
4 25.4 9 10 72 0
4 25.4 10 11 72 0
4 25.4 10 11 72 0
4 25.4 10 11 72 0
4 25.4 10 11 72 0
4 25.4 10 11 72 0
4 25.4 10 11 72 0
4 25.4 10 11 72 0
4 25.4 10 11 72 0
5 27.8 4 5 91 0
5 27.8 4 5 91 0
5 27.8 5 7 91 0
5 27.8 5 7 91 0
5 27.8 5 7 91 0
5 27.8 5 7 91 0
5 27.8 5 7 91 0
5 27.8 5 7 91 0
5 27.8 7 8 91 0
5 27.8 7 8 91 0
5 27.8 7 8 91 0
5 27.8 7 8 91 0
5 27.8 7 8 91 0
5 27.8 7 8 91 0
5 27.8 7 8 91 0
5 27.8 8 9 91 0
5 27.8 8 9 91 0
5 27.8 8 9 91 0
5 27.8 8 9 91 0
5 27.8 8 9 91 0
5 27.8 8 9 91 0
5 27.8 8 9 91 0
5 27.8 8 9 91 0
5 27.8 8 9 91 0
5 27.8 8 9 91 0
5 27.8 8 9 91 0
5 27.8 8 9 91 0
5 27.8 8 9 91 0
5 27.8 8 9 91 0
5 27.8 8 9 91 0
5 27.8 8 9 91 0
5 27.8 8 9 91 0
5 27.8 8 9 91 0
5 27.8 8 9 91 0
5 27.8 8 9 91 0
5 27.8 8 9 91 0
5 27.8 8 9 91 0
5 27.8 8 9 91 0
5 27.8 8 9 91 0
5 27.8 9 10 91 0
5 27.8 9 10 91 0
5 27.8 10 11 91 0
6 29.9 7 8 50 0
6 29.9 8 9 50 0
6 29.9 9 10 50 0
6 29.9 10 14 50 0
6 29.9 10 14 50 0
1 9.9 67 68 82 1
1 9.9 68 69 82 1
1 9.9 68 69 82 1
1 9.9 69 71 82 1
1 9.9 69 71 82 1
1 9.9 69 71 82 1
1 9.9 71 72 82 1
1 9.9 71 72 82 1
1 9.9 71 72 82 1
1 9.9 72 73 82 1
1 9.9 72 73 82 1
1 9.9 72 73 82 1
1 9.9 73 74 82 1
1 9.9 73 74 82 1
1 9.9 73 74 82 1
1 9.9 73 74 82 1
1 9.9 73 74 82 1
1 9.9 73 74 82 1
1 9.9 73 74 82 1
1 9.9 73 74 82 1
1 9.9 74 75 82 1
1 9.9 74 75 82 1
1 9.9 74 75 82 1
1 9.9 74 75 82 1
1 9.9 74 75 82 1
1 9.9 74 75 82 1
1 9.9 74 75 82 1
1 9.9 74 75 82 1
1 9.9 74 75 82 1
1 9.9 75 76 82 1
1 9.9 76 77 82 1
1 9.9 77 82 82 1
2 15.2 24 25 75 1
2 15.2 25 26 75 1
2 15.2 25 26 75 1
2 15.2 25 26 75 1
2 15.2 25 26 75 1
2 15.2 25 26 75 1
2 15.2 26 27 75 1
2 15.2 26 27 75 1
2 15.2 26 27 75 1
2 15.2 26 27 75 1
2 15.2 26 27 75 1
2 15.2 26 27 75 1
2 15.2 26 27 75 1
2 15.2 26 27 75 1
2 15.2 26 27 75 1
2 15.2 26 27 75 1
2 15.2 26 27 75 1
2 15.2 26 27 75 1
2 15.2 26 27 75 1
2 15.2 26 27 75 1
2 15.2 26 27 75 1
2 15.2 26 27 75 1
2 15.2 26 27 75 1
2 15.2 26 27 75 1
2 15.2 26 27 75 1
2 15.2 26 27 75 1
2 15.2 27 28 75 1
2 15.2 27 28 75 1
2 15.2 27 28 75 1
2 15.2 27 28 75 1
2 15.2 27 28 75 1
2 15.2 27 28 75 1
2 15.2 27 28 75 1
2 15.2 27 28 75 1
2 15.2 27 28 75 1
2 15.2 27 28 75 1
2 15.2 27 28 75 1
2 15.2 27 28 75 1
2 15.2 27 28 75 1
2 15.2 27 28 75 1
2 15.2 27 28 75 1
2 15.2 27 28 75 1
2 15.2 28 29 75 1
2 15.2 28 29 75 1
2 15.2 28 29 75 1
2 15.2 28 29 75 1
2 15.2 29 30 75 1
2 15.2 29 30 75 1
2 15.2 29 30 75 1
2 15.2 29 30 75 1
2 15.2 29 30 75 1
2 15.2 29 30 75 1
2 15.2 30 31 75 1
2 15.2 31 32 75 1
2 15.2 31 32 75 1
3 20.4 4 5 86 1
3 20.4 5 6 86 1
3 20.4 6 11 86 1
3 20.4 11 15 86 1
3 20.4 11 15 86 1
3 20.4 15 16 86 1
3 20.4 15 16 86 1
3 20.4 15 16 86 1
3 20.4 15 16 86 1
3 20.4 15 16 86 1
3 20.4 15 16 86 1
3 20.4 15 16 86 1
3 20.4 15 16 86 1
3 20.4 15 16 86 1
3 20.4 15 16 86 1
3 20.4 15 16 86 1
3 20.4 15 16 86 1
3 20.4 15 16 86 1
3 20.4 15 16 86 1
3 20.4 15 16 86 1
3 20.4 15 16 86 1
3 20.4 15 16 86 1
3 20.4 15 16 86 1
3 20.4 15 16 86 1
3 20.4 15 16 86 1
3 20.4 15 16 86 1
3 20.4 15 16 86 1
3 20.4 15 16 86 1
3 20.4 15 16 86 1
3 20.4 16 17 86 1
3 20.4 16 17 86 1
3 20.4 16 17 86 1
3 20.4 16 17 86 1
3 20.4 16 17 86 1
3 20.4 16 17 86 1
3 20.4 16 17 86 1
3 20.4 16 17 86 1
3 20.4 16 17 86 1
3 20.4 16 17 86 1
3 20.4 16 17 86 1
3 20.4 16 17 86 1
3 20.4 17 18 86 1
3 20.4 17 18 86 1
3 20.4 17 18 86 1
3 20.4 17 18 86 1
3 20.4 18 19 86 1
3 20.4 18 19 86 1
3 20.4 19 20 86 1
3 20.4 19 20 86 1
4 25.4 9 10 39 1
4 25.4 9 10 39 1
4 25.4 10 11 39 1
4 25.4 10 11 39 1
4 25.4 10 11 39 1
4 25.4 10 11 39 1
4 25.4 10 11 39 1
4 25.4 10 11 39 1
4 25.4 10 11 39 1
4 25.4 10 11 39 1
4 25.4 10 11 39 1
4 25.4 10 11 39 1
4 25.4 10 11 39 1
4 25.4 10 11 39 1
4 25.4 10 11 39 1
4 25.4 10 11 39 1
4 25.4 11 12 39 1
4 25.4 11 12 39 1
4 25.4 11 12 39 1
4 25.4 11 12 39 1
5 27.8 4 5 56 1
5 27.8 5 7 56 1
5 27.8 5 7 56 1
5 27.8 5 7 56 1
5 27.8 7 8 56 1
5 27.8 7 8 56 1
5 27.8 8 9 56 1
5 27.8 8 9 56 1
5 27.8 8 9 56 1
5 27.8 8 9 56 1
5 27.8 8 9 56 1
5 27.8 8 9 56 1
5 27.8 8 9 56 1
5 27.8 8 9 56 1
5 27.8 8 9 56 1
5 27.8 8 9 56 1
5 27.8 8 9 56 1
5 27.8 8 9 56 1
5 27.8 8 9 56 1
5 27.8 8 9 56 1
5 27.8 9 10 56 1
5 27.8 9 10 56 1
5 27.8 9 10 56 1
5 27.8 10 11 56 1
5 27.8 10 11 56 1
5 27.8 11 12 56 1
6 29.9 8 9 30 1
6 29.9 8 9 30 1
6 29.9 9 14 30 1
