1 10 30 31 100
1 10 30 31 100
1 10 30 31 100
1 10 31 32 100
1 10 31 32 100
1 10 33 34 100
1 10 33 34 100
1 10 33 34 100
1 10 34 35 100
1 10 34 35 100
1 10 34 35 100
1 10 34 35 100
1 10 39 40 100
2 15 15 16 100
2 15 15 16 100
2 15 15 16 100
2 15 15 16 100
2 15 15 16 100
2 15 15 16 100
2 15 15 16 100
2 15 15 16 100
2 15 15 16 100
2 15 15 16 100
2 15 15 16 100
2 15 16 17 100
2 15 16 17 100
2 15 16 17 100
2 15 16 17 100
2 15 16 17 100
2 15 16 17 100
2 15 16 17 100
2 15 16 17 100
2 15 16 17 100
2 15 16 17 100
2 15 16 17 100
2 15 16 17 100
2 15 16 17 100
2 15 16 17 100
2 15 16 17 100
2 15 16 17 100
2 15 16 17 100
2 15 16 17 100
2 15 16 17 100
2 15 16 17 100
2 15 16 17 100
2 15 16 17 100
2 15 16 17 100
2 15 16 17 100
2 15 16 17 100
2 15 16 17 100
2 15 17 18 100
2 15 17 18 100
2 15 17 18 100
2 15 17 18 100
2 15 17 18 100
2 15 17 18 100
2 15 17 18 100
2 15 17 18 100
2 15 17 18 100
2 15 17 18 100
2 15 17 18 100
2 15 17 18 100
2 15 17 18 100
2 15 17 18 100
2 15 17 18 100
2 15 17 18 100
2 15 17 18 100
2 15 17 18 100
2 15 17 18 100
2 15 17 18 100
2 15 17 18 100
2 15 17 18 100
2 15 17 18 100
2 15 17 18 100
2 15 17 18 100
2 15 17 18 100
2 15 17 18 100
2 15 17 18 100
2 15 17 18 100
2 15 17 18 100
2 15 17 18 100
2 15 17 18 100
2 15 17 18 100
2 15 17 18 100
2 15 17 18 100
2 15 17 18 100
2 15 17 18 100
2 15 17 18 100
2 15 18 19 100
2 15 18 19 100
2 15 18 19 100
2 15 18 19 100
2 15 18 19 100
2 15 18 19 100
2 15 18 19 100
2 15 18 19 100
2 15 18 19 100
2 15 18 19 100
2 15 18 19 100
2 15 18 19 100
2 15 18 19 100
2 15 18 19 100
2 15 18 19 100
2 15 18 19 100
2 15 18 19 100
2 15 18 19 100
2 15 18 19 100
2 15 19 20 100
2 15 19 20 100
2 15 19 20 100
2 15 19 20 100
2 15 19 20 100
2 15 20 21 100
3 18 7 8 100
3 18 7 8 100
3 18 7 8 100
3 18 7 8 100
3 18 7 8 100
3 18 7 8 100
3 18 9 10 100
3 18 9 10 100
3 18 9 10 100
3 18 9 10 100
3 18 9 10 100
3 18 9 10 100
3 18 9 10 100
3 18 9 10 100
3 18 9 10 100
3 18 9 10 100
3 18 9 10 100
3 18 9 10 100
3 18 9 10 100
3 18 9 10 100
3 18 9 10 100
3 18 9 10 100
3 18 9 10 100
3 18 9 10 100
3 18 9 10 100
3 18 9 10 100
3 18 9 10 100
3 18 9 10 100
3 18 9 10 100
3 18 9 10 100
3 18 9 10 100
3 18 9 10 100
3 18 9 10 100
3 18 9 10 100
3 18 9 10 100
3 18 9 10 100
3 18 9 10 100
3 18 9 10 100
3 18 9 10 100
3 18 9 10 100
3 18 9 10 100
3 18 9 10 100
3 18 9 10 100
3 18 9 10 100
3 18 9 10 100
3 18 9 10 100
3 18 9 10 100
3 18 9 10 100
3 18 9 10 100
3 18 9 10 100
3 18 9 10 100
3 18 9 10 100
3 18 9 10 100
3 18 9 10 100
3 18 9 10 100
3 18 9 10 100
3 18 9 10 100
3 18 9 10 100
3 18 9 10 100
3 18 9 10 100
3 18 9 10 100
3 18 9 10 100
3 18 9 10 100
3 18 9 10 100
3 18 9 10 100
3 18 9 10 100
3 18 9 10 100
3 18 9 10 100
3 18 9 10 100
3 18 9 10 100
3 18 9 10 100
3 18 9 10 100
3 18 9 10 100
3 18 9 10 100
3 18 9 10 100
3 18 9 10 100
3 18 9 10 100
3 18 9 10 100
3 18 10 11 100
3 18 10 11 100
3 18 10 11 100
3 18 10 11 100
3 18 10 11 100
3 18 10 11 100
3 18 10 11 100
3 18 10 11 100
3 18 10 11 100
3 18 10 11 100
3 18 10 11 100
3 18 10 11 100
3 18 10 11 100
3 18 10 11 100
3 18 10 11 100
3 18 10 11 100
3 18 10 11 100
3 18 10 11 100
3 18 10 11 100
3 18 10 11 100
3 18 10 11 100
3 18 11 12 100
4 20 7 8 100
4 20 8 9 100
4 20 8 9 100
4 20 8 9 100
4 20 8 9 100
4 20 8 9 100
4 20 8 9 100
4 20 8 9 100
4 20 8 9 100
4 20 8 9 100
4 20 8 9 100
4 20 8 9 100
4 20 8 9 100
4 20 8 9 100
4 20 8 9 100
4 20 8 9 100
4 20 8 9 100
4 20 8 9 100
4 20 8 9 100
4 20 8 9 100
4 20 8 9 100
4 20 8 9 100
4 20 8 9 100
4 20 8 9 100
4 20 8 9 100
4 20 8 9 100
4 20 8 9 100
4 20 8 9 100
4 20 8 9 100
4 20 8 9 100
4 20 8 9 100
4 20 8 9 100
4 20 8 9 100
4 20 8 9 100
4 20 8 9 100
4 20 8 9 100
4 20 8 9 100
4 20 8 9 100
4 20 8 9 100
4 20 8 9 100
4 20 8 9 100
4 20 8 9 100
4 20 8 9 100
4 20 8 9 100
4 20 8 9 100
4 20 8 9 100
4 20 8 9 100
4 20 8 9 100
4 20 8 9 100
4 20 8 9 100
4 20 8 9 100
4 20 8 9 100
4 20 8 9 100
4 20 8 9 100
4 20 8 9 100
4 20 8 9 100
4 20 8 9 100
4 20 8 9 100
4 20 9 10 100
4 20 9 10 100
4 20 9 10 100
4 20 9 10 100
4 20 9 10 100
4 20 9 10 100
4 20 9 10 100
4 20 9 10 100
4 20 9 10 100
4 20 9 10 100
4 20 9 10 100
4 20 9 10 100
4 20 9 10 100
4 20 9 10 100
4 20 9 10 100
4 20 9 10 100
4 20 9 10 100
4 20 9 10 100
4 20 9 10 100
4 20 9 10 100
4 20 9 10 100
4 20 9 10 100
4 20 9 10 100
4 20 9 10 100
4 20 9 10 100
4 20 10 11 100
4 20 10 11 100
4 20 10 11 100
4 20 10 11 100
4 20 10 11 100
4 20 10 11 100
4 20 10 11 100
4 20 10 11 100
4 20 10 11 100
4 20 10 11 100
4 20 10 11 100
4 20 12 13 100
4 20 12 13 100
4 20 12 13 100
4 20 12 13 100
4 20 12 13 100
4 20 12 13 100
5 25 3 4 100
5 25 4 5 100
5 25 4 5 100
5 25 4 5 100
5 25 4 5 100
5 25 4 5 100
5 25 4 5 100
5 25 4 5 100
5 25 4 5 100
5 25 4 5 100
5 25 4 5 100
5 25 4 5 100
5 25 4 5 100
5 25 4 5 100
5 25 4 5 100
5 25 4 5 100
5 25 4 5 100
5 25 4 5 100
5 25 4 5 100
5 25 4 5 100
5 25 4 5 100
5 25 4 5 100
5 25 4 5 100
5 25 4 5 100
5 25 4 5 100
5 25 4 5 100
5 25 4 5 100
5 25 4 5 100
5 25 4 5 100
5 25 4 5 100
5 25 4 5 100
5 25 4 5 100
5 25 4 5 100
5 25 5 6 100
5 25 5 6 100
5 25 5 6 100
5 25 5 6 100
5 25 5 6 100
5 25 5 6 100
5 25 5 6 100
5 25 5 6 100
5 25 5 6 100
5 25 5 6 100
5 25 5 6 100
5 25 5 6 100
5 25 5 6 100
5 25 5 6 100
5 25 5 6 100
5 25 5 6 100
5 25 5 6 100
5 25 5 6 100
5 25 5 6 100
5 25 5 6 100
5 25 5 6 100
5 25 5 6 100
5 25 5 6 100
5 25 5 6 100
5 25 5 6 100
5 25 5 6 100
5 25 5 6 100
5 25 5 6 100
5 25 5 6 100
5 25 5 6 100
5 25 5 6 100
5 25 5 6 100
5 25 5 6 100
5 25 5 6 100
5 25 5 6 100
5 25 5 6 100
5 25 5 6 100
5 25 5 6 100
5 25 5 6 100
5 25 5 6 100
5 25 5 6 100
5 25 5 6 100
5 25 5 6 100
5 25 5 6 100
5 25 5 6 100
5 25 5 6 100
5 25 5 6 100
5 25 5 6 100
5 25 5 6 100
5 25 5 6 100
5 25 5 6 100
5 25 5 6 100
5 25 5 6 100
5 25 5 6 100
5 25 5 6 100
5 25 5 6 100
5 25 5 6 100
5 25 5 6 100
5 25 5 6 100
5 25 5 6 100
5 25 5 6 100
5 25 6 7 100
5 25 6 7 100
5 25 6 7 100
5 25 6 7 100
5 25 6 7 100
5 25 7 8 100
6 28 4 5 100
6 28 4 5 100
6 28 4 5 100
6 28 4 5 100
6 28 4 5 100
6 28 4 5 100
6 28 4 5 100
6 28 4 5 100
6 28 4 5 100
6 28 4 5 100
6 28 4 5 100
6 28 4 5 100
6 28 4 5 100
6 28 4 5 100
6 28 4 5 100
6 28 4 5 100
6 28 4 5 100
6 28 4 5 100
6 28 4 5 100
6 28 4 5 100
6 28 4 5 100
6 28 4 5 100
6 28 4 5 100
6 28 4 5 100
6 28 4 5 100
6 28 4 5 100
6 28 4 5 100
6 28 4 5 100
6 28 4 5 100
6 28 4 5 100
6 28 4 5 100
6 28 4 5 100
6 28 4 5 100
6 28 4 5 100
6 28 4 5 100
6 28 4 5 100
6 28 4 5 100
6 28 4 5 100
6 28 4 5 100
6 28 4 5 100
6 28 4 5 100
6 28 4 5 100
6 28 4 5 100
6 28 4 5 100
6 28 4 5 100
6 28 4 5 100
6 28 4 5 100
6 28 4 5 100
6 28 4 5 100
6 28 5 6 100
6 28 5 6 100
6 28 5 6 100
6 28 5 6 100
6 28 5 6 100
6 28 5 6 100
6 28 5 6 100
6 28 5 6 100
6 28 5 6 100
6 28 5 6 100
6 28 5 6 100
6 28 5 6 100
6 28 5 6 100
6 28 5 6 100
6 28 5 6 100
6 28 5 6 100
6 28 5 6 100
6 28 5 6 100
6 28 5 6 100
6 28 5 6 100
6 28 5 6 100
6 28 5 6 100
6 28 5 6 100
6 28 5 6 100
6 28 5 6 100
6 28 5 6 100
6 28 5 6 100
6 28 5 6 100
6 28 5 6 100
6 28 5 6 100
6 28 5 6 100
6 28 5 6 100
6 28 5 6 100
6 28 5 6 100
6 28 5 6 100
6 28 5 6 100
6 28 5 6 100
6 28 5 6 100
6 28 5 6 100
6 28 5 6 100
6 28 5 6 100
6 28 5 6 100
6 28 5 6 100
6 28 5 6 100
6 28 5 6 100
6 28 5 6 100
6 28 5 6 100
6 28 5 6 100
6 28 6 7 100
6 28 6 7 100
6 28 6 7 100
7 32 4 5 100
7 32 5 6 100
7 32 5 6 100
7 32 5 6 100
7 32 5 6 100
7 32 5 6 100
7 32 5 6 100
7 32 5 6 100
7 32 5 6 100
7 32 5 6 100
7 32 5 6 100
7 32 5 6 100
7 32 5 6 100
7 32 5 6 100
7 32 5 6 100
7 32 5 6 100
7 32 5 6 100
7 32 6 7 100
7 32 6 7 100
7 32 6 7 100
7 32 6 7 100
7 32 6 7 100
7 32 6 7 100
7 32 6 7 100
7 32 6 7 100
7 32 6 7 100
7 32 6 7 100
7 32 6 7 100
7 32 6 7 100
7 32 6 7 100
7 32 6 7 100
7 32 6 7 100
7 32 6 7 100
7 32 6 7 100
7 32 6 7 100
7 32 6 7 100
7 32 6 7 100
7 32 6 7 100
7 32 6 7 100
7 32 6 7 100
7 32 6 7 100
7 32 6 7 100
7 32 6 7 100
7 32 6 7 100
7 32 6 7 100
7 32 6 7 100
7 32 6 7 100
7 32 6 7 100
7 32 6 7 100
7 32 6 7 100
7 32 6 7 100
7 32 6 7 100
7 32 6 7 100
7 32 6 7 100
7 32 6 7 100
7 32 6 7 100
7 32 6 7 100
7 32 6 7 100
7 32 6 7 100
7 32 6 7 100
7 32 6 7 100
7 32 6 7 100
7 32 6 7 100
7 32 6 7 100
7 32 6 7 100
7 32 6 7 100
7 32 6 7 100
7 32 6 7 100
7 32 6 7 100
7 32 6 7 100
7 32 6 7 100
7 32 6 7 100
7 32 6 7 100
7 32 6 7 100
7 32 6 7 100
7 32 22 23 100
