1 15 1 1.01 25
1 15 1 2 25
1 15 1 2 25
1 15 2 3 25
1 15 3 4 25
1 15 3 4 25
1 15 3 4 25
1 15 3 4 25
1 15 4 5 25
1 15 4 5 25
1 15 5 6 25
1 15 6 7 25
1 15 8 9 25
1 15 9 10 25
1 15 9 10 25
1 15 11 12 25
1 15 11 12 25
1 15 12 13 25
1 15 14 15 25
1 15 17 18 25
1 15 18 19 25
1 15 18 19 25
1 15 19 20 25
1 15 26 27 25
1 15 28 29 25
2 18 1 2 41
2 18 1 2 41
2 18 2 3 41
2 18 2 3 41
2 18 3 4 41
2 18 3 4 41
2 18 4 5 41
2 18 4 5 41
2 18 4 5 41
2 18 4 5 41
2 18 4 5 41
2 18 4 5 41
2 18 5 6 41
2 18 6 7 41
2 18 6 7 41
2 18 6 7 41
2 18 8 9 41
2 18 8 9 41
2 18 8 9 41
2 18 9 10 41
2 18 9 10 41
2 18 10 11 41
2 18 10 11 41
2 18 10 11 41
2 18 10 11 41
2 18 11 12 41
2 18 12 13 41
2 18 12 13 41
2 18 12 13 41
2 18 12 13 41
2 18 13 14 41
2 18 13 14 41
2 18 13 14 41
2 18 13 14 41
2 18 13 14 41
2 18 18 19 41
2 18 20 21 41
2 18 21 22 41
2 18 21 22 41
2 18 21 22 41
2 18 25 26 41
3 20 1 1.01 56
3 20 1 2 56
3 20 1 2 56
3 20 1 2 56
3 20 1 2 56
3 20 1 2 56
3 20 1 2 56
3 20 2 3 56
3 20 2 3 56
3 20 2 3 56
3 20 2 3 56
3 20 2 3 56
3 20 2 3 56
3 20 3 4 56
3 20 3 4 56
3 20 3 4 56
3 20 3 4 56
3 20 3 4 56
3 20 3 4 56
3 20 4 5 56
3 20 4 5 56
3 20 4 5 56
3 20 4 5 56
3 20 4 5 56
3 20 4 5 56
3 20 4 5 56
3 20 4 5 56
3 20 4 5 56
3 20 5 6 56
3 20 6 7 56
3 20 6 7 56
3 20 6 7 56
3 20 7 8 56
3 20 8 9 56
3 20 8 9 56
3 20 8 9 56
3 20 8 9 56
3 20 9 10 56
3 20 9 10 56
3 20 10 11 56
3 20 10 11 56
3 20 11 12 56
3 20 11 12 56
3 20 13 14 56
3 20 13 14 56
3 20 13 14 56
3 20 14 15 56
3 20 14 15 56
3 20 15 16 56
3 20 15 16 56
3 20 17 18 56
3 20 19 20 56
3 20 19 20 56
3 20 22 23 56
3 20 22 23 56
3 20 28 29 56
4 25 1 2 32
4 25 1 2 32
4 25 1 2 32
4 25 1 2 32
4 25 1 2 32
4 25 2 3 32
4 25 2 3 32
4 25 2 3 32
4 25 2 3 32
4 25 4 5 32
4 25 4 5 32
4 25 4 5 32
4 25 4 5 32
4 25 4 5 32
4 25 4 5 32
4 25 4 5 32
4 25 5 6 32
4 25 5 6 32
4 25 5 6 32
4 25 5 6 32
4 25 5 6 32
4 25 6 7 32
4 25 6 7 32
4 25 8 9 32
4 25 10 11 32
4 25 10 11 32
4 25 10 11 32
4 25 12 13 32
4 25 15 16 32
4 25 21 22 32
4 25 23 24 32
4 25 35 36 32
5 28 1 1.01 30
5 28 1 2 30
5 28 1 2 30
5 28 1 2 30
5 28 2 3 30
5 28 2 3 30
5 28 2 3 30
5 28 3 4 30
5 28 3 4 30
5 28 3 4 30
5 28 3 4 30
5 28 4 5 30
5 28 4 5 30
5 28 5 6 30
5 28 5 6 30
5 28 5 6 30
5 28 6 7 30
5 28 6 7 30
5 28 6 7 30
5 28 6 7 30
5 28 8 9 30
5 28 8 9 30
5 28 8 9 30
5 28 9 10 30
5 28 9 10 30
5 28 10 11 30
5 28 11 12 30
5 28 11 12 30
5 28 16 17 30
5 28 22 23 30
