1 15 1 1.01 40
1 15 1 1.01 40
1 15 1 1.01 40
1 15 1 2 40
1 15 1 2 40
1 15 1 2 40
1 15 1 2 40
1 15 1 2 40
1 15 2 3 40
1 15 2 3 40
1 15 3 4 40
1 15 3 4 40
1 15 4 5 40
1 15 4 5 40
1 15 4 5 40
1 15 4 5 40
1 15 4 5 40
1 15 5 6 40
1 15 5 6 40
1 15 5 6 40
1 15 5 6 40
1 15 5 6 40
1 15 5 6 40
1 15 6 7 40
1 15 7 8 40
1 15 7 8 40
1 15 7 8 40
1 15 7 8 40
1 15 9 10 40
1 15 9 10 40
1 15 11 12 40
1 15 14 15 40
1 15 14 15 40
1 15 15 16 40
1 15 15 16 40
1 15 16 17 40
1 15 17 18 40
1 15 32 33 40
1 15 35 36 40
1 15 39 40 40
2 18 1 1.01 35
2 18 1 1.01 35
2 18 1 1.01 35
2 18 1 1.01 35
2 18 1 1.01 35
2 18 1 2 35
2 18 1 2 35
2 18 1 2 35
2 18 1 2 35
2 18 1 2 35
2 18 2 3 35
2 18 3 4 35
2 18 4 5 35
2 18 5 6 35
2 18 6 7 35
2 18 6 7 35
2 18 6 7 35
2 18 7 8 35
2 18 7 8 35
2 18 7 8 35
2 18 8 9 35
2 18 9 10 35
2 18 9 10 35
2 18 10 11 35
2 18 10 11 35
2 18 11 12 35
2 18 12 13 35
2 18 13 14 35
2 18 13 14 35
2 18 15 16 35
2 18 18 19 35
2 18 22 23 35
2 18 22 23 35
2 18 24 25 35
2 18 26 27 35
3 20 1 1.01 35
3 20 1 1.01 35
3 20 1 1.01 35
3 20 1 1.01 35
3 20 1 1.01 35
3 20 1 2 35
3 20 1 2 35
3 20 1 2 35
3 20 2 3 35
3 20 2 3 35
3 20 2 3 35
3 20 2 3 35
3 20 3 4 35
3 20 3 4 35
3 20 4 5 35
3 20 4 5 35
3 20 4 5 35
3 20 4 5 35
3 20 4 5 35
3 20 5 6 35
3 20 5 6 35
3 20 5 6 35
3 20 5 6 35
3 20 6 7 35
3 20 6 7 35
3 20 7 8 35
3 20 8 9 35
3 20 8 9 35
3 20 11 12 35
3 20 11 12 35
3 20 11 12 35
3 20 14 15 35
3 20 16 17 35
3 20 24 25 35
3 20 31 32 35
4 25 1 1.01 57
4 25 1 1.01 57
4 25 1 1.01 57
4 25 1 1.01 57
4 25 1 1.01 57
4 25 1 2 57
4 25 1 2 57
4 25 1 2 57
4 25 1 2 57
4 25 1 2 57
4 25 1 2 57
4 25 2 3 57
4 25 2 3 57
4 25 2 3 57
4 25 2 3 57
4 25 2 3 57
4 25 2 3 57
4 25 2 3 57
4 25 2 3 57
4 25 3 4 57
4 25 3 4 57
4 25 3 4 57
4 25 3 4 57
4 25 3 4 57
4 25 4 5 57
4 25 4 5 57
4 25 4 5 57
4 25 5 6 57
4 25 5 6 57
4 25 5 6 57
4 25 5 6 57
4 25 5 6 57
4 25 5 6 57
4 25 6 7 57
4 25 6 7 57
4 25 7 8 57
4 25 8 9 57
4 25 8 9 57
4 25 8 9 57
4 25 9 10 57
4 25 9 10 57
4 25 9 10 57
4 25 10 11 57
4 25 13 14 57
4 25 13 14 57
4 25 13 14 57
4 25 13 14 57
4 25 16 17 57
4 25 16 17 57
4 25 16 17 57
4 25 16 17 57
4 25 17 18 57
4 25 18 19 57
4 25 20 21 57
4 25 23 24 57
4 25 24 25 57
4 25 42 43 57
5 28 1 1.01 30
5 28 1 1.01 30
5 28 1 1.01 30
5 28 1 1.01 30
5 28 1 1.01 30
5 28 1 1.01 30
5 28 1 1.01 30
5 28 1 1.01 30
5 28 1 1.01 30
5 28 1 1.01 30
5 28 1 1.01 30
5 28 1 1.01 30
5 28 1 1.01 30
5 28 1 2 30
5 28 1 2 30
5 28 1 2 30
5 28 2 3 30
5 28 2 3 30
5 28 3 4 30
5 28 5 6 30
5 28 6 7 30
5 28 8 9 30
5 28 9 10 30
5 28 10 11 30
5 28 10 11 30
5 28 11 12 30
5 28 17 18 30
5 28 21 22 30
5 28 25 26 30
5 28 27 28 30
