1 15 14 15 100
1 15 15 16 100
1 15 15 16 100
1 15 15 16 100
1 15 15 16 100
1 15 16 17 100
1 15 16 17 100
1 15 16 17 100
1 15 16 17 100
1 15 16 17 100
1 15 16 17 100
1 15 16 17 100
1 15 16 17 100
1 15 16 17 100
1 15 16 17 100
1 15 16 17 100
1 15 16 17 100
1 15 16 17 100
1 15 16 17 100
1 15 16 17 100
1 15 16 17 100
1 15 16 17 100
1 15 16 17 100
1 15 16 17 100
1 15 16 17 100
1 15 17 18 100
1 15 17 18 100
1 15 17 18 100
1 15 17 18 100
1 15 17 18 100
1 15 17 18 100
1 15 17 18 100
1 15 17 18 100
1 15 17 18 100
1 15 17 18 100
1 15 17 18 100
1 15 17 18 100
1 15 17 18 100
1 15 17 18 100
1 15 17 18 100
1 15 17 18 100
1 15 17 18 100
1 15 17 18 100
1 15 17 18 100
1 15 17 18 100
1 15 17 18 100
1 15 17 18 100
1 15 17 18 100
1 15 17 18 100
1 15 17 18 100
1 15 17 18 100
1 15 17 18 100
1 15 17 18 100
1 15 17 18 100
1 15 17 18 100
1 15 17 18 100
1 15 17 18 100
1 15 17 18 100
1 15 17 18 100
1 15 18 19 100
1 15 18 19 100
1 15 18 19 100
1 15 18 19 100
1 15 18 19 100
1 15 18 19 100
1 15 18 19 100
1 15 18 19 100
1 15 18 19 100
1 15 18 19 100
1 15 18 19 100
1 15 18 19 100
1 15 18 19 100
1 15 18 19 100
1 15 18 19 100
1 15 18 19 100
1 15 18 19 100
1 15 18 19 100
1 15 18 19 100
1 15 18 19 100
1 15 19 20 100
1 15 19 20 100
1 15 19 20 100
1 15 19 20 100
1 15 20 21 100
1 15 20 21 100
1 15 21 22 100
2 18 10 11 100
2 18 10 11 100
2 18 10 11 100
2 18 10 11 100
2 18 10 11 100
2 18 10 11 100
2 18 10 11 100
2 18 11 12 100
2 18 11 12 100
2 18 11 12 100
2 18 11 12 100
2 18 11 12 100
2 18 11 12 100
2 18 11 12 100
2 18 11 12 100
2 18 11 12 100
2 18 11 12 100
2 18 11 12 100
2 18 11 12 100
2 18 11 12 100
2 18 11 12 100
2 18 12 13 100
2 18 12 13 100
2 18 12 13 100
2 18 12 13 100
2 18 12 13 100
2 18 12 13 100
2 18 12 13 100
2 18 12 13 100
2 18 12 13 100
2 18 12 13 100
2 18 12 13 100
2 18 12 13 100
2 18 12 13 100
2 18 13 14 100
2 18 13 14 100
2 18 13 14 100
2 18 13 14 100
2 18 13 14 100
2 18 13 14 100
2 18 13 14 100
2 18 13 14 100
2 18 13 14 100
2 18 13 14 100
2 18 13 14 100
2 18 13 14 100
2 18 13 14 100
2 18 13 14 100
2 18 13 14 100
2 18 14 15 100
2 18 14 15 100
2 18 14 15 100
2 18 14 15 100
2 18 14 15 100
2 18 15 16 100
2 18 15 16 100
2 18 15 16 100
2 18 15 16 100
2 18 15 16 100
2 18 15 16 100
2 18 15 16 100
2 18 15 16 100
2 18 16 17 100
2 18 16 17 100
2 18 16 17 100
2 18 16 17 100
2 18 16 17 100
2 18 16 17 100
2 18 16 17 100
2 18 16 17 100
2 18 16 17 100
2 18 16 17 100
2 18 16 17 100
2 18 16 17 100
2 18 16 17 100
2 18 16 17 100
2 18 16 17 100
2 18 16 17 100
2 18 16 17 100
2 18 16 17 100
2 18 16 17 100
2 18 16 17 100
2 18 16 17 100
2 18 18 19 100
2 18 18 19 100
2 18 18 19 100
2 18 18 19 100
3 20 8 9 100
3 20 9 10 100
3 20 10 11 100
3 20 10 11 100
3 20 10 11 100
3 20 10 11 100
3 20 10 11 100
3 20 10 11 100
3 20 10 11 100
3 20 10 11 100
3 20 10 11 100
3 20 10 11 100
3 20 10 11 100
3 20 10 11 100
3 20 10 11 100
3 20 10 11 100
3 20 10 11 100
3 20 10 11 100
3 20 10 11 100
3 20 10 11 100
3 20 10 11 100
3 20 10 11 100
3 20 10 11 100
3 20 10 11 100
3 20 10 11 100
3 20 10 11 100
3 20 10 11 100
3 20 10 11 100
3 20 10 11 100
3 20 10 11 100
3 20 10 11 100
3 20 10 11 100
3 20 10 11 100
3 20 10 11 100
3 20 10 11 100
3 20 10 11 100
3 20 10 11 100
3 20 10 11 100
3 20 10 11 100
3 20 10 11 100
3 20 10 11 100
3 20 10 11 100
3 20 10 11 100
3 20 10 11 100
3 20 10 11 100
3 20 10 11 100
3 20 10 11 100
3 20 10 11 100
3 20 10 11 100
3 20 10 11 100
3 20 10 11 100
3 20 10 11 100
3 20 10 11 100
3 20 10 11 100
3 20 10 11 100
3 20 10 11 100
3 20 10 11 100
3 20 10 11 100
3 20 11 12 100
3 20 11 12 100
3 20 11 12 100
3 20 11 12 100
3 20 11 12 100
3 20 11 12 100
3 20 11 12 100
3 20 11 12 100
3 20 12 13 100
3 20 12 13 100
3 20 12 13 100
3 20 12 13 100
3 20 12 13 100
3 20 12 13 100
3 20 12 13 100
3 20 12 13 100
3 20 12 13 100
3 20 12 13 100
3 20 12 13 100
3 20 12 13 100
3 20 13 14 100
3 20 13 14 100
3 20 13 14 100
3 20 13 14 100
3 20 13 14 100
3 20 13 14 100
3 20 13 14 100
3 20 13 14 100
3 20 13 14 100
3 20 13 14 100
3 20 13 14 100
3 20 13 14 100
3 20 13 14 100
3 20 13 14 100
3 20 13 14 100
3 20 13 14 100
3 20 14 15 100
3 20 15 16 100
4 25 7 8 100
4 25 7 8 100
4 25 7 8 100
4 25 7 8 100
4 25 8 9 100
4 25 8 9 100
4 25 8 9 100
4 25 8 9 100
4 25 8 9 100
4 25 8 9 100
4 25 8 9 100
4 25 8 9 100
4 25 8 9 100
4 25 8 9 100
4 25 8 9 100
4 25 8 9 100
4 25 8 9 100
4 25 8 9 100
4 25 8 9 100
4 25 9 10 100
4 25 9 10 100
4 25 9 10 100
4 25 9 10 100
4 25 9 10 100
4 25 9 10 100
4 25 9 10 100
4 25 9 10 100
4 25 9 10 100
4 25 9 10 100
4 25 9 10 100
4 25 9 10 100
4 25 9 10 100
4 25 9 10 100
4 25 9 10 100
4 25 9 10 100
4 25 9 10 100
4 25 9 10 100
4 25 9 10 100
4 25 9 10 100
4 25 9 10 100
4 25 10 11 100
4 25 10 11 100
4 25 10 11 100
4 25 10 11 100
4 25 10 11 100
4 25 10 11 100
4 25 10 11 100
4 25 10 11 100
4 25 10 11 100
4 25 10 11 100
4 25 10 11 100
4 25 10 11 100
4 25 10 11 100
4 25 10 11 100
4 25 10 11 100
4 25 10 11 100
4 25 10 11 100
4 25 10 11 100
4 25 10 11 100
4 25 10 11 100
4 25 11 12 100
4 25 11 12 100
4 25 11 12 100
4 25 11 12 100
4 25 11 12 100
4 25 11 12 100
4 25 11 12 100
4 25 11 12 100
4 25 11 12 100
4 25 11 12 100
4 25 11 12 100
4 25 11 12 100
4 25 11 12 100
4 25 11 12 100
4 25 11 12 100
4 25 11 12 100
4 25 11 12 100
4 25 11 12 100
4 25 11 12 100
4 25 11 12 100
4 25 11 12 100
4 25 11 12 100
4 25 11 12 100
4 25 11 12 100
4 25 11 12 100
4 25 11 12 100
4 25 11 12 100
4 25 12 13 100
4 25 12 13 100
4 25 12 13 100
4 25 12 13 100
4 25 12 13 100
4 25 12 13 100
4 25 12 13 100
4 25 12 13 100
4 25 12 13 100
4 25 12 13 100
4 25 12 13 100
4 25 13 14 100
5 28 7 8 100
5 28 7 8 100
5 28 7 8 100
5 28 8 9 100
5 28 8 9 100
5 28 8 9 100
5 28 8 9 100
5 28 8 9 100
5 28 8 9 100
5 28 8 9 100
5 28 8 9 100
5 28 9 10 100
5 28 9 10 100
5 28 9 10 100
5 28 9 10 100
5 28 9 10 100
5 28 9 10 100
5 28 9 10 100
5 28 9 10 100
5 28 9 10 100
5 28 9 10 100
5 28 9 10 100
5 28 9 10 100
5 28 9 10 100
5 28 9 10 100
5 28 9 10 100
5 28 9 10 100
5 28 9 10 100
5 28 9 10 100
5 28 9 10 100
5 28 9 10 100
5 28 9 10 100
5 28 9 10 100
5 28 9 10 100
5 28 9 10 100
5 28 9 10 100
5 28 9 10 100
5 28 9 10 100
5 28 10 11 100
5 28 10 11 100
5 28 10 11 100
5 28 10 11 100
5 28 10 11 100
5 28 10 11 100
5 28 10 11 100
5 28 10 11 100
5 28 10 11 100
5 28 10 11 100
5 28 10 11 100
5 28 10 11 100
5 28 10 11 100
5 28 10 11 100
5 28 10 11 100
5 28 10 11 100
5 28 10 11 100
5 28 10 11 100
5 28 10 11 100
5 28 10 11 100
5 28 10 11 100
5 28 10 11 100
5 28 10 11 100
5 28 10 11 100
5 28 10 11 100
5 28 10 11 100
5 28 10 11 100
5 28 10 11 100
5 28 10 11 100
5 28 10 11 100
5 28 10 11 100
5 28 11 12 100
5 28 11 12 100
5 28 11 12 100
5 28 11 12 100
5 28 11 12 100
5 28 11 12 100
5 28 11 12 100
5 28 12 13 100
5 28 13 14 100
5 28 14 15 100
5 28 14 15 100
5 28 14 15 100
5 28 14 15 100
5 28 14 15 100
5 28 15 16 100
5 28 17 18 100
5 28 17 18 100
