1 15 2 3 25
1 15 2 3 25
1 15 3 4 25
1 15 3 4 25
1 15 3 4 25
1 15 4 5 25
1 15 4 5 25
1 15 4 5 25
1 15 5 6 25
1 15 5 6 25
1 15 6 7 25
1 15 6 7 25
1 15 6 7 25
1 15 6 7 25
1 15 7 8 25
1 15 7 8 25
1 15 7 8 25
1 15 7 8 25
1 15 7 8 25
1 15 7 8 25
1 15 7 8 25
1 15 8 9 25
1 15 8 9 25
1 15 8 9 25
1 15 9 10 25
1 15 9 10 25
1 15 9 10 25
1 15 9 10 25
1 15 10 11 25
1 15 10 11 25
1 15 10 11 25
1 15 11 12 25
1 15 1 2 25
1 15 4 5 25
1 15 4 5 25
1 15 7 8 25
1 15 7 8 25
1 15 8 9 25
1 15 8 9 25
1 15 9 10 25
1 15 9 10 25
1 15 9 10 25
1 15 10 11 25
1 15 10 11 25
1 15 10 11 25
1 15 10 11 25
1 15 10 11 25
1 15 10 11 25
1 15 11 12 25
1 15 11 12 25
1 15 14 15 25
1 15 14 15 25
1 15 14 15 25
1 15 14 15 25
1 15 14 15 25
1 15 16 17 25
1 15 16 17 25
1 15 16 17 25
1 15 16 17 25
1 15 16 17 25
1 15 18 19 25
1 15 18 19 25
1 15 4 5 25
1 15 5 6 25
1 15 5 6 25
1 15 6 7 25
1 15 6 7 25
1 15 6 7 25
1 15 7 8 25
1 15 7 8 25
1 15 7 8 25
1 15 9 10 25
1 15 9 10 25
1 15 1 2 25
1 15 3 4 25
1 15 3 4 25
1 15 4 5 25
1 15 4 5 25
1 15 4 5 25
1 15 4 5 25
1 15 4 5 25
1 15 4 5 25
1 15 4 5 25
1 15 7 8 25
1 15 7 8 25
1 15 7 8 25
1 15 7 8 25
1 15 7 8 25
1 15 7 8 25
1 15 7 8 25
1 15 7 8 25
1 15 1 2 25
1 15 2 3 25
1 15 4 5 25
1 15 4 5 25
1 15 6 7 25
1 15 6 7 25
1 15 7 8 25
1 15 7 8 25
1 15 7 8 25
1 15 7 8 25
1 15 8 9 25
1 15 8 9 25
1 15 8 9 25
1 15 8 9 25
1 15 10 11 25
1 15 10 11 25
1 15 10 11 25
1 15 10 11 25
1 15 12 13 25
1 15 12 13 25
1 15 12 13 25
1 15 12 13 25
1 15 12 13 25
1 15 13 14 25
1 15 13 14 25
1 15 13 14 25
1 15 13 14 25
1 15 14 15 25
1 15 14 15 25
1 15 14 15 25
1 15 3 4 25
1 15 3 4 25
1 15 4 5 25
1 15 4 5 25
1 15 5 6 25
1 15 6 7 25
1 15 6 7 25
1 15 7 8 25
1 15 7 8 25
1 15 9 10 25
1 15 9 10 25
1 15 11 12 25
1 15 12 13 25
1 15 3 4 25
1 15 3 4 25
1 15 3 4 25
1 15 4 5 25
1 15 5 6 25
1 15 5 6 25
1 15 5 6 25
1 15 5 6 25
1 15 5 6 25
1 15 5 6 25
1 15 6 7 25
1 15 6 7 25
1 15 7 8 25
1 15 7 8 25
1 15 7 8 25
1 15 7 8 25
1 15 7 8 25
1 15 8 9 25
1 15 10 11 25
1 15 11 12 25
1 15 11 12 25
1 15 12 13 25
1 15 12 13 25
1 15 14 15 25
1 15 14 15 25
1 15 15 16 25
1 15 15 16 25
1 15 16 17 25
1 15 16 17 25
1 15 16 17 25
1 15 16 17 25
1 15 17 18 25
1 15 19 20 25
1 15 19 20 25
1 15 19 20 25
1 15 20 21 25
1 15 22 23 25
1 15 23 24 25
1 15 23 24 25
1 15 23 24 25
1 15 24 25 25
1 15 24 25 25
1 15 26 27 25
1 15 26 27 25
1 15 26 27 25
1 15 26 27 25
1 15 26 27 25
1 15 1 2 25
1 15 2 3 25
1 15 2 3 25
1 15 2 3 25
1 15 2 3 25
1 15 3 4 25
1 15 3 4 25
1 15 4 5 25
1 15 1 2 25
1 15 1 2 25
1 15 1 2 25
1 15 5 6 25
1 15 6 7 25
1 15 6 7 25
1 15 6 7 25
1 15 7 8 25
1 15 7 8 25
1 15 8 9 25
1 15 8 9 25
1 15 8 9 25
1 15 9 10 25
1 15 9 10 25
1 15 9 10 25
1 15 10 11 25
1 15 10 11 25
1 15 11 12 25
1 15 11 12 25
1 15 11 12 25
1 15 11 12 25
1 15 14 15 25
1 15 14 15 25
1 15 15 16 25
1 15 15 16 25
1 15 17 18 25
1 15 17 18 25
1 15 3 4 25
1 15 4 5 25
1 15 4 5 25
1 15 4 5 25
1 15 4 5 25
1 15 5 6 25
1 15 5 6 25
1 15 6 7 25
1 15 6 7 25
1 15 7 8 25
1 15 7 8 25
1 15 7 8 25
1 15 7 8 25
1 15 7 8 25
1 15 7 8 25
1 15 7 8 25
1 15 7 8 25
1 15 8 9 25
1 15 8 9 25
1 15 8 9 25
1 15 9 10 25
1 15 9 10 25
1 15 13 14 25
1 15 14 15 25
1 15 14 15 25
1 15 14 15 25
1 15 14 15 25
1 15 20 21 25
1 15 20 21 25
1 15 20 21 25
1 15 20 21 25
1 15 21 22 25
1 15 22 23 25
1 15 22 23 25
1 15 22 23 25
1 15 22 23 25
1 15 22 23 25
1 15 23 24 25
1 15 23 24 25
1 15 23 24 25
1 15 25 26 25
1 15 2 3 25
1 15 2 3 25
1 15 2 3 25
1 15 3 4 25
1 15 3 4 25
1 15 3 4 25
1 15 3 4 25
1 15 3 4 25
1 15 4 5 25
1 15 4 5 25
1 15 2 3 25
1 15 3 4 25
1 15 3 4 25
1 15 3 4 25
1 15 7 8 25
1 15 7 8 25
1 15 11 12 25
1 15 11 12 25
1 15 12 13 25
1 15 12 13 25
1 15 12 13 25
1 15 15 16 25
1 15 16 17 25
1 15 16 17 25
1 15 4 5 25
1 15 8 9 25
1 15 8 9 25
1 15 9 10 25
1 15 9 10 25
1 15 9 10 25
1 15 11 12 25
1 15 11 12 25
1 15 12 13 25
1 15 12 13 25
1 15 14 15 25
1 15 16 17 25
1 15 16 17 25
1 15 19 20 25
1 15 19 20 25
1 15 6 7 25
1 15 11 12 25
1 15 11 12 25
1 18 1 2 41
1 18 1 2 41
1 18 2 3 41
1 18 2 3 41
1 18 2 3 41
1 18 1 2 41
1 18 1 2 41
1 18 2 3 41
1 18 2 3 41
1 18 2 3 41
1 18 2 3 41
1 18 2 3 41
1 18 2 3 41
1 18 2 3 41
1 18 2 3 41
1 18 4 5 41
1 18 4 5 41
1 18 5 6 41
1 18 5 6 41
1 18 5 6 41
1 18 5 6 41
1 18 7 8 41
1 18 7 8 41
1 18 8 9 41
1 18 8 9 41
1 18 8 9 41
1 18 8 9 41
1 18 8 9 41
1 18 8 9 41
1 18 8 9 41
1 18 8 9 41
1 18 9 10 41
1 18 9 10 41
1 18 9 10 41
1 18 9 10 41
1 18 9 10 41
1 18 9 10 41
1 18 9 10 41
1 18 9 10 41
1 18 9 10 41
1 18 2 3 41
1 18 2 3 41
1 18 2 3 41
1 18 2 3 41
1 18 2 3 41
1 18 2 3 41
1 18 2 3 41
1 18 2 3 41
1 18 2 3 41
1 18 2 3 41
1 18 2 3 41
1 18 2 3 41
1 18 3 4 41
1 18 3 4 41
1 18 3 4 41
1 18 4 5 41
1 18 4 5 41
1 18 4 5 41
1 18 4 5 41
1 18 4 5 41
1 18 4 5 41
1 18 4 5 41
1 18 4 5 41
1 18 4 5 41
1 18 4 5 41
1 18 4 5 41
1 18 4 5 41
1 18 4 5 41
1 18 4 5 41
1 18 4 5 41
1 18 5 6 41
1 18 5 6 41
1 18 5 6 41
1 18 5 6 41
1 18 6 7 41
1 18 6 7 41
1 18 6 7 41
1 18 6 7 41
1 18 6 7 41
1 18 6 7 41
1 18 7 8 41
1 18 8 9 41
1 18 9 10 41
1 18 9 10 41
1 18 9 10 41
1 18 9 10 41
1 18 9 10 41
1 18 9 10 41
1 18 9 10 41
1 18 10 11 41
1 18 10 11 41
1 18 11 12 41
1 18 11 12 41
1 18 11 12 41
1 18 11 12 41
1 18 11 12 41
1 18 12 13 41
1 18 12 13 41
1 18 12 13 41
1 18 12 13 41
1 18 12 13 41
1 18 13 14 41
1 18 13 14 41
1 18 13 14 41
1 18 1 2 41
1 18 1 2 41
1 18 3 4 41
1 18 3 4 41
1 18 3 4 41
1 18 4 5 41
1 18 5 6 41
1 18 5 6 41
1 18 5 6 41
1 18 5 6 41
1 18 5 6 41
1 18 6 7 41
1 18 6 7 41
1 18 6 7 41
1 18 6 7 41
1 18 6 7 41
1 18 7 8 41
1 18 7 8 41
1 18 7 8 41
1 18 7 8 41
1 18 7 8 41
1 18 7 8 41
1 18 7 8 41
1 18 8 9 41
1 18 11 12 41
1 18 11 12 41
1 18 12 13 41
1 18 12 13 41
1 18 12 13 41
1 18 12 13 41
1 18 12 13 41
1 18 12 13 41
1 18 12 13 41
1 18 12 13 41
1 18 13 14 41
1 18 13 14 41
1 18 13 14 41
1 18 13 14 41
1 18 13 14 41
1 18 13 14 41
1 18 13 14 41
1 18 13 14 41
1 18 13 14 41
1 18 14 15 41
1 18 14 15 41
1 18 14 15 41
1 18 14 15 41
1 18 14 15 41
1 18 14 15 41
1 18 14 15 41
1 18 14 15 41
1 18 14 15 41
1 18 14 15 41
1 18 15 16 41
1 18 15 16 41
1 18 16 17 41
1 18 16 17 41
1 18 16 17 41
1 18 16 17 41
1 18 16 17 41
1 18 16 17 41
1 18 16 17 41
1 18 17 18 41
1 18 17 18 41
1 18 17 18 41
1 18 17 18 41
1 18 17 18 41
1 18 17 18 41
1 18 17 18 41
1 18 18 19 41
1 18 18 19 41
1 18 18 19 41
1 18 18 19 41
1 18 18 19 41
1 18 18 19 41
1 18 19 20 41
1 18 19 20 41
1 18 20 21 41
1 18 20 21 41
1 18 20 21 41
1 18 20 21 41
1 18 20 21 41
1 18 20 21 41
1 18 20 21 41
1 18 21 22 41
1 18 21 22 41
1 18 21 22 41
1 18 21 22 41
1 18 21 22 41
1 18 2 3 41
1 18 2 3 41
1 18 2 3 41
1 18 2 3 41
1 18 2 3 41
1 18 2 3 41
1 18 2 3 41
1 18 2 3 41
1 18 2 3 41
1 18 3 4 41
1 18 3 4 41
1 18 4 5 41
1 18 5 6 41
1 18 5 6 41
1 18 5 6 41
1 18 5 6 41
1 18 5 6 41
1 18 5 6 41
1 18 5 6 41
1 18 5 6 41
1 18 5 6 41
1 18 6 7 41
1 18 6 7 41
1 18 6 7 41
1 18 7 8 41
1 18 7 8 41
1 18 7 8 41
1 18 7 8 41
1 18 8 9 41
1 18 9 10 41
1 18 9 10 41
1 18 10 11 41
1 18 10 11 41
1 18 10 11 41
1 18 10 11 41
1 18 10 11 41
1 18 10 11 41
1 18 10 11 41
1 18 11 12 41
1 18 11 12 41
1 18 11 12 41
1 18 13 14 41
1 18 13 14 41
1 18 13 14 41
1 18 13 14 41
1 18 13 14 41
1 18 2 3 41
1 18 2 3 41
1 18 2 3 41
1 18 2 3 41
1 18 2 3 41
1 18 2 3 41
1 18 2 3 41
1 18 2 3 41
1 18 1 2 41
1 18 2 3 41
1 18 2 3 41
1 18 2 3 41
1 18 3 4 41
1 18 3 4 41
1 18 3 4 41
1 18 3 4 41
1 18 3 4 41
1 18 4 5 41
1 18 4 5 41
1 18 4 5 41
1 18 4 5 41
1 18 4 5 41
1 18 4 5 41
1 18 5 6 41
1 18 5 6 41
1 18 5 6 41
1 18 5 6 41
1 18 6 7 41
1 18 6 7 41
1 18 6 7 41
1 18 6 7 41
1 18 6 7 41
1 18 6 7 41
1 18 6 7 41
1 18 6 7 41
1 18 6 7 41
1 18 6 7 41
1 18 7 8 41
1 18 7 8 41
1 18 7 8 41
1 18 7 8 41
1 18 7 8 41
1 18 7 8 41
1 18 7 8 41
1 18 7 8 41
1 18 7 8 41
1 18 7 8 41
1 18 7 8 41
1 18 8 9 41
1 18 8 9 41
1 18 8 9 41
1 18 8 9 41
1 18 8 9 41
1 18 8 9 41
1 18 8 9 41
1 18 9 10 41
1 18 9 10 41
1 18 9 10 41
1 18 10 11 41
1 18 10 11 41
1 18 11 12 41
1 18 11 12 41
1 18 11 12 41
1 18 12 13 41
1 18 12 13 41
1 18 12 13 41
1 18 12 13 41
1 18 12 13 41
1 18 12 13 41
1 18 13 14 41
1 18 13 14 41
1 18 13 14 41
1 18 13 14 41
1 18 14 15 41
1 18 14 15 41
1 18 14 15 41
1 18 14 15 41
1 18 14 15 41
1 18 14 15 41
1 18 14 15 41
1 18 14 15 41
1 18 14 15 41
1 18 14 15 41
1 18 14 15 41
1 18 14 15 41
1 18 14 15 41
1 18 15 16 41
1 18 1 2 41
1 18 1 2 41
1 18 1 2 41
1 18 1 2 41
1 18 2 3 41
1 18 2 3 41
1 18 2 3 41
1 18 2 3 41
1 18 2 3 41
1 18 3 4 41
1 18 4 5 41
1 18 4 5 41
1 18 4 5 41
1 18 4 5 41
1 18 4 5 41
1 18 4 5 41
1 18 5 6 41
1 18 5 6 41
1 18 5 6 41
1 18 5 6 41
1 18 5 6 41
1 18 6 7 41
1 18 6 7 41
1 18 6 7 41
1 18 6 7 41
1 18 7 8 41
1 18 7 8 41
1 18 7 8 41
1 18 8 9 41
1 18 8 9 41
1 18 8 9 41
1 18 9 10 41
1 18 9 10 41
1 18 9 10 41
1 18 9 10 41
1 18 1 2 41
1 18 1 2 41
1 18 1 2 41
1 18 1 2 41
1 18 1 2 41
1 18 2 3 41
1 18 3 4 41
1 18 3 4 41
1 18 4 5 41
1 18 4 5 41
1 18 4 5 41
1 18 4 5 41
1 18 4 5 41
1 18 4 5 41
1 18 5 6 41
1 18 5 6 41
1 18 5 6 41
1 18 5 6 41
1 18 5 6 41
1 18 5 6 41
1 18 7 8 41
1 18 7 8 41
1 18 7 8 41
1 18 7 8 41
1 18 7 8 41
1 18 7 8 41
1 18 7 8 41
1 18 7 8 41
1 18 7 8 41
1 18 7 8 41
1 18 8 9 41
1 18 8 9 41
1 18 9 10 41
1 18 9 10 41
1 18 9 10 41
1 18 9 10 41
1 18 10 11 41
1 18 10 11 41
1 18 10 11 41
1 18 10 11 41
1 18 10 11 41
1 18 10 11 41
1 18 10 11 41
1 18 11 12 41
1 18 11 12 41
1 18 12 13 41
1 18 12 13 41
1 18 1 2 41
1 18 1 2 41
1 18 1 2 41
1 18 2 3 41
1 18 2 3 41
1 18 2 3 41
1 18 2 3 41
1 18 3 4 41
1 18 3 4 41
1 18 4 5 41
1 18 1 2 41
1 18 1 2 41
1 18 1 2 41
1 18 3 4 41
1 18 3 4 41
1 18 3 4 41
1 18 3 4 41
1 18 3 4 41
1 18 4 5 41
1 18 4 5 41
1 18 4 5 41
1 18 4 5 41
1 18 4 5 41
1 18 4 5 41
1 18 4 5 41
1 18 4 5 41
1 18 5 6 41
1 18 5 6 41
1 18 6 7 41
1 18 6 7 41
1 18 6 7 41
1 18 6 7 41
1 18 7 8 41
1 18 7 8 41
1 18 7 8 41
1 18 7 8 41
1 18 7 8 41
1 18 7 8 41
1 18 7 8 41
1 18 7 8 41
1 18 7 8 41
1 18 7 8 41
1 18 8 9 41
1 18 8 9 41
1 18 8 9 41
1 18 8 9 41
1 18 8 9 41
1 18 8 9 41
1 18 9 10 41
1 18 9 10 41
1 18 9 10 41
1 18 9 10 41
1 18 9 10 41
1 18 10 11 41
1 18 11 12 41
1 18 11 12 41
1 18 11 12 41
1 18 12 13 41
1 18 13 14 41
1 18 13 14 41
1 18 13 14 41
1 18 13 14 41
1 18 13 14 41
1 18 13 14 41
1 18 13 14 41
1 18 14 15 41
1 18 14 15 41
1 18 14 15 41
1 18 14 15 41
1 18 14 15 41
1 18 14 15 41
1 18 15 16 41
1 18 15 16 41
1 18 15 16 41
1 18 15 16 41
1 18 15 16 41
1 18 15 16 41
1 18 15 16 41
1 18 15 16 41
1 18 15 16 41
1 18 16 17 41
1 18 16 17 41
1 18 16 17 41
1 18 16 17 41
1 18 16 17 41
1 18 16 17 41
1 18 16 17 41
1 18 17 18 41
1 18 17 18 41
1 18 17 18 41
1 18 18 19 41
1 18 18 19 41
1 18 18 19 41
1 18 18 19 41
1 18 18 19 41
1 18 18 19 41
1 18 18 19 41
1 18 18 19 41
1 18 18 19 41
1 18 18 19 41
1 18 19 20 41
1 18 19 20 41
1 18 19 20 41
1 18 19 20 41
1 18 19 20 41
1 18 19 20 41
1 18 19 20 41
1 18 19 20 41
1 18 20 21 41
1 18 20 21 41
1 18 21 22 41
1 18 21 22 41
1 18 21 22 41
1 18 21 22 41
1 18 21 22 41
1 18 21 22 41
1 18 1 2 41
1 18 1 2 41
1 18 1 2 41
1 18 1 2 41
1 18 2 3 41
1 18 2 3 41
1 18 2 3 41
1 18 2 3 41
1 18 2 3 41
1 18 3 4 41
1 18 3 4 41
1 18 3 4 41
1 18 3 4 41
1 18 4 5 41
1 18 4 5 41
1 18 4 5 41
1 18 4 5 41
1 18 4 5 41
1 18 4 5 41
1 18 4 5 41
1 18 5 6 41
1 18 5 6 41
1 18 5 6 41
1 18 5 6 41
1 18 6 7 41
1 18 6 7 41
1 18 6 7 41
1 18 6 7 41
1 18 6 7 41
1 18 6 7 41
1 18 6 7 41
1 18 6 7 41
1 18 6 7 41
1 18 7 8 41
1 18 7 8 41
1 18 7 8 41
1 18 7 8 41
1 18 7 8 41
1 18 7 8 41
1 18 7 8 41
1 18 7 8 41
1 18 8 9 41
1 18 8 9 41
1 18 8 9 41
1 18 8 9 41
1 18 8 9 41
1 18 8 9 41
1 18 8 9 41
1 18 8 9 41
1 18 8 9 41
1 18 9 10 41
1 18 9 10 41
1 18 9 10 41
1 18 9 10 41
1 18 9 10 41
1 18 9 10 41
1 18 10 11 41
1 18 10 11 41
1 18 10 11 41
1 18 11 12 41
1 18 11 12 41
1 18 12 13 41
1 18 12 13 41
1 18 12 13 41
1 18 13 14 41
1 18 13 14 41
1 18 13 14 41
1 18 1 2 41
1 18 1 2 41
1 18 1 2 41
1 18 1 2 41
1 18 1 2 41
1 18 1 2 41
1 18 2 3 41
1 18 2 3 41
1 18 2 3 41
1 18 2 3 41
1 18 2 3 41
1 18 3 4 41
1 18 3 4 41
1 18 3 4 41
1 18 3 4 41
1 18 3 4 41
1 18 4 5 41
1 18 4 5 41
1 18 4 5 41
1 18 4 5 41
1 18 4 5 41
1 18 4 5 41
1 18 4 5 41
1 18 5 6 41
1 18 5 6 41
1 18 5 6 41
1 18 5 6 41
1 18 6 7 41
1 18 6 7 41
1 18 6 7 41
1 18 6 7 41
1 18 6 7 41
1 18 7 8 41
1 18 7 8 41
1 18 8 9 41
1 18 8 9 41
1 18 8 9 41
1 18 8 9 41
1 18 8 9 41
1 18 8 9 41
1 18 8 9 41
1 18 8 9 41
1 18 8 9 41
1 18 9 10 41
1 18 9 10 41
1 18 2 3 41
1 18 2 3 41
1 18 2 3 41
1 18 2 3 41
1 18 2 3 41
1 18 2 3 41
1 18 3 4 41
1 18 3 4 41
1 18 3 4 41
1 18 3 4 41
1 18 3 4 41
1 18 3 4 41
1 18 3 4 41
1 18 3 4 41
1 18 3 4 41
1 18 3 4 41
1 18 3 4 41
1 18 3 4 41
1 18 3 4 41
1 18 3 4 41
1 18 3 4 41
1 18 3 4 41
1 18 3 4 41
1 18 3 4 41
1 18 3 4 41
1 18 3 4 41
1 18 4 5 41
1 18 4 5 41
1 18 4 5 41
1 18 4 5 41
1 18 4 5 41
1 18 4 5 41
1 18 4 5 41
1 18 4 5 41
1 18 5 6 41
1 18 5 6 41
1 18 5 6 41
1 18 5 6 41
1 18 5 6 41
1 18 5 6 41
1 18 6 7 41
1 18 6 7 41
1 18 6 7 41
1 18 6 7 41
1 18 6 7 41
1 18 6 7 41
1 18 6 7 41
1 18 7 8 41
1 18 7 8 41
1 18 7 8 41
1 18 7 8 41
1 18 7 8 41
1 18 7 8 41
1 18 7 8 41
1 18 8 9 41
1 18 8 9 41
1 18 8 9 41
1 18 8 9 41
1 18 8 9 41
1 18 8 9 41
1 18 8 9 41
1 18 8 9 41
1 18 8 9 41
1 18 1 2 41
1 18 1 2 41
1 18 1 2 41
1 18 1 2 41
1 18 1 2 41
1 18 2 3 41
1 18 2 3 41
1 18 2 3 41
1 18 2 3 41
1 18 2 3 41
1 18 2 3 41
1 18 3 4 41
1 18 3 4 41
1 18 3 4 41
1 18 3 4 41
1 18 3 4 41
1 18 3 4 41
1 18 3 4 41
1 18 3 4 41
1 18 3 4 41
1 18 4 5 41
1 18 4 5 41
1 18 4 5 41
1 18 4 5 41
1 18 4 5 41
1 18 4 5 41
1 18 5 6 41
1 18 5 6 41
1 18 5 6 41
1 18 5 6 41
1 18 5 6 41
1 18 6 7 41
1 18 6 7 41
1 18 6 7 41
1 18 6 7 41
1 18 6 7 41
1 18 6 7 41
1 18 6 7 41
1 18 6 7 41
1 18 8 9 41
1 18 9 10 41
1 18 9 10 41
1 18 9 10 41
1 18 9 10 41
1 18 9 10 41
1 18 9 10 41
1 18 9 10 41
1 18 10 11 41
1 18 10 11 41
1 18 10 11 41
1 18 10 11 41
1 18 10 11 41
1 18 11 12 41
1 18 11 12 41
1 18 11 12 41
1 18 11 12 41
1 18 11 12 41
1 18 11 12 41
1 18 12 13 41
1 18 12 13 41
1 18 12 13 41
1 18 12 13 41
1 18 1 2 41
1 18 1 2 41
1 18 1 2 41
1 18 1 2 41
1 18 1 2 41
1 18 1 2 41
1 18 2 3 41
1 18 2 3 41
1 18 2 3 41
1 18 2 3 41
1 18 2 3 41
1 18 2 3 41
1 18 3 4 41
1 18 3 4 41
1 18 3 4 41
1 18 3 4 41
1 18 3 4 41
1 18 3 4 41
1 18 3 4 41
1 18 4 5 41
1 18 4 5 41
1 18 4 5 41
1 18 4 5 41
1 18 4 5 41
1 18 4 5 41
1 18 4 5 41
1 18 4 5 41
1 18 4 5 41
1 18 4 5 41
1 18 5 6 41
1 18 5 6 41
1 18 5 6 41
1 18 5 6 41
1 18 5 6 41
1 18 5 6 41
1 18 5 6 41
1 18 5 6 41
1 18 6 7 41
1 18 6 7 41
1 18 6 7 41
1 18 6 7 41
1 18 6 7 41
1 18 6 7 41
1 18 6 7 41
1 18 6 7 41
1 18 6 7 41
1 18 6 7 41
1 18 6 7 41
1 18 7 8 41
1 18 7 8 41
1 18 7 8 41
1 18 7 8 41
1 18 7 8 41
1 18 7 8 41
1 18 7 8 41
1 18 8 9 41
1 18 8 9 41
1 18 8 9 41
1 18 8 9 41
1 18 8 9 41
1 18 8 9 41
1 18 8 9 41
1 18 8 9 41
1 18 9 10 41
1 18 9 10 41
1 18 9 10 41
1 18 9 10 41
1 18 9 10 41
1 18 9 10 41
1 18 9 10 41
1 18 10 11 41
1 18 10 11 41
1 18 10 11 41
1 18 3 4 41
1 18 3 4 41
1 18 3 4 41
1 18 4 5 41
1 18 4 5 41
1 18 11 12 41
1 18 12 13 41
1 18 12 13 41
1 18 12 13 41
1 18 12 13 41
1 18 13 14 41
1 18 13 14 41
1 18 13 14 41
1 18 2 3 41
1 18 2 3 41
1 18 2 3 41
1 18 2 3 41
1 18 2 3 41
1 18 2 3 41
1 18 3 4 41
1 18 3 4 41
1 18 3 4 41
1 18 3 4 41
1 18 3 4 41
1 18 4 5 41
1 18 4 5 41
1 18 5 6 41
1 18 5 6 41
1 18 5 6 41
1 18 5 6 41
1 18 5 6 41
1 18 5 6 41
1 18 5 6 41
1 18 5 6 41
1 18 5 6 41
1 18 5 6 41
1 18 5 6 41
1 18 5 6 41
1 18 5 6 41
1 18 5 6 41
1 18 5 6 41
1 18 5 6 41
1 18 5 6 41
1 18 5 6 41
1 18 6 7 41
1 18 6 7 41
1 18 6 7 41
1 18 7 8 41
1 18 7 8 41
1 18 7 8 41
1 18 7 8 41
1 18 7 8 41
1 18 7 8 41
1 18 8 9 41
1 18 8 9 41
1 18 8 9 41
1 18 8 9 41
1 18 8 9 41
1 18 9 10 41
1 18 9 10 41
1 18 9 10 41
1 18 9 10 41
1 18 9 10 41
1 18 9 10 41
1 18 10 11 41
1 18 10 11 41
1 18 10 11 41
1 18 10 11 41
1 18 10 11 41
1 18 10 11 41
1 18 10 11 41
1 18 11 12 41
1 18 11 12 41
1 18 2 3 41
1 18 2 3 41
1 18 2 3 41
1 18 2 3 41
1 18 2 3 41
1 18 2 3 41
1 18 4 5 41
1 18 4 5 41
1 18 4 5 41
1 18 4 5 41
1 18 5 6 41
1 18 6 7 41
1 18 7 8 41
1 18 7 8 41
1 18 7 8 41
1 18 8 9 41
1 18 8 9 41
1 18 8 9 41
1 18 8 9 41
1 18 8 9 41
1 18 8 9 41
1 18 9 10 41
1 18 9 10 41
1 18 9 10 41
1 18 9 10 41
1 18 9 10 41
1 18 10 11 41
1 18 10 11 41
1 18 12 13 41
1 18 13 14 41
1 18 13 14 41
1 18 13 14 41
1 18 13 14 41
1 18 13 14 41
1 18 15 16 41
1 18 15 16 41
1 18 17 18 41
1 18 17 18 41
1 18 17 18 41
1 18 17 18 41
1 18 17 18 41
1 18 17 18 41
1 18 18 19 41
1 18 18 19 41
1 18 18 19 41
1 18 18 19 41
1 18 18 19 41
1 18 18 19 41
1 18 18 19 41
1 18 18 19 41
1 18 18 19 41
1 18 18 19 41
1 18 18 19 41
1 18 18 19 41
1 18 18 19 41
1 18 18 19 41
1 18 19 20 41
1 18 19 20 41
1 18 19 20 41
1 18 19 20 41
1 18 19 20 41
1 18 19 20 41
1 18 19 20 41
1 18 19 20 41
1 18 19 20 41
1 18 20 21 41
1 18 20 21 41
1 18 20 21 41
1 18 20 21 41
1 18 20 21 41
1 18 20 21 41
1 18 20 21 41
1 18 20 21 41
1 18 20 21 41
1 18 20 21 41
1 18 20 21 41
1 18 20 21 41
1 18 21 22 41
1 18 21 22 41
1 18 21 22 41
1 18 21 22 41
1 18 21 22 41
1 18 21 22 41
1 18 21 22 41
1 18 21 22 41
1 18 21 22 41
1 18 21 22 41
1 18 21 22 41
1 18 22 23 41
1 18 22 23 41
1 18 22 23 41
1 18 22 23 41
1 18 22 23 41
1 18 22 23 41
1 18 22 23 41
1 18 22 23 41
1 18 22 23 41
1 18 23 24 41
1 18 23 24 41
1 18 23 24 41
1 18 23 24 41
1 18 23 24 41
1 18 23 24 41
1 18 23 24 41
1 18 23 24 41
1 18 23 24 41
1 18 23 24 41
1 18 23 24 41
1 18 24 25 41
1 18 24 25 41
1 18 24 25 41
1 18 24 25 41
1 18 24 25 41
1 18 24 25 41
1 18 24 25 41
1 18 24 25 41
1 18 24 25 41
1 18 24 25 41
1 18 24 25 41
1 18 24 25 41
1 18 25 26 41
1 18 25 26 41
1 18 25 26 41
1 18 25 26 41
1 18 1 2 41
1 18 1 2 41
1 18 1 2 41
1 18 1 2 41
1 18 1 2 41
1 18 1 2 41
1 18 1 2 41
1 18 1 2 41
1 18 1 2 41
1 18 1 2 41
1 18 1 2 41
1 18 2 3 41
1 18 2 3 41
1 18 1 2 41
1 18 1 2 41
1 18 1 2 41
1 18 2 3 41
1 18 2 3 41
1 18 2 3 41
1 18 2 3 41
1 18 2 3 41
1 18 3 4 41
1 18 1 2 41
1 18 1 2 41
1 18 1 2 41
1 18 1 2 41
1 18 1 2 41
1 18 1 2 41
1 18 1 2 41
1 18 1 2 41
1 18 1 2 41
1 18 1 2 41
1 18 1 2 41
1 18 1 2 41
1 18 2 3 41
1 18 2 3 41
1 18 2 3 41
1 18 2 3 41
1 18 2 3 41
1 18 2 3 41
1 18 2 3 41
1 18 2 3 41
1 18 2 3 41
1 18 2 3 41
1 18 2 3 41
1 18 2 3 41
1 18 2 3 41
1 18 2 3 41
1 18 2 3 41
1 18 2 3 41
1 18 3 4 41
1 18 3 4 41
1 18 3 4 41
1 18 4 5 41
1 18 4 5 41
1 18 4 5 41
1 18 4 5 41
1 18 4 5 41
1 18 2 3 41
1 18 2 3 41
1 18 2 3 41
1 18 2 3 41
1 18 2 3 41
1 18 2 3 41
1 18 2 3 41
1 18 2 3 41
1 18 2 3 41
1 18 2 3 41
1 18 4 5 41
1 18 4 5 41
1 18 5 6 41
1 18 4 5 41
1 18 5 6 41
1 18 5 6 41
1 18 7 8 41
1 18 7 8 41
1 18 8 9 41
1 18 8 9 41
1 18 8 9 41
1 18 8 9 41
1 18 8 9 41
1 18 9 10 41
1 18 9 10 41
1 18 9 10 41
1 18 9 10 41
1 18 9 10 41
1 18 10 11 41
1 18 10 11 41
1 18 10 11 41
1 18 10 11 41
1 18 10 11 41
1 18 11 12 41
1 18 11 12 41
1 18 12 13 41
1 18 13 14 41
1 18 13 14 41
1 18 13 14 41
1 18 13 14 41
1 18 14 15 41
1 18 14 15 41
1 18 14 15 41
1 18 14 15 41
1 18 14 15 41
1 18 14 15 41
1 18 14 15 41
1 18 15 16 41
1 18 15 16 41
1 18 16 17 41
1 18 16 17 41
1 18 16 17 41
1 18 17 18 41
1 18 18 19 41
1 18 18 19 41
1 18 18 19 41
1 18 19 20 41
1 18 19 20 41
1 18 19 20 41
1 18 19 20 41
1 18 19 20 41
1 18 19 20 41
1 18 20 21 41
1 18 20 21 41
1 18 20 21 41
1 18 20 21 41
1 18 20 21 41
1 18 20 21 41
1 18 2 3 41
1 18 2 3 41
1 18 2 3 41
1 18 2 3 41
1 18 2 3 41
1 18 2 3 41
1 18 2 3 41
1 18 6 7 41
1 18 6 7 41
1 18 6 7 41
1 18 3 4 41
1 18 3 4 41
1 18 3 4 41
1 18 4 5 41
1 18 4 5 41
1 18 1 2 41
1 18 1 2 41
1 18 1 2 41
1 18 2 3 41
1 18 2 3 41
1 18 2 3 41
1 18 2 3 41
1 18 2 3 41
1 18 4 5 41
1 18 4 5 41
1 18 4 5 41
1 18 4 5 41
1 18 4 5 41
1 18 4 5 41
1 18 4 5 41
1 18 4 5 41
1 18 4 5 41
1 18 4 5 41
1 18 5 6 41
1 18 5 6 41
1 18 5 6 41
1 18 5 6 41
1 18 5 6 41
1 18 6 7 41
1 18 6 7 41
1 18 6 7 41
1 18 6 7 41
1 18 6 7 41
1 18 7 8 41
1 18 7 8 41
1 18 7 8 41
1 18 7 8 41
1 18 7 8 41
1 18 7 8 41
1 18 8 9 41
1 18 8 9 41
1 18 8 9 41
1 18 8 9 41
1 18 8 9 41
1 18 8 9 41
1 18 9 10 41
1 18 9 10 41
1 18 9 10 41
1 18 10 11 41
1 18 10 11 41
1 18 10 11 41
1 18 10 11 41
1 18 10 11 41
1 18 11 12 41
1 18 11 12 41
1 18 11 12 41
1 18 11 12 41
1 18 11 12 41
1 18 12 13 41
1 18 12 13 41
1 18 12 13 41
1 18 12 13 41
1 18 12 13 41
1 18 12 13 41
1 18 12 13 41
1 18 12 13 41
1 18 13 14 41
1 18 13 14 41
1 18 13 14 41
1 18 13 14 41
1 18 13 14 41
1 18 13 14 41
1 18 13 14 41
1 18 14 15 41
1 18 14 15 41
1 18 14 15 41
1 18 14 15 41
1 18 14 15 41
1 18 14 15 41
1 18 14 15 41
1 18 14 15 41
1 18 15 16 41
1 18 15 16 41
1 18 15 16 41
1 18 15 16 41
1 18 15 16 41
1 18 15 16 41
1 18 15 16 41
1 18 15 16 41
1 18 16 17 41
1 18 16 17 41
1 18 16 17 41
1 18 16 17 41
1 18 17 18 41
1 18 17 18 41
1 18 18 19 41
1 18 18 19 41
1 18 18 19 41
1 18 18 19 41
1 18 18 19 41
1 18 18 19 41
1 18 19 20 41
1 18 19 20 41
1 18 19 20 41
1 18 19 20 41
1 18 19 20 41
1 18 19 20 41
1 18 19 20 41
1 18 20 21 41
1 18 1 2 41
1 18 2 3 41
1 18 3 4 41
1 18 3 4 41
1 18 3 4 41
1 18 4 5 41
1 18 4 5 41
1 18 4 5 41
1 18 4 5 41
1 18 5 6 41
1 18 5 6 41
1 18 5 6 41
1 18 1 2 41
1 18 1 2 41
1 18 1 2 41
1 18 1 2 41
1 18 1 2 41
1 18 2 3 41
1 18 2 3 41
1 18 2 3 41
1 18 2 3 41
1 18 3 4 41
1 18 3 4 41
1 18 3 4 41
1 18 3 4 41
1 18 4 5 41
1 18 4 5 41
1 18 4 5 41
1 18 5 6 41
1 18 5 6 41
1 18 5 6 41
1 18 5 6 41
1 18 5 6 41
1 18 5 6 41
1 18 5 6 41
1 18 5 6 41
1 18 5 6 41
1 18 5 6 41
1 18 5 6 41
1 18 5 6 41
1 18 5 6 41
1 18 6 7 41
1 18 6 7 41
1 18 6 7 41
1 18 7 8 41
1 18 7 8 41
1 18 7 8 41
1 18 7 8 41
1 18 7 8 41
1 18 7 8 41
1 18 7 8 41
1 18 7 8 41
1 18 7 8 41
1 18 8 9 41
1 18 8 9 41
1 18 8 9 41
1 18 8 9 41
1 18 8 9 41
1 18 8 9 41
1 18 9 10 41
1 18 9 10 41
1 18 9 10 41
1 18 9 10 41
1 18 9 10 41
1 18 9 10 41
1 18 10 11 41
1 18 10 11 41
1 18 10 11 41
1 18 10 11 41
1 18 10 11 41
1 18 10 11 41
1 18 2 3 41
1 18 2 3 41
1 18 2 3 41
1 18 3 4 41
1 18 1 2 41
1 18 2 3 41
1 18 2 3 41
1 18 2 3 41
1 18 4 5 41
1 18 4 5 41
1 18 5 6 41
1 18 5 6 41
1 18 5 6 41
1 18 9 10 41
1 18 9 10 41
1 18 10 11 41
1 18 10 11 41
1 18 10 11 41
1 18 10 11 41
1 18 10 11 41
1 18 10 11 41
1 18 2 3 41
1 18 2 3 41
1 18 2 3 41
1 18 2 3 41
1 18 2 3 41
1 18 2 3 41
1 18 2 3 41
1 18 2 3 41
1 18 2 3 41
1 18 5 6 41
1 18 5 6 41
1 18 5 6 41
1 18 5 6 41
1 18 5 6 41
1 18 5 6 41
1 18 5 6 41
1 18 6 7 41
1 18 6 7 41
1 18 6 7 41
1 18 6 7 41
1 18 6 7 41
1 18 6 7 41
1 18 7 8 41
1 18 7 8 41
1 18 7 8 41
1 18 7 8 41
1 18 8 9 41
1 18 8 9 41
1 18 8 9 41
1 18 3 4 41
1 18 3 4 41
1 18 3 4 41
1 18 3 4 41
1 18 4 5 41
1 18 4 5 41
1 18 4 5 41
1 18 5 6 41
1 18 5 6 41
1 18 5 6 41
1 18 5 6 41
1 18 5 6 41
1 18 5 6 41
1 18 7 8 41
1 18 7 8 41
1 18 7 8 41
1 18 7 8 41
1 18 8 9 41
1 18 8 9 41
1 18 8 9 41
1 18 9 10 41
1 18 9 10 41
1 18 10 11 41
1 18 10 11 41
1 18 10 11 41
1 18 10 11 41
1 18 2 3 41
1 18 2 3 41
1 18 2 3 41
1 18 2 3 41
1 18 2 3 41
1 18 2 3 41
1 18 2 3 41
1 18 2 3 41
1 18 2 3 41
1 18 5 6 41
1 18 5 6 41
1 18 5 6 41
1 18 5 6 41
1 18 5 6 41
1 18 5 6 41
1 18 5 6 41
1 18 6 7 41
1 18 6 7 41
1 18 6 7 41
1 18 6 7 41
1 18 6 7 41
1 18 6 7 41
1 18 7 8 41
1 18 7 8 41
1 18 7 8 41
1 18 7 8 41
1 18 8 9 41
1 18 8 9 41
1 18 8 9 41
1 18 3 4 41
1 18 3 4 41
1 18 3 4 41
1 18 3 4 41
1 18 4 5 41
1 18 4 5 41
1 18 4 5 41
1 18 5 6 41
1 18 5 6 41
1 18 5 6 41
1 18 5 6 41
1 18 5 6 41
1 18 5 6 41
1 18 7 8 41
1 18 7 8 41
1 18 7 8 41
1 18 7 8 41
1 18 8 9 41
1 18 8 9 41
1 18 8 9 41
1 18 9 10 41
1 18 9 10 41
1 18 10 11 41
1 18 10 11 41
1 18 10 11 41
1 18 10 11 41
1 18 2 3 41
1 18 2 3 41
1 18 2 3 41
1 18 2 3 41
1 18 2 3 41
1 18 2 3 41
1 18 3 4 41
1 18 3 4 41
1 18 3 4 41
1 18 3 4 41
1 18 3 4 41
1 18 3 4 41
1 18 4 5 41
1 18 5 6 41
1 18 5 6 41
1 18 5 6 41
1 18 5 6 41
1 18 5 6 41
1 18 5 6 41
1 18 5 6 41
1 18 5 6 41
1 18 5 6 41
1 18 6 7 41
1 18 6 7 41
1 18 6 7 41
1 18 7 8 41
1 18 7 8 41
1 18 9 10 41
1 18 9 10 41
1 18 9 10 41
1 18 9 10 41
1 18 9 10 41
1 18 10 11 41
1 18 10 11 41
1 18 11 12 41
1 18 11 12 41
1 18 11 12 41
1 18 11 12 41
1 18 11 12 41
1 18 11 12 41
1 18 12 13 41
1 18 12 13 41
1 18 12 13 41
1 18 12 13 41
1 18 13 14 41
1 18 13 14 41
1 18 13 14 41
1 18 2 3 41
1 18 2 3 41
1 18 4 5 41
1 18 4 5 41
1 18 4 5 41
1 20 1 1.01 56
1 20 1 2 56
1 20 1 2 56
1 20 1 2 56
1 20 1 2 56
1 20 1 2 56
1 20 1 2 56
1 20 1 2 56
1 20 2 3 56
1 20 2 3 56
1 20 2 3 56
1 20 2 3 56
1 20 2 3 56
1 20 2 3 56
1 20 2 3 56
1 20 2 3 56
1 20 2 3 56
1 20 2 3 56
1 20 1 2 56
1 20 1 2 56
1 20 1 2 56
1 20 1 2 56
1 20 1 2 56
1 20 1 2 56
1 20 1 2 56
1 20 2 3 56
1 20 2 3 56
1 20 2 3 56
1 20 2 3 56
1 20 2 3 56
1 20 2 3 56
1 20 2 3 56
1 20 2 3 56
1 20 3 4 56
1 20 3 4 56
1 20 3 4 56
1 20 3 4 56
1 20 3 4 56
1 20 3 4 56
1 20 3 4 56
1 20 3 4 56
1 20 3 4 56
1 20 3 4 56
1 20 3 4 56
1 20 3 4 56
1 20 3 4 56
1 20 3 4 56
1 20 3 4 56
1 20 3 4 56
1 20 4 5 56
1 20 4 5 56
1 20 4 5 56
1 20 4 5 56
1 20 4 5 56
1 20 4 5 56
1 20 5 6 56
1 20 5 6 56
1 20 5 6 56
1 20 5 6 56
1 20 5 6 56
1 20 5 6 56
1 20 5 6 56
1 20 5 6 56
1 20 5 6 56
1 20 5 6 56
1 20 5 6 56
1 20 5 6 56
1 20 5 6 56
1 20 5 6 56
1 20 5 6 56
1 20 5 6 56
1 20 5 6 56
1 20 5 6 56
1 20 5 6 56
1 20 5 6 56
1 20 6 7 56
1 20 6 7 56
1 20 6 7 56
1 20 6 7 56
1 20 6 7 56
1 20 6 7 56
1 20 6 7 56
1 20 6 7 56
1 20 6 7 56
1 20 6 7 56
1 20 6 7 56
1 20 6 7 56
1 20 6 7 56
1 20 6 7 56
1 20 6 7 56
1 20 6 7 56
1 20 6 7 56
1 20 8 9 56
1 20 9 10 56
1 20 9 10 56
1 20 9 10 56
1 20 9 10 56
1 20 9 10 56
1 20 9 10 56
1 20 9 10 56
1 20 9 10 56
1 20 9 10 56
1 20 9 10 56
1 20 11 12 56
1 20 11 12 56
1 20 11 12 56
1 20 11 12 56
1 20 11 12 56
1 20 11 12 56
1 20 12 13 56
1 20 12 13 56
1 20 12 13 56
1 20 12 13 56
1 20 12 13 56
1 20 13 14 56
1 20 14 15 56
1 20 14 15 56
1 20 14 15 56
1 20 15 16 56
1 20 15 16 56
1 20 15 16 56
1 20 15 16 56
1 20 15 16 56
1 20 15 16 56
1 20 15 16 56
1 20 15 16 56
1 20 15 16 56
1 20 15 16 56
1 20 15 16 56
1 20 15 16 56
1 20 16 17 56
1 20 16 17 56
1 20 16 17 56
1 20 16 17 56
1 20 16 17 56
1 20 16 17 56
1 20 16 17 56
1 20 16 17 56
1 20 16 17 56
1 20 16 17 56
1 20 16 17 56
1 20 17 18 56
1 20 17 18 56
1 20 17 18 56
1 20 17 18 56
1 20 17 18 56
1 20 17 18 56
1 20 17 18 56
1 20 17 18 56
1 20 17 18 56
1 20 17 18 56
1 20 17 18 56
1 20 17 18 56
1 20 17 18 56
1 20 18 19 56
1 20 18 19 56
1 20 18 19 56
1 20 18 19 56
1 20 18 19 56
1 20 18 19 56
1 20 18 19 56
1 20 18 19 56
1 20 18 19 56
1 20 18 19 56
1 20 18 19 56
1 20 1 2 56
1 20 1 2 56
1 20 1 2 56
1 20 1 2 56
1 20 1 2 56
1 20 1 2 56
1 20 1 2 56
1 20 1 2 56
1 20 1 2 56
1 20 1 2 56
1 20 1 2 56
1 20 1 2 56
1 20 2 3 56
1 20 2 3 56
1 20 2 3 56
1 20 2 3 56
1 20 2 3 56
1 20 2 3 56
1 20 3 4 56
1 20 3 4 56
1 20 3 4 56
1 20 3 4 56
1 20 3 4 56
1 20 3 4 56
1 20 3 4 56
1 20 3 4 56
1 20 3 4 56
1 20 3 4 56
1 20 3 4 56
1 20 3 4 56
1 20 3 4 56
1 20 3 4 56
1 20 4 5 56
1 20 4 5 56
1 20 4 5 56
1 20 4 5 56
1 20 4 5 56
1 20 4 5 56
1 20 4 5 56
1 20 4 5 56
1 20 4 5 56
1 20 4 5 56
1 20 4 5 56
1 20 4 5 56
1 20 4 5 56
1 20 5 6 56
1 20 5 6 56
1 20 5 6 56
1 20 5 6 56
1 20 5 6 56
1 20 5 6 56
1 20 5 6 56
1 20 5 6 56
1 20 5 6 56
1 20 5 6 56
1 20 5 6 56
1 20 5 6 56
1 20 5 6 56
1 20 5 6 56
1 20 5 6 56
1 20 6 7 56
1 20 6 7 56
1 20 6 7 56
1 20 6 7 56
1 20 6 7 56
1 20 6 7 56
1 20 6 7 56
1 20 6 7 56
1 20 1 2 56
1 20 1 2 56
1 20 1 2 56
1 20 1 2 56
1 20 1 2 56
1 20 1 2 56
1 20 1 2 56
1 20 1 2 56
1 20 1 2 56
1 20 1 2 56
1 20 2 3 56
1 20 2 3 56
1 20 2 3 56
1 20 2 3 56
1 20 3 4 56
1 20 3 4 56
1 20 3 4 56
1 20 3 4 56
1 20 3 4 56
1 20 3 4 56
1 20 3 4 56
1 20 3 4 56
1 20 3 4 56
1 20 3 4 56
1 20 3 4 56
1 20 3 4 56
1 20 3 4 56
1 20 3 4 56
1 20 3 4 56
1 20 3 4 56
1 20 3 4 56
1 20 3 4 56
1 20 3 4 56
1 20 3 4 56
1 20 3 4 56
1 20 3 4 56
1 20 3 4 56
1 20 3 4 56
1 20 4 5 56
1 20 4 5 56
1 20 4 5 56
1 20 4 5 56
1 20 4 5 56
1 20 4 5 56
1 20 4 5 56
1 20 4 5 56
1 20 4 5 56
1 20 4 5 56
1 20 4 5 56
1 20 4 5 56
1 20 5 6 56
1 20 5 6 56
1 20 5 6 56
1 20 5 6 56
1 20 5 6 56
1 20 5 6 56
1 20 6 7 56
1 20 6 7 56
1 20 6 7 56
1 20 6 7 56
1 20 6 7 56
1 20 6 7 56
1 20 6 7 56
1 20 6 7 56
1 20 6 7 56
1 20 6 7 56
1 20 6 7 56
1 20 6 7 56
1 20 6 7 56
1 20 6 7 56
1 20 6 7 56
1 20 6 7 56
1 20 6 7 56
1 20 7 8 56
1 20 7 8 56
1 20 7 8 56
1 20 7 8 56
1 20 7 8 56
1 20 7 8 56
1 20 7 8 56
1 20 7 8 56
1 20 7 8 56
1 20 7 8 56
1 20 7 8 56
1 20 7 8 56
1 20 7 8 56
1 20 8 9 56
1 20 8 9 56
1 20 8 9 56
1 20 8 9 56
1 20 8 9 56
1 20 8 9 56
1 20 8 9 56
1 20 8 9 56
1 20 8 9 56
1 20 8 9 56
1 20 8 9 56
1 20 9 10 56
1 20 9 10 56
1 20 9 10 56
1 20 9 10 56
1 20 9 10 56
1 20 9 10 56
1 20 9 10 56
1 20 9 10 56
1 20 9 10 56
1 20 9 10 56
1 20 9 10 56
1 20 10 11 56
1 20 10 11 56
1 20 10 11 56
1 20 10 11 56
1 20 10 11 56
1 20 10 11 56
1 20 10 11 56
1 20 10 11 56
1 20 10 11 56
1 20 11 12 56
1 20 11 12 56
1 20 11 12 56
1 20 11 12 56
1 20 11 12 56
1 20 11 12 56
1 20 11 12 56
1 20 11 12 56
1 20 11 12 56
1 20 12 13 56
1 20 12 13 56
1 20 12 13 56
1 20 12 13 56
1 20 12 13 56
1 20 12 13 56
1 20 12 13 56
1 20 12 13 56
1 20 12 13 56
1 20 12 13 56
1 20 14 15 56
1 20 14 15 56
1 20 14 15 56
1 20 14 15 56
1 20 14 15 56
1 20 14 15 56
1 20 14 15 56
1 20 14 15 56
1 20 14 15 56
1 20 14 15 56
1 20 15 16 56
1 20 16 17 56
1 20 16 17 56
1 20 16 17 56
1 20 16 17 56
1 20 16 17 56
1 20 16 17 56
1 20 16 17 56
1 20 16 17 56
1 20 16 17 56
1 20 16 17 56
1 20 16 17 56
1 20 16 17 56
1 20 16 17 56
1 20 17 18 56
1 20 17 18 56
1 20 17 18 56
1 20 17 18 56
1 20 17 18 56
1 20 17 18 56
1 20 17 18 56
1 20 17 18 56
1 20 17 18 56
1 20 17 18 56
1 20 17 18 56
1 20 18 19 56
1 20 18 19 56
1 20 18 19 56
1 20 18 19 56
1 20 18 19 56
1 20 18 19 56
1 20 18 19 56
1 20 1 2 56
1 20 1 2 56
1 20 1 2 56
1 20 1 2 56
1 20 1 2 56
1 20 1 2 56
1 20 2 3 56
1 20 2 3 56
1 20 2 3 56
1 20 2 3 56
1 20 2 3 56
1 20 2 3 56
1 20 2 3 56
1 20 2 3 56
1 20 3 4 56
1 20 3 4 56
1 20 3 4 56
1 20 3 4 56
1 20 3 4 56
1 20 3 4 56
1 20 3 4 56
1 20 3 4 56
1 20 3 4 56
1 20 3 4 56
1 20 3 4 56
1 20 3 4 56
1 20 3 4 56
1 20 3 4 56
1 20 3 4 56
1 20 4 5 56
1 20 4 5 56
1 20 4 5 56
1 20 4 5 56
1 20 4 5 56
1 20 4 5 56
1 20 4 5 56
1 20 5 6 56
1 20 5 6 56
1 20 5 6 56
1 20 5 6 56
1 20 5 6 56
1 20 5 6 56
1 20 5 6 56
1 20 5 6 56
1 20 5 6 56
1 20 5 6 56
1 20 5 6 56
1 20 5 6 56
1 20 5 6 56
1 20 6 7 56
1 20 6 7 56
1 20 6 7 56
1 20 6 7 56
1 20 6 7 56
1 20 6 7 56
1 20 6 7 56
1 20 6 7 56
1 20 6 7 56
1 20 6 7 56
1 20 7 8 56
1 20 7 8 56
1 20 7 8 56
1 20 7 8 56
1 20 7 8 56
1 20 7 8 56
1 20 7 8 56
1 20 7 8 56
1 20 7 8 56
1 20 7 8 56
1 20 7 8 56
1 20 7 8 56
1 20 7 8 56
1 20 7 8 56
1 20 8 9 56
1 20 8 9 56
1 20 8 9 56
1 20 8 9 56
1 20 8 9 56
1 20 8 9 56
1 20 9 10 56
1 20 9 10 56
1 20 9 10 56
1 20 9 10 56
1 20 9 10 56
1 20 9 10 56
1 20 9 10 56
1 20 9 10 56
1 20 9 10 56
1 20 9 10 56
1 20 10 11 56
1 20 10 11 56
1 20 10 11 56
1 20 10 11 56
1 20 10 11 56
1 20 10 11 56
1 20 10 11 56
1 20 10 11 56
1 20 10 11 56
1 20 10 11 56
1 20 10 11 56
1 20 10 11 56
1 20 10 11 56
1 20 10 11 56
1 20 10 11 56
1 20 10 11 56
1 20 11 12 56
1 20 11 12 56
1 20 11 12 56
1 20 11 12 56
1 20 11 12 56
1 20 11 12 56
1 20 12 13 56
1 20 12 13 56
1 20 12 13 56
1 20 12 13 56
1 20 12 13 56
1 20 12 13 56
1 20 12 13 56
1 20 12 13 56
1 20 12 13 56
1 20 12 13 56
1 20 12 13 56
1 20 13 14 56
1 20 13 14 56
1 20 13 14 56
1 20 13 14 56
1 20 13 14 56
1 20 13 14 56
1 20 13 14 56
1 20 13 14 56
1 20 13 14 56
1 20 13 14 56
1 20 14 15 56
1 20 15 16 56
1 20 15 16 56
1 20 15 16 56
1 20 16 17 56
1 20 16 17 56
1 20 16 17 56
1 20 16 17 56
1 20 16 17 56
1 20 16 17 56
1 20 16 17 56
1 20 16 17 56
1 20 16 17 56
1 20 16 17 56
1 20 17 18 56
1 20 17 18 56
1 20 17 18 56
1 20 17 18 56
1 20 17 18 56
1 20 17 18 56
1 20 17 18 56
1 20 17 18 56
1 20 17 18 56
1 20 17 18 56
1 20 17 18 56
1 20 17 18 56
1 20 18 19 56
1 20 18 19 56
1 20 18 19 56
1 20 18 19 56
1 20 18 19 56
1 20 18 19 56
1 20 18 19 56
1 20 18 19 56
1 20 18 19 56
1 20 18 19 56
1 20 19 20 56
1 20 19 20 56
1 20 19 20 56
1 20 19 20 56
1 20 19 20 56
1 20 19 20 56
1 20 19 20 56
1 20 19 20 56
1 20 19 20 56
1 20 19 20 56
1 20 20 21 56
1 20 20 21 56
1 20 21 22 56
1 20 21 22 56
1 20 21 22 56
1 20 21 22 56
1 20 21 22 56
1 20 21 22 56
1 20 21 22 56
1 20 21 22 56
1 20 21 22 56
1 20 21 22 56
1 20 1 2 56
1 20 1 2 56
1 20 1 2 56
1 20 1 2 56
1 20 1 2 56
1 20 1 2 56
1 20 1 2 56
1 20 1 2 56
1 20 1 2 56
1 20 1 2 56
1 20 2 3 56
1 20 2 3 56
1 20 2 3 56
1 20 2 3 56
1 20 2 3 56
1 20 2 3 56
1 20 2 3 56
1 20 2 3 56
1 20 2 3 56
1 20 2 3 56
1 20 2 3 56
1 20 2 3 56
1 20 2 3 56
1 20 2 3 56
1 20 2 3 56
1 20 2 3 56
1 20 2 3 56
1 20 3 4 56
1 20 3 4 56
1 20 3 4 56
1 20 3 4 56
1 20 3 4 56
1 20 3 4 56
1 20 3 4 56
1 20 3 4 56
1 20 3 4 56
1 20 3 4 56
1 20 4 5 56
1 20 4 5 56
1 20 4 5 56
1 20 4 5 56
1 20 4 5 56
1 20 4 5 56
1 20 4 5 56
1 20 1 2 56
1 20 1 2 56
1 20 1 2 56
1 20 1 2 56
1 20 1 2 56
1 20 1 2 56
1 20 2 3 56
1 20 2 3 56
1 20 2 3 56
1 20 2 3 56
1 20 2 3 56
1 20 2 3 56
1 20 2 3 56
1 20 2 3 56
1 20 2 3 56
1 20 3 4 56
1 20 3 4 56
1 20 3 4 56
1 20 3 4 56
1 20 3 4 56
1 20 3 4 56
1 20 4 5 56
1 20 4 5 56
1 20 4 5 56
1 20 4 5 56
1 20 4 5 56
1 20 4 5 56
1 20 4 5 56
1 20 4 5 56
1 20 4 5 56
1 20 4 5 56
1 20 4 5 56
1 20 4 5 56
1 20 4 5 56
1 20 4 5 56
1 20 4 5 56
1 20 4 5 56
1 20 4 5 56
1 20 4 5 56
1 20 5 6 56
1 20 5 6 56
1 20 5 6 56
1 20 5 6 56
1 20 5 6 56
1 20 5 6 56
1 20 5 6 56
1 20 5 6 56
1 20 5 6 56
1 20 5 6 56
1 20 5 6 56
1 20 6 7 56
1 20 6 7 56
1 20 6 7 56
1 20 7 8 56
1 20 7 8 56
1 20 7 8 56
1 20 8 9 56
1 20 8 9 56
1 20 8 9 56
1 20 8 9 56
1 20 8 9 56
1 20 8 9 56
1 20 8 9 56
1 20 8 9 56
1 20 8 9 56
1 20 8 9 56
1 20 8 9 56
1 20 9 10 56
1 20 9 10 56
1 20 9 10 56
1 20 9 10 56
1 20 9 10 56
1 20 9 10 56
1 20 9 10 56
1 20 10 11 56
1 20 10 11 56
1 20 10 11 56
1 20 10 11 56
1 20 10 11 56
1 20 10 11 56
1 20 11 12 56
1 20 11 12 56
1 20 11 12 56
1 20 11 12 56
1 20 11 12 56
1 20 11 12 56
1 20 11 12 56
1 20 11 12 56
1 20 14 15 56
1 20 14 15 56
1 20 14 15 56
1 20 14 15 56
1 20 14 15 56
1 20 14 15 56
1 20 14 15 56
1 20 14 15 56
1 20 14 15 56
1 20 14 15 56
1 20 15 16 56
1 20 15 16 56
1 20 15 16 56
1 20 15 16 56
1 20 15 16 56
1 20 15 16 56
1 20 15 16 56
1 20 16 17 56
1 20 16 17 56
1 20 16 17 56
1 20 16 17 56
1 20 16 17 56
1 20 16 17 56
1 20 16 17 56
1 20 16 17 56
1 20 1 2 56
1 20 1 2 56
1 20 2 3 56
1 20 2 3 56
1 20 2 3 56
1 20 2 3 56
1 20 2 3 56
1 20 2 3 56
1 20 2 3 56
1 20 4 5 56
1 20 4 5 56
1 20 4 5 56
1 20 4 5 56
1 20 4 5 56
1 20 4 5 56
1 20 4 5 56
1 20 4 5 56
1 20 4 5 56
1 20 4 5 56
1 20 4 5 56
1 20 4 5 56
1 20 4 5 56
1 20 4 5 56
1 20 4 5 56
1 20 4 5 56
1 20 4 5 56
1 20 5 6 56
1 20 5 6 56
1 20 5 6 56
1 20 5 6 56
1 20 5 6 56
1 20 5 6 56
1 20 5 6 56
1 20 5 6 56
1 20 5 6 56
1 20 5 6 56
1 20 5 6 56
1 20 5 6 56
1 20 5 6 56
1 20 5 6 56
1 20 5 6 56
1 20 5 6 56
1 20 5 6 56
1 20 5 6 56
1 20 5 6 56
1 20 5 6 56
1 20 6 7 56
1 20 6 7 56
1 20 6 7 56
1 20 6 7 56
1 20 6 7 56
1 20 6 7 56
1 20 6 7 56
1 20 6 7 56
1 20 6 7 56
1 20 6 7 56
1 20 6 7 56
1 20 6 7 56
1 20 6 7 56
1 20 6 7 56
1 20 7 8 56
1 20 7 8 56
1 20 7 8 56
1 20 7 8 56
1 20 7 8 56
1 20 7 8 56
1 20 7 8 56
1 20 7 8 56
1 20 7 8 56
1 20 7 8 56
1 20 8 9 56
1 20 8 9 56
1 20 8 9 56
1 20 8 9 56
1 20 8 9 56
1 20 8 9 56
1 20 8 9 56
1 20 8 9 56
1 20 8 9 56
1 20 8 9 56
1 20 9 10 56
1 20 9 10 56
1 20 9 10 56
1 20 9 10 56
1 20 9 10 56
1 20 10 11 56
1 20 10 11 56
1 20 10 11 56
1 20 10 11 56
1 20 10 11 56
1 20 10 11 56
1 20 10 11 56
1 20 10 11 56
1 20 10 11 56
1 20 10 11 56
1 20 1 2 56
1 20 1 2 56
1 20 1 2 56
1 20 1 2 56
1 20 1 2 56
1 20 1 2 56
1 20 1 2 56
1 20 1 2 56
1 20 1 2 56
1 20 1 2 56
1 20 1 2 56
1 20 3 4 56
1 20 3 4 56
1 20 3 4 56
1 20 3 4 56
1 20 3 4 56
1 20 3 4 56
1 20 4 5 56
1 20 4 5 56
1 20 4 5 56
1 20 4 5 56
1 20 4 5 56
1 20 4 5 56
1 20 4 5 56
1 20 4 5 56
1 20 4 5 56
1 20 4 5 56
1 20 4 5 56
1 20 5 6 56
1 20 5 6 56
1 20 5 6 56
1 20 5 6 56
1 20 5 6 56
1 20 5 6 56
1 20 5 6 56
1 20 5 6 56
1 20 5 6 56
1 20 5 6 56
1 20 5 6 56
1 20 5 6 56
1 20 5 6 56
1 20 5 6 56
1 20 5 6 56
1 20 5 6 56
1 20 2 3 56
1 20 2 3 56
1 20 2 3 56
1 20 2 3 56
1 20 2 3 56
1 20 3 4 56
1 20 3 4 56
1 20 3 4 56
1 20 3 4 56
1 20 3 4 56
1 20 3 4 56
1 20 3 4 56
1 20 4 5 56
1 20 4 5 56
1 20 4 5 56
1 20 4 5 56
1 20 4 5 56
1 20 4 5 56
1 20 4 5 56
1 20 4 5 56
1 20 4 5 56
1 20 5 6 56
1 20 5 6 56
1 20 5 6 56
1 20 5 6 56
1 20 5 6 56
1 20 5 6 56
1 20 5 6 56
1 20 5 6 56
1 20 5 6 56
1 20 5 6 56
1 20 1 2 56
1 20 2 3 56
1 20 2 3 56
1 20 2 3 56
1 20 2 3 56
1 20 2 3 56
1 20 2 3 56
1 20 2 3 56
1 20 2 3 56
1 20 2 3 56
1 20 2 3 56
1 20 3 4 56
1 20 3 4 56
1 20 3 4 56
1 20 3 4 56
1 20 3 4 56
1 20 3 4 56
1 20 3 4 56
1 20 3 4 56
1 20 3 4 56
1 20 3 4 56
1 20 3 4 56
1 20 3 4 56
1 20 3 4 56
1 20 3 4 56
1 20 4 5 56
1 20 5 6 56
1 20 5 6 56
1 20 5 6 56
1 20 5 6 56
1 20 5 6 56
1 20 5 6 56
1 20 5 6 56
1 20 5 6 56
1 20 5 6 56
1 20 5 6 56
1 20 5 6 56
1 20 5 6 56
1 20 5 6 56
1 20 5 6 56
1 20 6 7 56
1 20 6 7 56
1 20 6 7 56
1 20 6 7 56
1 20 6 7 56
1 20 6 7 56
1 20 6 7 56
1 20 6 7 56
1 20 6 7 56
1 20 6 7 56
1 20 6 7 56
1 20 6 7 56
1 20 6 7 56
1 20 6 7 56
1 20 7 8 56
1 20 7 8 56
1 20 7 8 56
1 20 7 8 56
1 20 7 8 56
1 20 7 8 56
1 20 7 8 56
1 20 7 8 56
1 20 7 8 56
1 20 7 8 56
1 20 7 8 56
1 20 7 8 56
1 20 8 9 56
1 20 8 9 56
1 20 8 9 56
1 20 8 9 56
1 20 8 9 56
1 20 8 9 56
1 20 8 9 56
1 20 8 9 56
1 20 8 9 56
1 20 8 9 56
1 20 8 9 56
1 20 9 10 56
1 20 9 10 56
1 20 9 10 56
1 20 9 10 56
1 20 9 10 56
1 20 9 10 56
1 20 9 10 56
1 20 9 10 56
1 20 9 10 56
1 20 9 10 56
1 20 9 10 56
1 20 9 10 56
1 20 9 10 56
1 20 9 10 56
1 20 9 10 56
1 20 9 10 56
1 20 9 10 56
1 20 9 10 56
1 20 9 10 56
1 20 9 10 56
1 20 10 11 56
1 20 10 11 56
1 20 10 11 56
1 20 10 11 56
1 20 10 11 56
1 20 10 11 56
1 20 10 11 56
1 20 1 2 56
1 20 1 2 56
1 20 1 2 56
1 20 1 2 56
1 20 1 2 56
1 20 2 3 56
1 20 2 3 56
1 20 2 3 56
1 20 2 3 56
1 20 2 3 56
1 20 2 3 56
1 20 2 3 56
1 20 2 3 56
1 20 2 3 56
1 20 2 3 56
1 20 2 3 56
1 20 2 3 56
1 20 2 3 56
1 20 2 3 56
1 20 2 3 56
1 20 2 3 56
1 20 3 4 56
1 20 3 4 56
1 20 3 4 56
1 20 3 4 56
1 20 3 4 56
1 20 3 4 56
1 20 3 4 56
1 20 3 4 56
1 20 3 4 56
1 20 3 4 56
1 20 3 4 56
1 20 3 4 56
1 20 3 4 56
1 20 4 5 56
1 20 4 5 56
1 20 4 5 56
1 20 4 5 56
1 20 4 5 56
1 20 4 5 56
1 20 4 5 56
1 20 4 5 56
1 20 5 6 56
1 20 5 6 56
1 20 5 6 56
1 20 5 6 56
1 20 5 6 56
1 20 5 6 56
1 20 5 6 56
1 20 5 6 56
1 20 5 6 56
1 20 6 7 56
1 20 6 7 56
1 20 6 7 56
1 20 6 7 56
1 20 6 7 56
1 20 6 7 56
1 20 6 7 56
1 20 6 7 56
1 20 6 7 56
1 20 6 7 56
1 20 6 7 56
1 20 6 7 56
1 20 6 7 56
1 20 6 7 56
1 20 7 8 56
1 20 7 8 56
1 20 7 8 56
1 20 7 8 56
1 20 7 8 56
1 20 7 8 56
1 20 7 8 56
1 20 7 8 56
1 20 7 8 56
1 20 7 8 56
1 20 7 8 56
1 20 7 8 56
1 20 7 8 56
1 20 7 8 56
1 20 7 8 56
1 20 7 8 56
1 20 7 8 56
1 20 8 9 56
1 20 8 9 56
1 20 8 9 56
1 20 8 9 56
1 20 8 9 56
1 20 8 9 56
1 20 8 9 56
1 20 8 9 56
1 20 8 9 56
1 20 8 9 56
1 20 8 9 56
1 20 8 9 56
1 20 8 9 56
1 20 8 9 56
1 20 8 9 56
1 20 8 9 56
1 20 8 9 56
1 20 8 9 56
1 20 9 10 56
1 20 9 10 56
1 20 9 10 56
1 20 9 10 56
1 20 9 10 56
1 20 9 10 56
1 20 9 10 56
1 20 9 10 56
1 20 9 10 56
1 20 9 10 56
1 20 9 10 56
1 20 9 10 56
1 20 9 10 56
1 20 10 11 56
1 20 10 11 56
1 20 10 11 56
1 20 10 11 56
1 20 10 11 56
1 20 10 11 56
1 20 10 11 56
1 20 10 11 56
1 20 11 12 56
1 20 11 12 56
1 20 11 12 56
1 20 11 12 56
1 20 11 12 56
1 20 11 12 56
1 20 11 12 56
1 20 11 12 56
1 20 11 12 56
1 20 11 12 56
1 20 12 13 56
1 20 12 13 56
1 20 12 13 56
1 20 12 13 56
1 20 12 13 56
1 20 12 13 56
1 20 12 13 56
1 20 12 13 56
1 20 12 13 56
1 20 12 13 56
1 20 13 14 56
1 20 13 14 56
1 20 13 14 56
1 20 13 14 56
1 20 13 14 56
1 20 13 14 56
1 20 13 14 56
1 20 13 14 56
1 20 13 14 56
1 20 14 15 56
1 20 14 15 56
1 20 14 15 56
1 20 15 16 56
1 20 15 16 56
1 20 15 16 56
1 20 15 16 56
1 20 15 16 56
1 20 15 16 56
1 20 15 16 56
1 20 15 16 56
1 20 15 16 56
1 20 15 16 56
1 20 16 17 56
1 20 16 17 56
1 20 16 17 56
1 20 16 17 56
1 20 16 17 56
1 20 16 17 56
1 20 16 17 56
1 20 16 17 56
1 20 16 17 56
1 20 16 17 56
1 20 16 17 56
1 20 16 17 56
1 20 16 17 56
1 20 17 18 56
1 20 17 18 56
1 20 17 18 56
1 20 17 18 56
1 20 17 18 56
1 20 17 18 56
1 20 17 18 56
1 20 17 18 56
1 20 17 18 56
1 20 17 18 56
1 20 17 18 56
1 20 17 18 56
1 20 17 18 56
1 20 18 19 56
1 20 18 19 56
1 20 18 19 56
1 20 18 19 56
1 20 18 19 56
1 20 18 19 56
1 20 18 19 56
1 20 19 20 56
1 20 19 20 56
1 20 19 20 56
1 20 19 20 56
1 20 19 20 56
1 20 19 20 56
1 20 20 21 56
1 20 20 21 56
1 20 21 22 56
1 20 21 22 56
1 20 21 22 56
1 20 21 22 56
1 20 21 22 56
1 20 21 22 56
1 20 21 22 56
1 20 21 22 56
1 20 21 22 56
1 20 21 22 56
1 20 22 23 56
1 20 22 23 56
1 20 22 23 56
1 20 22 23 56
1 20 22 23 56
1 20 22 23 56
1 20 22 23 56
1 20 22 23 56
1 20 22 23 56
1 20 22 23 56
1 20 22 23 56
1 20 22 23 56
1 20 22 23 56
1 20 22 23 56
1 20 22 23 56
1 20 23 24 56
1 20 23 24 56
1 20 23 24 56
1 20 23 24 56
1 20 23 24 56
1 20 23 24 56
1 20 23 24 56
1 20 23 24 56
1 20 23 24 56
1 20 23 24 56
1 20 23 24 56
1 20 24 25 56
1 20 24 25 56
1 20 24 25 56
1 20 25 26 56
1 20 25 26 56
1 20 25 26 56
1 20 25 26 56
1 20 25 26 56
1 20 25 26 56
1 20 26 27 56
1 20 26 27 56
1 20 26 27 56
1 20 26 27 56
1 20 26 27 56
1 20 26 27 56
1 20 26 27 56
1 20 26 27 56
1 20 26 27 56
1 20 26 27 56
1 20 27 28 56
1 20 27 28 56
1 20 27 28 56
1 20 27 28 56
1 20 27 28 56
1 20 27 28 56
1 20 27 28 56
1 20 28 29 56
1 20 28 29 56
1 20 1 2 56
1 20 1 2 56
1 20 1 2 56
1 20 1 2 56
1 20 1 2 56
1 20 1 2 56
1 20 1 2 56
1 20 2 3 56
1 20 2 3 56
1 20 2 3 56
1 20 2 3 56
1 20 2 3 56
1 20 2 3 56
1 20 2 3 56
1 20 2 3 56
1 20 1 2 56
1 20 1 2 56
1 20 1 2 56
1 20 3 4 56
1 20 3 4 56
1 20 3 4 56
1 20 3 4 56
1 20 3 4 56
1 20 3 4 56
1 20 1 2 56
1 20 2 3 56
1 20 2 3 56
1 20 2 3 56
1 20 2 3 56
1 20 2 3 56
1 20 2 3 56
1 20 2 3 56
1 20 1 2 56
1 20 1 2 56
1 20 2 3 56
1 20 2 3 56
1 20 2 3 56
1 20 3 4 56
1 20 3 4 56
1 20 3 4 56
1 20 3 4 56
1 20 3 4 56
1 20 3 4 56
1 20 3 4 56
1 20 4 5 56
1 20 4 5 56
1 20 4 5 56
1 20 4 5 56
1 20 4 5 56
1 20 4 5 56
1 20 4 5 56
1 20 5 6 56
1 20 5 6 56
1 20 5 6 56
1 20 5 6 56
1 20 5 6 56
1 20 5 6 56
1 20 5 6 56
1 20 6 7 56
1 20 6 7 56
1 20 6 7 56
1 20 6 7 56
1 20 7 8 56
1 20 7 8 56
1 20 7 8 56
1 20 7 8 56
1 20 7 8 56
1 20 8 9 56
1 20 8 9 56
1 20 8 9 56
1 20 8 9 56
1 20 8 9 56
1 20 8 9 56
1 20 8 9 56
1 20 9 10 56
1 20 9 10 56
1 20 9 10 56
1 20 10 11 56
1 20 10 11 56
1 20 10 11 56
1 20 10 11 56
1 20 11 12 56
1 20 11 12 56
1 20 11 12 56
1 20 11 12 56
1 20 1 2 56
1 20 2 3 56
1 20 2 3 56
1 20 2 3 56
1 20 2 3 56
1 20 2 3 56
1 20 2 3 56
1 20 2 3 56
1 20 2 3 56
1 20 2 3 56
1 20 2 3 56
1 20 2 3 56
1 20 2 3 56
1 20 2 3 56
1 20 2 3 56
1 20 3 4 56
1 20 3 4 56
1 20 3 4 56
1 20 3 4 56
1 20 3 4 56
1 20 3 4 56
1 20 3 4 56
1 20 3 4 56
1 20 4 5 56
1 20 4 5 56
1 20 4 5 56
1 20 4 5 56
1 20 4 5 56
1 20 4 5 56
1 20 4 5 56
1 20 4 5 56
1 20 4 5 56
1 20 4 5 56
1 20 4 5 56
1 20 4 5 56
1 20 4 5 56
1 20 4 5 56
1 20 4 5 56
1 20 5 6 56
1 20 5 6 56
1 20 5 6 56
1 20 5 6 56
1 20 5 6 56
1 20 5 6 56
1 20 5 6 56
1 20 6 7 56
1 20 6 7 56
1 20 6 7 56
1 20 6 7 56
1 20 6 7 56
1 20 7 8 56
1 20 7 8 56
1 20 7 8 56
1 20 7 8 56
1 20 7 8 56
1 20 7 8 56
1 20 7 8 56
1 20 7 8 56
1 20 7 8 56
1 20 7 8 56
1 20 7 8 56
1 20 8 9 56
1 20 8 9 56
1 20 8 9 56
1 20 8 9 56
1 20 8 9 56
1 20 8 9 56
1 20 8 9 56
1 20 8 9 56
1 20 8 9 56
1 20 9 10 56
1 20 9 10 56
1 20 9 10 56
1 20 9 10 56
1 20 9 10 56
1 20 10 11 56
1 20 10 11 56
1 20 10 11 56
1 20 11 12 56
1 20 11 12 56
1 20 11 12 56
1 20 11 12 56
1 20 12 13 56
1 20 12 13 56
1 20 12 13 56
1 20 12 13 56
1 20 12 13 56
1 20 12 13 56
1 20 12 13 56
1 20 12 13 56
1 20 12 13 56
1 20 12 13 56
1 20 13 14 56
1 20 13 14 56
1 20 15 16 56
1 20 15 16 56
1 20 15 16 56
1 20 15 16 56
1 20 15 16 56
1 20 15 16 56
1 20 15 16 56
1 20 15 16 56
1 20 15 16 56
1 20 15 16 56
1 20 15 16 56
1 20 15 16 56
1 20 15 16 56
1 20 15 16 56
1 20 15 16 56
1 20 1 2 56
1 20 1 2 56
1 20 1 2 56
1 20 2 3 56
1 20 2 3 56
1 20 2 3 56
1 20 2 3 56
1 20 2 3 56
1 20 2 3 56
1 20 2 3 56
1 20 2 3 56
1 20 3 4 56
1 20 3 4 56
1 20 3 4 56
1 20 3 4 56
1 20 3 4 56
1 20 3 4 56
1 20 3 4 56
1 20 4 5 56
1 20 4 5 56
1 20 4 5 56
1 20 5 6 56
1 20 5 6 56
1 20 5 6 56
1 20 5 6 56
1 20 5 6 56
1 20 5 6 56
1 20 5 6 56
1 20 5 6 56
1 20 5 6 56
1 20 5 6 56
1 20 5 6 56
1 20 6 7 56
1 20 6 7 56
1 20 6 7 56
1 20 6 7 56
1 20 6 7 56
1 20 7 8 56
1 20 7 8 56
1 20 7 8 56
1 20 7 8 56
1 20 7 8 56
1 20 7 8 56
1 20 7 8 56
1 20 7 8 56
1 20 7 8 56
1 20 7 8 56
1 20 7 8 56
1 20 7 8 56
1 20 7 8 56
1 20 8 9 56
1 20 8 9 56
1 20 8 9 56
1 20 8 9 56
1 20 8 9 56
1 20 8 9 56
1 20 8 9 56
1 20 8 9 56
1 20 8 9 56
1 20 8 9 56
1 20 8 9 56
1 20 8 9 56
1 20 8 9 56
1 20 8 9 56
1 20 9 10 56
1 20 9 10 56
1 20 10 11 56
1 20 10 11 56
1 20 10 11 56
1 20 10 11 56
1 20 10 11 56
1 20 10 11 56
1 20 10 11 56
1 20 10 11 56
1 20 10 11 56
1 20 1 2 56
1 20 1 2 56
1 20 1 2 56
1 20 1 2 56
1 20 1 2 56
1 20 1 2 56
1 20 1 2 56
1 20 2 3 56
1 20 3 4 56
1 20 3 4 56
1 20 3 4 56
1 20 3 4 56
1 20 3 4 56
1 20 3 4 56
1 20 4 5 56
1 20 4 5 56
1 20 4 5 56
1 20 4 5 56
1 20 4 5 56
1 20 4 5 56
1 20 4 5 56
1 20 5 6 56
1 20 5 6 56
1 20 5 6 56
1 20 5 6 56
1 20 5 6 56
1 20 5 6 56
1 20 5 6 56
1 20 6 7 56
1 20 6 7 56
1 20 6 7 56
1 20 6 7 56
1 20 6 7 56
1 20 6 7 56
1 20 6 7 56
1 20 6 7 56
1 20 6 7 56
1 20 6 7 56
1 20 6 7 56
1 20 6 7 56
1 20 6 7 56
1 20 7 8 56
1 20 7 8 56
1 20 7 8 56
1 20 7 8 56
1 20 7 8 56
1 20 7 8 56
1 20 7 8 56
1 20 7 8 56
1 20 7 8 56
1 20 7 8 56
1 20 7 8 56
1 20 7 8 56
1 20 10 11 56
1 20 10 11 56
1 20 11 12 56
1 20 11 12 56
1 20 11 12 56
1 20 11 12 56
1 20 11 12 56
1 20 11 12 56
1 20 11 12 56
1 20 11 12 56
1 20 11 12 56
1 20 11 12 56
1 20 11 12 56
1 20 11 12 56
1 20 12 13 56
1 20 12 13 56
1 20 12 13 56
1 20 14 15 56
1 20 1 2 56
1 20 1 2 56
1 20 1 2 56
1 20 1 2 56
1 20 1 2 56
1 20 1 2 56
1 20 1 2 56
1 20 1 2 56
1 20 2 3 56
1 20 2 3 56
1 20 2 3 56
1 20 2 3 56
1 20 2 3 56
1 20 2 3 56
1 20 2 3 56
1 20 2 3 56
1 20 2 3 56
1 20 3 4 56
1 20 3 4 56
1 20 3 4 56
1 20 3 4 56
1 20 3 4 56
1 20 3 4 56
1 20 3 4 56
1 20 3 4 56
1 20 3 4 56
1 20 4 5 56
1 20 4 5 56
1 20 4 5 56
1 20 4 5 56
1 20 4 5 56
1 20 4 5 56
1 20 4 5 56
1 20 4 5 56
1 20 4 5 56
1 20 4 5 56
1 20 2 3 56
1 20 2 3 56
1 20 2 3 56
1 20 2 3 56
1 20 2 3 56
1 20 2 3 56
1 20 2 3 56
1 20 3 4 56
1 20 3 4 56
1 20 3 4 56
1 20 3 4 56
1 20 3 4 56
1 20 4 5 56
1 20 4 5 56
1 20 4 5 56
1 20 4 5 56
1 20 6 7 56
1 20 6 7 56
1 20 6 7 56
1 20 6 7 56
1 20 6 7 56
1 20 6 7 56
1 20 6 7 56
1 20 6 7 56
1 20 6 7 56
1 20 1 2 56
1 20 1 2 56
1 20 1 2 56
1 20 1 2 56
1 20 1 2 56
1 20 1 2 56
1 20 1 2 56
1 20 1 2 56
1 20 1 2 56
1 20 1 2 56
1 20 1 2 56
1 20 1 2 56
1 20 2 3 56
1 20 2 3 56
1 20 2 3 56
1 20 2 3 56
1 20 2 3 56
1 20 1 2 56
1 20 1 2 56
1 20 1 2 56
1 20 1 2 56
1 20 1 2 56
1 20 1 2 56
1 20 1 2 56
1 20 2 3 56
1 20 2 3 56
1 20 1 2 56
1 20 1 2 56
1 20 1 2 56
1 20 1 2 56
1 20 1 2 56
1 20 2 3 56
1 20 2 3 56
1 20 2 3 56
1 20 2 3 56
1 20 2 3 56
1 20 2 3 56
1 20 2 3 56
1 20 3 4 56
1 20 3 4 56
1 20 4 5 56
1 20 4 5 56
1 20 4 5 56
1 20 4 5 56
1 20 4 5 56
1 20 4 5 56
1 20 5 6 56
1 20 6 7 56
1 20 6 7 56
1 20 7 8 56
1 20 7 8 56
1 20 7 8 56
1 20 8 9 56
1 20 8 9 56
1 20 8 9 56
1 20 8 9 56
1 20 9 10 56
1 20 1 2 56
1 20 1 2 56
1 20 2 3 56
1 20 2 3 56
1 20 2 3 56
1 20 2 3 56
1 20 2 3 56
1 20 2 3 56
1 20 1 2 56
1 20 1 2 56
1 20 1 2 56
1 20 1 2 56
1 20 1 2 56
1 20 1 2 56
1 20 1 2 56
1 20 1 2 56
1 20 1 2 56
1 20 2 3 56
1 20 2 3 56
1 20 2 3 56
1 20 2 3 56
1 20 2 3 56
1 20 2 3 56
1 20 3 4 56
1 20 3 4 56
1 20 3 4 56
1 20 5 6 56
1 20 5 6 56
1 20 5 6 56
1 20 5 6 56
1 20 5 6 56
1 20 5 6 56
1 20 5 6 56
1 20 5 6 56
1 20 5 6 56
1 20 5 6 56
1 20 5 6 56
1 20 5 6 56
1 20 6 7 56
1 20 6 7 56
1 20 6 7 56
1 20 6 7 56
1 20 6 7 56
1 20 6 7 56
1 20 6 7 56
1 20 7 8 56
1 20 7 8 56
1 20 7 8 56
1 20 7 8 56
1 20 7 8 56
1 20 7 8 56
1 20 7 8 56
1 20 7 8 56
1 20 7 8 56
1 20 7 8 56
1 20 7 8 56
1 20 7 8 56
1 20 8 9 56
1 20 8 9 56
1 20 8 9 56
1 20 8 9 56
1 20 8 9 56
1 20 8 9 56
1 20 8 9 56
1 20 8 9 56
1 20 8 9 56
1 20 9 10 56
1 20 9 10 56
1 20 9 10 56
1 20 9 10 56
1 20 10 11 56
1 20 10 11 56
1 20 10 11 56
1 20 10 11 56
1 20 10 11 56
1 20 10 11 56
1 20 10 11 56
1 20 10 11 56
1 20 10 11 56
1 20 10 11 56
1 20 10 11 56
1 20 10 11 56
1 20 10 11 56
1 20 11 12 56
1 20 11 12 56
1 20 11 12 56
1 20 11 12 56
1 20 11 12 56
1 20 13 14 56
1 20 13 14 56
1 20 13 14 56
1 20 13 14 56
1 20 13 14 56
1 20 13 14 56
1 20 14 15 56
1 20 14 15 56
1 20 14 15 56
1 20 14 15 56
1 20 14 15 56
1 20 14 15 56
1 20 14 15 56
1 20 1 1.01 56
1 20 1 1.01 56
1 20 1 1.01 56
1 20 1 1.01 56
1 20 1 1.01 56
1 20 1 2 56
1 20 1 2 56
1 20 1 2 56
1 20 1 2 56
1 20 1 2 56
1 20 2 3 56
1 20 2 3 56
1 20 2 3 56
1 20 2 3 56
1 20 2 3 56
1 20 1 2 56
1 20 1 2 56
1 20 1 2 56
1 20 1 2 56
1 20 1 2 56
1 20 2 3 56
1 20 2 3 56
1 20 2 3 56
1 20 3 4 56
1 20 3 4 56
1 20 3 4 56
1 20 5 6 56
1 20 6 7 56
1 20 7 8 56
1 20 7 8 56
1 20 8 9 56
1 20 8 9 56
1 20 8 9 56
1 20 8 9 56
1 20 8 9 56
1 20 1 2 56
1 20 1 2 56
1 20 1 2 56
1 20 1 2 56
1 20 2 3 56
1 20 3 4 56
1 20 3 4 56
1 20 3 4 56
1 20 3 4 56
1 20 3 4 56
1 20 3 4 56
1 20 3 4 56
1 20 3 4 56
1 20 3 4 56
1 20 4 5 56
1 20 4 5 56
1 20 4 5 56
1 20 4 5 56
1 20 4 5 56
1 20 4 5 56
1 20 1 2 56
1 20 1 2 56
1 20 1 2 56
1 20 1 2 56
1 20 1 2 56
1 20 1 2 56
1 20 2 3 56
1 20 3 4 56
1 20 3 4 56
1 20 4 5 56
1 20 4 5 56
1 20 4 5 56
1 20 4 5 56
1 20 4 5 56
1 20 4 5 56
1 20 5 6 56
1 20 5 6 56
1 20 5 6 56
1 20 6 7 56
1 20 6 7 56
1 20 6 7 56
1 20 6 7 56
1 20 7 8 56
1 20 7 8 56
1 20 11 12 56
1 20 11 12 56
1 20 11 12 56
1 20 11 12 56
1 20 12 13 56
1 20 12 13 56
1 20 1 2 56
1 20 1 2 56
1 20 1 2 56
1 20 1 2 56
1 20 1 2 56
1 20 1 2 56
1 20 2 3 56
1 20 2 3 56
1 20 2 3 56
1 20 2 3 56
1 20 1 2 56
1 20 1 2 56
1 20 1 2 56
1 20 1 2 56
1 20 1 2 56
1 20 1 2 56
1 20 1 2 56
1 20 1 2 56
1 20 2 3 56
1 20 2 3 56
1 20 2 3 56
1 20 2 3 56
1 20 2 3 56
1 20 3 4 56
1 20 3 4 56
1 20 3 4 56
1 20 3 4 56
1 20 3 4 56
1 20 4 5 56
1 20 4 5 56
1 20 4 5 56
1 20 4 5 56
1 20 4 5 56
1 20 4 5 56
1 20 4 5 56
1 20 1 2 56
1 20 1 2 56
1 20 2 3 56
1 20 2 3 56
1 20 3 4 56
1 20 1 2 56
1 20 2 3 56
1 20 2 3 56
1 20 2 3 56
1 20 2 3 56
1 20 2 3 56
1 20 2 3 56
1 20 1 2 56
1 20 1 2 56
1 20 1 2 56
1 20 1 2 56
1 20 2 3 56
1 20 2 3 56
1 20 2 3 56
1 20 2 3 56
1 20 2 3 56
1 20 2 3 56
1 20 3 4 56
1 20 3 4 56
1 20 4 5 56
1 20 4 5 56
1 20 4 5 56
1 20 5 6 56
1 20 5 6 56
1 20 6 7 56
1 20 6 7 56
1 20 8 9 56
1 20 9 10 56
1 20 9 10 56
1 20 9 10 56
1 20 1 2 56
1 20 2 3 56
1 20 2 3 56
1 20 2 3 56
1 20 2 3 56
1 20 3 4 56
1 20 3 4 56
1 20 3 4 56
1 20 3 4 56
1 20 3 4 56
1 20 3 4 56
1 20 4 5 56
1 20 4 5 56
1 20 4 5 56
1 20 5 6 56
1 20 5 6 56
1 20 5 6 56
1 20 5 6 56
1 20 5 6 56
1 20 5 6 56
1 20 5 6 56
1 20 6 7 56
1 20 6 7 56
1 20 6 7 56
1 20 6 7 56
1 20 6 7 56
1 20 6 7 56
1 20 7 8 56
1 20 7 8 56
1 20 7 8 56
1 20 7 8 56
1 20 8 9 56
1 20 8 9 56
1 20 8 9 56
1 20 9 10 56
1 20 9 10 56
1 20 10 11 56
1 20 10 11 56
1 20 10 11 56
1 20 10 11 56
1 20 10 11 56
1 20 10 11 56
1 20 10 11 56
1 20 10 11 56
1 20 10 11 56
1 20 11 12 56
1 20 11 12 56
1 20 12 13 56
1 20 12 13 56
1 20 12 13 56
1 20 12 13 56
1 20 12 13 56
1 20 12 13 56
1 20 13 14 56
1 20 13 14 56
1 20 13 14 56
1 20 1 2 56
1 20 1 2 56
1 20 1 2 56
1 20 1 2 56
1 20 1 2 56
1 20 1 2 56
1 20 1 2 56
1 20 1 2 56
1 20 1 2 56
1 20 1 2 56
1 20 1 2 56
1 20 1 2 56
1 20 1 2 56
1 20 1 2 56
1 20 1 2 56
1 20 3 4 56
1 20 3 4 56
1 20 3 4 56
1 20 3 4 56
1 20 3 4 56
1 20 3 4 56
1 20 7 8 56
1 20 1 1.01 56
1 20 1 1.01 56
1 20 1 1.01 56
1 20 1 1.01 56
1 20 1 1.01 56
1 20 1 2 56
1 20 1 2 56
1 20 1 2 56
1 20 1 2 56
1 20 2 3 56
1 20 1 1.01 56
1 20 1 1.01 56
1 20 1 1.01 56
1 20 1 1.01 56
1 20 1 2 56
1 20 2 3 56
1 20 2 3 56
1 20 1 2 56
1 20 1 2 56
1 20 1 2 56
1 20 1 2 56
1 20 1 2 56
1 20 2 3 56
1 20 2 3 56
1 20 2 3 56
1 20 2 3 56
1 20 2 3 56
1 20 2 3 56
1 20 2 3 56
1 20 2 3 56
1 20 3 4 56
1 20 3 4 56
1 20 4 5 56
1 20 4 5 56
1 20 4 5 56
1 20 4 5 56
1 20 4 5 56
1 20 5 6 56
1 20 5 6 56
1 20 5 6 56
1 20 5 6 56
1 20 6 7 56
1 20 7 8 56
1 20 7 8 56
1 20 7 8 56
1 20 7 8 56
1 20 7 8 56
1 20 8 9 56
1 20 8 9 56
1 20 9 10 56
1 20 10 11 56
1 20 10 11 56
1 20 10 11 56
1 20 14 15 56
1 20 14 15 56
1 20 14 15 56
1 20 15 16 56
1 20 15 16 56
1 20 15 16 56
1 20 15 16 56
1 20 15 16 56
1 20 15 16 56
1 20 15 16 56
1 20 15 16 56
1 20 16 17 56
1 20 16 17 56
1 20 16 17 56
1 20 17 18 56
1 20 17 18 56
1 20 18 19 56
1 20 18 19 56
1 20 18 19 56
1 20 19 20 56
1 20 19 20 56
1 20 19 20 56
1 20 19 20 56
1 20 19 20 56
1 20 19 20 56
1 20 19 20 56
1 20 19 20 56
1 20 19 20 56
1 20 19 20 56
1 20 19 20 56
1 20 19 20 56
1 20 19 20 56
1 20 19 20 56
1 20 19 20 56
1 20 20 21 56
1 20 20 21 56
1 20 20 21 56
1 20 21 22 56
1 20 21 22 56
1 20 21 22 56
1 20 21 22 56
1 20 21 22 56
1 20 21 22 56
1 20 22 23 56
1 20 22 23 56
1 20 22 23 56
1 20 22 23 56
1 20 22 23 56
1 20 2 3 56
1 20 2 3 56
1 20 2 3 56
1 20 2 3 56
1 20 3 4 56
1 20 3 4 56
1 20 3 4 56
1 20 3 4 56
1 20 4 5 56
1 20 5 6 56
1 20 5 6 56
1 20 5 6 56
1 20 5 6 56
1 20 5 6 56
1 20 5 6 56
1 20 5 6 56
1 20 5 6 56
1 20 5 6 56
1 20 6 7 56
1 20 6 7 56
1 20 6 7 56
1 20 6 7 56
1 20 6 7 56
1 20 6 7 56
1 20 6 7 56
1 20 7 8 56
1 20 7 8 56
1 20 7 8 56
1 20 7 8 56
1 20 8 9 56
1 20 8 9 56
1 20 8 9 56
1 20 8 9 56
1 20 9 10 56
1 20 9 10 56
1 20 9 10 56
1 20 9 10 56
1 20 9 10 56
1 20 9 10 56
1 20 10 11 56
1 20 10 11 56
1 20 10 11 56
1 20 10 11 56
1 20 10 11 56
1 20 10 11 56
1 20 12 13 56
1 20 12 13 56
1 20 12 13 56
1 20 12 13 56
1 20 13 14 56
1 20 13 14 56
1 20 13 14 56
1 20 1 2 56
1 20 1 2 56
1 20 2 3 56
1 20 1 2 56
1 20 1 2 56
1 20 1 2 56
1 20 1 2 56
1 20 2 3 56
1 20 2 3 56
1 20 2 3 56
1 20 2 3 56
1 20 3 4 56
1 20 3 4 56
1 20 3 4 56
1 20 3 4 56
1 20 3 4 56
1 20 3 4 56
1 20 3 4 56
1 20 3 4 56
1 20 3 4 56
1 20 3 4 56
1 20 4 5 56
1 20 4 5 56
1 20 4 5 56
1 20 4 5 56
1 20 4 5 56
1 20 4 5 56
1 20 4 5 56
1 20 4 5 56
1 20 4 5 56
1 20 4 5 56
1 20 4 5 56
1 20 4 5 56
1 20 5 6 56
1 20 5 6 56
1 20 5 6 56
1 20 5 6 56
1 20 5 6 56
1 20 5 6 56
1 20 7 8 56
1 20 7 8 56
1 20 7 8 56
1 20 7 8 56
1 20 7 8 56
1 20 7 8 56
1 20 7 8 56
1 20 7 8 56
1 20 7 8 56
1 20 7 8 56
1 20 7 8 56
1 20 7 8 56
1 20 8 9 56
1 20 8 9 56
1 20 1 2 56
1 20 1 2 56
1 20 1 2 56
1 20 1 2 56
1 20 1 2 56
1 20 2 3 56
1 20 2 3 56
1 20 2 3 56
1 20 2 3 56
1 20 2 3 56
1 20 2 3 56
1 20 7 8 56
1 20 1 2 56
1 20 1 2 56
1 20 1 2 56
1 20 2 3 56
1 20 2 3 56
1 20 2 3 56
1 20 2 3 56
1 20 2 3 56
1 20 3 4 56
1 20 3 4 56
1 20 3 4 56
1 20 3 4 56
1 20 3 4 56
1 20 3 4 56
1 20 3 4 56
1 20 4 5 56
1 20 4 5 56
1 20 4 5 56
1 20 4 5 56
1 20 4 5 56
1 20 4 5 56
1 20 5 6 56
1 20 6 7 56
1 20 6 7 56
1 20 6 7 56
1 20 6 7 56
1 20 7 8 56
1 20 7 8 56
1 20 7 8 56
1 20 7 8 56
1 20 7 8 56
1 20 8 9 56
1 20 8 9 56
1 20 8 9 56
1 20 8 9 56
1 20 9 10 56
1 20 9 10 56
1 20 9 10 56
1 20 9 10 56
1 20 9 10 56
1 20 10 11 56
1 20 10 11 56
1 20 10 11 56
1 20 12 13 56
1 20 13 14 56
1 20 13 14 56
1 20 13 14 56
1 20 13 14 56
1 20 14 15 56
1 20 14 15 56
1 20 14 15 56
1 20 15 16 56
1 20 15 16 56
1 20 1 2 56
1 20 1 2 56
1 20 1 2 56
1 20 3 4 56
1 25 4 5 32
1 25 4 5 32
1 25 4 5 32
1 25 5 6 32
1 25 5 6 32
1 25 1 2 32
1 25 1 2 32
1 25 1 2 32
1 25 2 3 32
1 25 3 4 32
1 25 3 4 32
1 25 3 4 32
1 25 3 4 32
1 25 3 4 32
1 25 3 4 32
1 25 3 4 32
1 25 3 4 32
1 25 4 5 32
1 25 4 5 32
1 25 4 5 32
1 25 4 5 32
1 25 5 6 32
1 25 5 6 32
1 25 5 6 32
1 25 5 6 32
1 25 6 7 32
1 25 6 7 32
1 25 6 7 32
1 25 6 7 32
1 25 7 8 32
1 25 7 8 32
1 25 7 8 32
1 25 8 9 32
1 25 8 9 32
1 25 8 9 32
1 25 8 9 32
1 25 8 9 32
1 25 8 9 32
1 25 8 9 32
1 25 8 9 32
1 25 1 2 32
1 25 1 2 32
1 25 2 3 32
1 25 2 3 32
1 25 2 3 32
1 25 2 3 32
1 25 3 4 32
1 25 3 4 32
1 25 3 4 32
1 25 3 4 32
1 25 4 5 32
1 25 4 5 32
1 25 4 5 32
1 25 6 7 32
1 25 6 7 32
1 25 6 7 32
1 25 8 9 32
1 25 9 10 32
1 25 9 10 32
1 25 9 10 32
1 25 10 11 32
1 25 10 11 32
1 25 10 11 32
1 25 10 11 32
1 25 10 11 32
1 25 1 2 32
1 25 1 2 32
1 25 1 2 32
1 25 1 2 32
1 25 1 2 32
1 25 1 2 32
1 25 1 2 32
1 25 1 2 32
1 25 1 2 32
1 25 1 2 32
1 25 1 2 32
1 25 1 2 32
1 25 1 2 32
1 25 1 2 32
1 25 1 2 32
1 25 2 3 32
1 25 2 3 32
1 25 2 3 32
1 25 2 3 32
1 25 2 3 32
1 25 3 4 32
1 25 3 4 32
1 25 5 6 32
1 25 5 6 32
1 25 5 6 32
1 25 5 6 32
1 25 5 6 32
1 25 5 6 32
1 25 5 6 32
1 25 7 8 32
1 25 8 9 32
1 25 8 9 32
1 25 8 9 32
1 25 8 9 32
1 25 8 9 32
1 25 8 9 32
1 25 8 9 32
1 25 8 9 32
1 25 9 10 32
1 25 9 10 32
1 25 9 10 32
1 25 12 13 32
1 25 12 13 32
1 25 1 2 32
1 25 1 2 32
1 25 1 2 32
1 25 1 2 32
1 25 3 4 32
1 25 5 6 32
1 25 5 6 32
1 25 5 6 32
1 25 5 6 32
1 25 5 6 32
1 25 6 7 32
1 25 6 7 32
1 25 6 7 32
1 25 6 7 32
1 25 6 7 32
1 25 6 7 32
1 25 6 7 32
1 25 6 7 32
1 25 6 7 32
1 25 6 7 32
1 25 7 8 32
1 25 7 8 32
1 25 7 8 32
1 25 7 8 32
1 25 7 8 32
1 25 7 8 32
1 25 7 8 32
1 25 7 8 32
1 25 7 8 32
1 25 8 9 32
1 25 8 9 32
1 25 8 9 32
1 25 8 9 32
1 25 8 9 32
1 25 8 9 32
1 25 8 9 32
1 25 8 9 32
1 25 8 9 32
1 25 8 9 32
1 25 8 9 32
1 25 8 9 32
1 25 8 9 32
1 25 8 9 32
1 25 8 9 32
1 25 8 9 32
1 25 8 9 32
1 25 8 9 32
1 25 9 10 32
1 25 9 10 32
1 25 9 10 32
1 25 9 10 32
1 25 9 10 32
1 25 9 10 32
1 25 9 10 32
1 25 9 10 32
1 25 9 10 32
1 25 9 10 32
1 25 9 10 32
1 25 10 11 32
1 25 10 11 32
1 25 10 11 32
1 25 10 11 32
1 25 10 11 32
1 25 10 11 32
1 25 10 11 32
1 25 10 11 32
1 25 10 11 32
1 25 10 11 32
1 25 12 13 32
1 25 12 13 32
1 25 12 13 32
1 25 12 13 32
1 25 12 13 32
1 25 12 13 32
1 25 12 13 32
1 25 12 13 32
1 25 13 14 32
1 25 13 14 32
1 25 13 14 32
1 25 14 15 32
1 25 14 15 32
1 25 14 15 32
1 25 15 16 32
1 25 15 16 32
1 25 15 16 32
1 25 15 16 32
1 25 15 16 32
1 25 1 2 32
1 25 1 2 32
1 25 1 2 32
1 25 1 2 32
1 25 2 3 32
1 25 2 3 32
1 25 2 3 32
1 25 2 3 32
1 25 2 3 32
1 25 2 3 32
1 25 3 4 32
1 25 3 4 32
1 25 4 5 32
1 25 1 2 32
1 25 1 2 32
1 25 1 2 32
1 25 2 3 32
1 25 2 3 32
1 25 2 3 32
1 25 2 3 32
1 25 2 3 32
1 25 3 4 32
1 25 3 4 32
1 25 4 5 32
1 25 4 5 32
1 25 5 6 32
1 25 5 6 32
1 25 1 2 32
1 25 1 2 32
1 25 1 2 32
1 25 1 2 32
1 25 1 2 32
1 25 1 2 32
1 25 1 2 32
1 25 1 2 32
1 25 1 2 32
1 25 1 2 32
1 25 1 2 32
1 25 2 3 32
1 25 2 3 32
1 25 2 3 32
1 25 2 3 32
1 25 3 4 32
1 25 1 2 32
1 25 1 2 32
1 25 1 2 32
1 25 1 2 32
1 25 1 2 32
1 25 2 3 32
1 25 3 4 32
1 25 4 5 32
1 25 4 5 32
1 25 4 5 32
1 25 4 5 32
1 25 1 2 32
1 25 2 3 32
1 25 2 3 32
1 25 2 3 32
1 25 2 3 32
1 25 3 4 32
1 25 1 2 32
1 25 1 2 32
1 25 1 2 32
1 25 1 2 32
1 25 1 2 32
1 25 1 2 32
1 25 2 3 32
1 25 2 3 32
1 25 2 3 32
1 25 2 3 32
1 25 2 3 32
1 25 3 4 32
1 25 3 4 32
1 25 3 4 32
1 25 3 4 32
1 25 3 4 32
1 25 3 4 32
1 25 4 5 32
1 25 1 2 32
1 25 1 2 32
1 25 2 3 32
1 25 2 3 32
1 25 2 3 32
1 25 2 3 32
1 25 3 4 32
1 25 3 4 32
1 25 4 5 32
1 25 7 8 32
1 25 8 9 32
1 25 8 9 32
1 25 8 9 32
1 25 8 9 32
1 25 8 9 32
1 25 8 9 32
1 25 10 11 32
1 25 10 11 32
1 25 10 11 32
1 25 10 11 32
1 25 11 12 32
1 25 11 12 32
1 25 11 12 32
1 25 11 12 32
1 25 11 12 32
1 25 11 12 32
1 25 11 12 32
1 25 11 12 32
1 25 11 12 32
1 25 12 13 32
1 25 12 13 32
1 25 13 14 32
1 25 13 14 32
1 25 13 14 32
1 25 13 14 32
1 25 13 14 32
1 25 13 14 32
1 25 14 15 32
1 25 14 15 32
1 25 14 15 32
1 25 14 15 32
1 25 14 15 32
1 25 14 15 32
1 25 14 15 32
1 25 14 15 32
1 25 14 15 32
1 25 14 15 32
1 25 14 15 32
1 25 14 15 32
1 25 15 16 32
1 25 15 16 32
1 25 15 16 32
1 25 15 16 32
1 25 15 16 32
1 25 15 16 32
1 25 15 16 32
1 25 16 17 32
1 25 16 17 32
1 25 16 17 32
1 25 16 17 32
1 25 16 17 32
1 25 17 18 32
1 25 18 19 32
1 25 18 19 32
1 25 18 19 32
1 25 18 19 32
1 25 18 19 32
1 25 20 21 32
1 25 20 21 32
1 25 20 21 32
1 25 20 21 32
1 25 20 21 32
1 25 20 21 32
1 25 20 21 32
1 25 20 21 32
1 25 20 21 32
1 25 20 21 32
1 25 20 21 32
1 25 20 21 32
1 25 20 21 32
1 25 20 21 32
1 25 20 21 32
1 25 20 21 32
1 25 21 22 32
1 25 21 22 32
1 25 21 22 32
1 25 21 22 32
1 25 21 22 32
1 25 22 23 32
1 25 22 23 32
1 25 22 23 32
1 25 22 23 32
1 25 24 25 32
1 25 24 25 32
1 25 25 26 32
1 25 25 26 32
1 25 25 26 32
1 25 25 26 32
1 25 25 26 32
1 25 25 26 32
1 25 26 27 32
1 25 26 27 32
1 25 26 27 32
1 25 26 27 32
1 25 27 28 32
1 25 27 28 32
1 25 27 28 32
1 25 27 28 32
1 25 27 28 32
1 25 27 28 32
1 25 27 28 32
1 25 27 28 32
1 25 27 28 32
1 25 27 28 32
1 25 27 28 32
1 25 27 28 32
1 25 28 29 32
1 25 29 30 32
1 25 29 30 32
1 25 29 30 32
1 25 29 30 32
1 25 29 30 32
1 25 29 30 32
1 25 29 30 32
1 25 29 30 32
1 25 29 30 32
1 25 30 31 32
1 25 30 31 32
1 25 30 31 32
1 25 30 31 32
1 25 30 31 32
1 25 30 31 32
1 25 30 31 32
1 25 30 31 32
1 25 30 31 32
1 25 30 31 32
1 25 30 31 32
1 25 30 31 32
1 25 31 32 32
1 25 31 32 32
1 25 31 32 32
1 25 31 32 32
1 25 31 32 32
1 25 31 32 32
1 25 31 32 32
1 25 31 32 32
1 25 31 32 32
1 25 31 32 32
1 25 33 34 32
1 25 33 34 32
1 25 33 34 32
1 25 33 34 32
1 25 33 34 32
1 25 33 34 32
1 25 33 34 32
1 25 33 34 32
1 25 33 34 32
1 25 33 34 32
1 25 33 34 32
1 25 33 34 32
1 25 34 35 32
1 25 34 35 32
1 25 34 35 32
1 25 34 35 32
1 25 34 35 32
1 25 34 35 32
1 25 34 35 32
1 25 34 35 32
1 25 34 35 32
1 25 34 35 32
1 25 34 35 32
1 25 34 35 32
1 25 34 35 32
1 25 35 36 32
1 25 35 36 32
1 25 35 36 32
1 25 35 36 32
1 25 35 36 32
1 25 2 3 32
1 25 2 3 32
1 25 2 3 32
1 25 2 3 32
1 25 3 4 32
1 25 3 4 32
1 25 3 4 32
1 25 3 4 32
1 25 3 4 32
1 25 3 4 32
1 25 3 4 32
1 25 3 4 32
1 25 3 4 32
1 25 3 4 32
1 25 3 4 32
1 25 3 4 32
1 25 4 5 32
1 25 4 5 32
1 25 4 5 32
1 25 4 5 32
1 25 4 5 32
1 25 4 5 32
1 25 4 5 32
1 25 4 5 32
1 25 5 6 32
1 25 5 6 32
1 25 5 6 32
1 25 5 6 32
1 25 5 6 32
1 25 5 6 32
1 25 5 6 32
1 25 5 6 32
1 25 5 6 32
1 25 5 6 32
1 25 5 6 32
1 25 6 7 32
1 25 6 7 32
1 25 6 7 32
1 25 6 7 32
1 25 6 7 32
1 25 6 7 32
1 25 6 7 32
1 25 1 2 32
1 25 1 2 32
1 25 1 2 32
1 25 1 2 32
1 25 1 2 32
1 25 2 3 32
1 25 2 3 32
1 25 2 3 32
1 25 2 3 32
1 25 2 3 32
1 25 2 3 32
1 25 3 4 32
1 25 3 4 32
1 25 3 4 32
1 25 3 4 32
1 25 3 4 32
1 25 3 4 32
1 25 3 4 32
1 25 3 4 32
1 25 3 4 32
1 25 3 4 32
1 25 3 4 32
1 25 3 4 32
1 25 4 5 32
1 25 4 5 32
1 25 4 5 32
1 25 4 5 32
1 25 4 5 32
1 25 4 5 32
1 25 4 5 32
1 25 4 5 32
1 25 4 5 32
1 25 4 5 32
1 25 4 5 32
1 25 4 5 32
1 25 4 5 32
1 25 4 5 32
1 25 4 5 32
1 25 2 3 32
1 25 2 3 32
1 25 2 3 32
1 25 2 3 32
1 25 3 4 32
1 25 3 4 32
1 25 3 4 32
1 25 3 4 32
1 25 3 4 32
1 25 3 4 32
1 25 3 4 32
1 25 3 4 32
1 25 3 4 32
1 25 3 4 32
1 25 4 5 32
1 25 5 6 32
1 25 5 6 32
1 25 5 6 32
1 25 5 6 32
1 25 5 6 32
1 25 5 6 32
1 25 5 6 32
1 25 6 7 32
1 25 6 7 32
1 25 6 7 32
1 25 6 7 32
1 25 6 7 32
1 25 6 7 32
1 25 6 7 32
1 25 6 7 32
1 25 6 7 32
1 25 7 8 32
1 25 7 8 32
1 25 7 8 32
1 25 7 8 32
1 25 7 8 32
1 25 7 8 32
1 25 7 8 32
1 25 7 8 32
1 25 7 8 32
1 25 7 8 32
1 25 7 8 32
1 25 8 9 32
1 25 8 9 32
1 25 8 9 32
1 25 8 9 32
1 25 8 9 32
1 25 8 9 32
1 25 8 9 32
1 25 8 9 32
1 25 8 9 32
1 25 8 9 32
1 25 8 9 32
1 25 8 9 32
1 25 8 9 32
1 25 8 9 32
1 25 8 9 32
1 25 10 11 32
1 25 10 11 32
1 25 10 11 32
1 25 10 11 32
1 25 10 11 32
1 25 10 11 32
1 25 10 11 32
1 25 10 11 32
1 25 10 11 32
1 25 10 11 32
1 25 10 11 32
1 25 10 11 32
1 25 13 14 32
1 25 13 14 32
1 25 13 14 32
1 25 13 14 32
1 25 13 14 32
1 25 14 15 32
1 25 14 15 32
1 25 14 15 32
1 25 14 15 32
1 25 15 16 32
1 25 15 16 32
1 25 15 16 32
1 25 15 16 32
1 25 15 16 32
1 25 16 17 32
1 25 16 17 32
1 25 16 17 32
1 25 16 17 32
1 25 16 17 32
1 25 17 18 32
1 25 18 19 32
1 25 18 19 32
1 25 18 19 32
1 25 18 19 32
1 25 19 20 32
1 25 19 20 32
1 25 19 20 32
1 25 19 20 32
1 25 19 20 32
1 25 19 20 32
1 25 19 20 32
1 25 19 20 32
1 25 19 20 32
1 25 19 20 32
1 25 20 21 32
1 25 20 21 32
1 25 20 21 32
1 25 20 21 32
1 25 21 22 32
1 25 21 22 32
1 25 21 22 32
1 25 21 22 32
1 25 21 22 32
1 25 21 22 32
1 25 21 22 32
1 25 21 22 32
1 25 21 22 32
1 25 22 23 32
1 25 22 23 32
1 25 22 23 32
1 25 22 23 32
1 25 22 23 32
1 25 23 24 32
1 25 23 24 32
1 25 23 24 32
1 25 23 24 32
1 25 23 24 32
1 25 1 2 32
1 25 1 2 32
1 25 1 2 32
1 25 2 3 32
1 25 2 3 32
1 25 2 3 32
1 25 2 3 32
1 25 3 4 32
1 25 3 4 32
1 25 3 4 32
1 25 3 4 32
1 25 4 5 32
1 25 5 6 32
1 25 5 6 32
1 25 5 6 32
1 25 5 6 32
1 25 5 6 32
1 25 5 6 32
1 25 5 6 32
1 25 2 3 32
1 25 2 3 32
1 25 2 3 32
1 25 2 3 32
1 25 3 4 32
1 25 3 4 32
1 25 3 4 32
1 25 3 4 32
1 25 3 4 32
1 25 3 4 32
1 25 3 4 32
1 25 3 4 32
1 25 3 4 32
1 25 3 4 32
1 25 3 4 32
1 25 4 5 32
1 25 4 5 32
1 25 4 5 32
1 25 4 5 32
1 25 4 5 32
1 25 4 5 32
1 25 4 5 32
1 25 5 6 32
1 25 5 6 32
1 25 5 6 32
1 25 5 6 32
1 25 5 6 32
1 25 5 6 32
1 25 6 7 32
1 25 6 7 32
1 25 6 7 32
1 25 6 7 32
1 25 6 7 32
1 25 6 7 32
1 25 6 7 32
1 25 6 7 32
1 25 6 7 32
1 25 6 7 32
1 25 6 7 32
1 25 6 7 32
1 25 6 7 32
1 25 6 7 32
1 25 6 7 32
1 25 7 8 32
1 25 7 8 32
1 25 7 8 32
1 25 7 8 32
1 25 7 8 32
1 25 7 8 32
1 25 7 8 32
1 25 8 9 32
1 25 8 9 32
1 25 8 9 32
1 25 9 10 32
1 25 9 10 32
1 25 1 2 32
1 25 1 2 32
1 25 2 3 32
1 25 2 3 32
1 25 2 3 32
1 25 2 3 32
1 25 2 3 32
1 25 2 3 32
1 25 2 3 32
1 25 2 3 32
1 25 3 4 32
1 25 3 4 32
1 25 3 4 32
1 25 3 4 32
1 25 3 4 32
1 25 3 4 32
1 25 3 4 32
1 25 3 4 32
1 25 3 4 32
1 25 3 4 32
1 25 3 4 32
1 25 3 4 32
1 25 3 4 32
1 25 3 4 32
1 25 3 4 32
1 25 3 4 32
1 25 3 4 32
1 25 3 4 32
1 25 3 4 32
1 25 3 4 32
1 25 4 5 32
1 25 4 5 32
1 25 4 5 32
1 25 4 5 32
1 25 4 5 32
1 25 4 5 32
1 25 6 7 32
1 25 6 7 32
1 25 6 7 32
1 25 6 7 32
1 25 6 7 32
1 25 6 7 32
1 25 6 7 32
1 25 6 7 32
1 25 6 7 32
1 25 6 7 32
1 25 6 7 32
1 25 6 7 32
1 25 6 7 32
1 25 6 7 32
1 25 6 7 32
1 25 6 7 32
1 25 7 8 32
1 25 7 8 32
1 25 7 8 32
1 25 7 8 32
1 25 7 8 32
1 25 7 8 32
1 25 7 8 32
1 25 7 8 32
1 25 7 8 32
1 25 7 8 32
1 25 7 8 32
1 25 7 8 32
1 25 7 8 32
1 25 7 8 32
1 25 8 9 32
1 25 8 9 32
1 25 8 9 32
1 25 8 9 32
1 25 8 9 32
1 25 8 9 32
1 25 8 9 32
1 25 8 9 32
1 25 8 9 32
1 25 8 9 32
1 25 8 9 32
1 25 8 9 32
1 25 8 9 32
1 25 8 9 32
1 25 8 9 32
1 25 8 9 32
1 25 8 9 32
1 25 8 9 32
1 25 8 9 32
1 25 11 12 32
1 25 11 12 32
1 25 11 12 32
1 25 11 12 32
1 25 12 13 32
1 25 12 13 32
1 25 12 13 32
1 25 14 15 32
1 25 14 15 32
1 25 14 15 32
1 25 14 15 32
1 25 15 16 32
1 25 15 16 32
1 25 15 16 32
1 25 15 16 32
1 25 15 16 32
1 25 15 16 32
1 25 15 16 32
1 25 16 17 32
1 25 16 17 32
1 25 16 17 32
1 25 16 17 32
1 25 16 17 32
1 25 16 17 32
1 25 16 17 32
1 25 16 17 32
1 25 16 17 32
1 25 17 18 32
1 25 17 18 32
1 25 17 18 32
1 25 17 18 32
1 25 17 18 32
1 25 17 18 32
1 25 17 18 32
1 25 17 18 32
1 25 17 18 32
1 25 17 18 32
1 25 17 18 32
1 25 17 18 32
1 25 17 18 32
1 25 17 18 32
1 25 17 18 32
1 25 18 19 32
1 25 18 19 32
1 25 18 19 32
1 25 18 19 32
1 25 18 19 32
1 25 18 19 32
1 25 18 19 32
1 25 18 19 32
1 25 18 19 32
1 25 19 20 32
1 25 19 20 32
1 25 19 20 32
1 25 19 20 32
1 25 20 21 32
1 25 20 21 32
1 25 20 21 32
1 25 20 21 32
1 25 21 22 32
1 25 21 22 32
1 25 21 22 32
1 25 21 22 32
1 25 21 22 32
1 25 1 2 32
1 25 1 2 32
1 25 1 2 32
1 25 1 2 32
1 25 1 2 32
1 25 2 3 32
1 25 2 3 32
1 25 2 3 32
1 25 2 3 32
1 25 2 3 32
1 25 2 3 32
1 25 2 3 32
1 25 2 3 32
1 25 2 3 32
1 25 2 3 32
1 25 2 3 32
1 25 2 3 32
1 25 2 3 32
1 25 2 3 32
1 25 3 4 32
1 25 3 4 32
1 25 3 4 32
1 25 3 4 32
1 25 3 4 32
1 25 3 4 32
1 25 3 4 32
1 25 4 5 32
1 25 4 5 32
1 25 4 5 32
1 25 4 5 32
1 25 4 5 32
1 25 4 5 32
1 25 4 5 32
1 25 4 5 32
1 25 4 5 32
1 25 4 5 32
1 25 4 5 32
1 25 4 5 32
1 25 4 5 32
1 25 4 5 32
1 25 4 5 32
1 25 1 2 32
1 25 1 2 32
1 25 1 2 32
1 25 1 2 32
1 25 1 2 32
1 25 1 2 32
1 25 1 2 32
1 25 1 2 32
1 25 1 2 32
1 25 2 3 32
1 25 2 3 32
1 25 2 3 32
1 25 2 3 32
1 25 2 3 32
1 25 2 3 32
1 25 2 3 32
1 25 2 3 32
1 25 2 3 32
1 25 4 5 32
1 25 4 5 32
1 25 5 6 32
1 25 6 7 32
1 25 6 7 32
1 25 7 8 32
1 25 7 8 32
1 25 7 8 32
1 25 7 8 32
1 25 7 8 32
1 25 2 3 32
1 25 2 3 32
1 25 2 3 32
1 25 2 3 32
1 25 2 3 32
1 25 2 3 32
1 25 2 3 32
1 25 2 3 32
1 25 2 3 32
1 25 4 5 32
1 25 4 5 32
1 25 4 5 32
1 25 4 5 32
1 25 4 5 32
1 25 5 6 32
1 25 5 6 32
1 25 5 6 32
1 25 5 6 32
1 25 5 6 32
1 28 1 1.01 30
1 28 1 1.01 30
1 28 1 1.01 30
1 28 1 1.01 30
1 28 1 1.01 30
1 28 1 1.01 30
1 28 1 1.01 30
1 28 1 1.01 30
1 28 1 1.01 30
1 28 1 2 30
1 28 1 2 30
1 28 1 2 30
1 28 1 2 30
1 28 1 2 30
1 28 1 2 30
1 28 1 2 30
1 28 1 2 30
1 28 1 2 30
1 28 1 2 30
1 28 1 2 30
1 28 1 2 30
1 28 2 3 30
1 28 2 3 30
1 28 2 3 30
1 28 2 3 30
1 28 2 3 30
1 28 2 3 30
1 28 2 3 30
1 28 2 3 30
1 28 2 3 30
1 28 2 3 30
1 28 2 3 30
1 28 2 3 30
1 28 2 3 30
1 28 2 3 30
1 28 2 3 30
1 28 3 4 30
1 28 3 4 30
1 28 3 4 30
1 28 1 1.01 30
1 28 1 1.01 30
1 28 1 2 30
1 28 1 2 30
1 28 1 2 30
1 28 1 2 30
1 28 1 2 30
1 28 1 2 30
1 28 1 2 30
1 28 1 2 30
1 28 1 2 30
1 28 1 2 30
1 28 2 3 30
1 28 2 3 30
1 28 2 3 30
1 28 2 3 30
1 28 3 4 30
1 28 3 4 30
1 28 3 4 30
1 28 3 4 30
1 28 3 4 30
1 28 3 4 30
1 28 3 4 30
1 28 3 4 30
1 28 3 4 30
1 28 4 5 30
1 28 4 5 30
1 28 4 5 30
1 28 4 5 30
1 28 4 5 30
1 28 4 5 30
1 28 4 5 30
1 28 4 5 30
1 28 5 6 30
1 28 5 6 30
1 28 6 7 30
1 28 6 7 30
1 28 6 7 30
1 28 6 7 30
1 28 7 8 30
1 28 7 8 30
1 28 7 8 30
1 28 1 1.01 30
1 28 1 1.01 30
1 28 1 2 30
1 28 1 2 30
1 28 1 2 30
1 28 1 2 30
1 28 1 2 30
1 28 1 2 30
1 28 1 2 30
1 28 3 4 30
1 28 3 4 30
1 28 3 4 30
1 28 3 4 30
1 28 3 4 30
1 28 3 4 30
1 28 3 4 30
1 28 3 4 30
1 28 4 5 30
1 28 4 5 30
1 28 4 5 30
1 28 4 5 30
1 28 4 5 30
1 28 4 5 30
1 28 4 5 30
1 28 4 5 30
1 28 4 5 30
1 28 4 5 30
1 28 1 2 30
1 28 1 2 30
1 28 1 2 30
1 28 2 3 30
1 28 2 3 30
1 28 2 3 30
1 28 2 3 30
1 28 2 3 30
1 28 2 3 30
1 28 3 4 30
1 28 3 4 30
1 28 3 4 30
1 28 3 4 30
1 28 3 4 30
1 28 3 4 30
1 28 3 4 30
1 28 3 4 30
1 28 3 4 30
1 28 3 4 30
1 28 3 4 30
1 28 1 1.01 30
1 28 1 1.01 30
1 28 1 1.01 30
1 28 1 1.01 30
1 28 1 1.01 30
1 28 1 1.01 30
1 28 1 1.01 30
1 28 1 1.01 30
1 28 1 1.01 30
1 28 1 1.01 30
1 28 1 1.01 30
1 28 1 1.01 30
1 28 1 1.01 30
1 28 1 1.01 30
1 28 1 1.01 30
1 28 1 1.01 30
1 28 1 2 30
1 28 1 2 30
1 28 1 2 30
1 28 1 2 30
1 28 1 2 30
1 28 1 2 30
1 28 1 2 30
1 28 1 2 30
1 28 1 2 30
1 28 2 3 30
1 28 2 3 30
1 28 2 3 30
1 28 2 3 30
1 28 2 3 30
1 28 2 3 30
1 28 2 3 30
1 28 2 3 30
1 28 2 3 30
1 28 2 3 30
1 28 2 3 30
1 28 2 3 30
1 28 2 3 30
1 28 2 3 30
1 28 2 3 30
1 28 2 3 30
1 28 3 4 30
1 28 3 4 30
1 28 3 4 30
1 28 3 4 30
1 28 3 4 30
1 28 3 4 30
1 28 3 4 30
1 28 3 4 30
1 28 4 5 30
1 28 4 5 30
1 28 4 5 30
1 28 4 5 30
1 28 4 5 30
1 28 4 5 30
1 28 4 5 30
1 28 4 5 30
1 28 4 5 30
1 28 4 5 30
1 28 5 6 30
1 28 5 6 30
1 28 5 6 30
1 28 5 6 30
1 28 5 6 30
1 28 5 6 30
1 28 5 6 30
1 28 5 6 30
1 28 6 7 30
1 28 6 7 30
1 28 6 7 30
1 28 6 7 30
1 28 6 7 30
1 28 6 7 30
1 28 6 7 30
1 28 6 7 30
1 28 6 7 30
1 28 6 7 30
1 28 6 7 30
1 28 7 8 30
1 28 7 8 30
1 28 7 8 30
1 28 7 8 30
1 28 7 8 30
1 28 7 8 30
1 28 7 8 30
1 28 7 8 30
1 28 7 8 30
1 28 7 8 30
1 28 7 8 30
1 28 8 9 30
1 28 8 9 30
1 28 8 9 30
1 28 8 9 30
1 28 9 10 30
1 28 9 10 30
1 28 9 10 30
1 28 9 10 30
1 28 9 10 30
1 28 9 10 30
1 28 9 10 30
1 28 9 10 30
1 28 9 10 30
1 28 9 10 30
1 28 9 10 30
1 28 9 10 30
1 28 9 10 30
1 28 10 11 30
1 28 10 11 30
1 28 10 11 30
1 28 10 11 30
1 28 10 11 30
1 28 1 1.01 30
1 28 1 1.01 30
1 28 1 1.01 30
1 28 1 1.01 30
1 28 1 1.01 30
1 28 1 1.01 30
1 28 1 2 30
1 28 1 2 30
1 28 1 2 30
1 28 2 3 30
1 28 1 1.01 30
1 28 1 1.01 30
1 28 1 2 30
1 28 1 2 30
1 28 1 2 30
1 28 3 4 30
1 28 3 4 30
1 28 5 6 30
1 28 5 6 30
1 28 5 6 30
1 28 5 6 30
1 28 5 6 30
1 28 6 7 30
1 28 6 7 30
1 28 7 8 30
1 28 7 8 30
1 28 7 8 30
1 28 7 8 30
1 28 7 8 30
1 28 7 8 30
1 28 8 9 30
1 28 9 10 30
1 28 9 10 30
1 28 9 10 30
1 28 9 10 30
1 28 10 11 30
1 28 11 12 30
1 28 11 12 30
1 28 12 13 30
1 28 13 14 30
1 28 13 14 30
1 28 13 14 30
1 28 13 14 30
1 28 13 14 30
1 28 14 15 30
1 28 14 15 30
1 28 16 17 30
1 28 1 1.01 30
1 28 1 2 30
1 28 1 2 30
1 28 3 4 30
1 28 4 5 30
1 28 4 5 30
1 28 4 5 30
1 28 4 5 30
1 28 4 5 30
1 28 5 6 30
1 28 5 6 30
1 28 5 6 30
1 28 5 6 30
1 28 6 7 30
1 28 6 7 30
1 28 6 7 30
1 28 7 8 30
1 28 7 8 30
1 28 7 8 30
1 28 7 8 30
1 28 7 8 30
1 28 7 8 30
1 28 7 8 30
1 28 8 9 30
1 28 8 9 30
1 28 8 9 30
1 28 8 9 30
1 28 8 9 30
1 28 8 9 30
1 28 8 9 30
1 28 8 9 30
1 28 8 9 30
1 28 8 9 30
1 28 8 9 30
1 28 9 10 30
1 28 10 11 30
1 28 10 11 30
1 28 11 12 30
1 28 11 12 30
1 28 11 12 30
1 28 11 12 30
1 28 11 12 30
1 28 1 1.01 30
1 28 1 2 30
1 28 2 3 30
1 28 2 3 30
1 28 2 3 30
1 28 3 4 30
1 28 3 4 30
1 28 3 4 30
1 28 3 4 30
1 28 3 4 30
1 28 3 4 30
1 28 4 5 30
1 28 4 5 30
1 28 5 6 30
1 28 5 6 30
1 28 5 6 30
1 28 2 3 30
1 28 1 1.01 30
1 28 1 1.01 30
1 28 1 2 30
1 28 1 2 30
1 28 2 3 30
1 28 2 3 30
1 28 2 3 30
1 28 1 1.01 30
1 28 1 1.01 30
1 28 1 1.01 30
1 28 1 2 30
1 28 1 2 30
1 28 1 2 30
1 28 1 2 30
1 28 1 2 30
1 28 1 2 30
1 28 2 3 30
1 28 2 3 30
1 28 2 3 30
1 28 2 3 30
1 28 2 3 30
1 28 3 4 30
1 28 3 4 30
1 28 3 4 30
1 28 3 4 30
1 28 3 4 30
1 28 3 4 30
1 28 3 4 30
1 28 4 5 30
1 28 4 5 30
1 28 4 5 30
1 28 4 5 30
1 28 4 5 30
1 28 4 5 30
1 28 4 5 30
1 28 4 5 30
1 28 4 5 30
1 28 4 5 30
1 28 5 6 30
1 28 5 6 30
1 28 5 6 30
1 28 5 6 30
1 28 5 6 30
1 28 5 6 30
1 28 5 6 30
1 28 5 6 30
1 28 5 6 30
1 28 6 7 30
1 28 6 7 30
1 28 6 7 30
1 28 6 7 30
1 28 6 7 30
1 28 6 7 30
1 28 6 7 30
1 28 6 7 30
1 28 7 8 30
1 28 7 8 30
1 28 7 8 30
1 28 7 8 30
1 28 7 8 30
1 28 7 8 30
1 28 7 8 30
1 28 7 8 30
1 28 7 8 30
1 28 7 8 30
1 28 7 8 30
1 28 7 8 30
1 28 8 9 30
1 28 8 9 30
1 28 9 10 30
1 28 9 10 30
1 28 1 1.01 30
1 28 1 1.01 30
1 28 1 2 30
1 28 1 1.01 30
1 28 1 1.01 30
1 28 1 1.01 30
1 28 1 1.01 30
1 28 1 1.01 30
1 28 1 1.01 30
1 28 1 1.01 30
1 28 1 2 30
1 28 1 2 30
1 28 1 2 30
1 28 1 2 30
1 28 1 2 30
1 28 1 2 30
1 28 1 2 30
1 28 1 2 30
1 28 1 2 30
1 28 1 2 30
1 28 1 2 30
1 28 2 3 30
1 28 2 3 30
1 28 2 3 30
1 28 2 3 30
1 28 2 3 30
1 28 3 4 30
1 28 3 4 30
1 28 3 4 30
1 28 3 4 30
1 28 3 4 30
1 28 3 4 30
1 28 3 4 30
1 28 3 4 30
1 28 3 4 30
1 28 4 5 30
1 28 4 5 30
1 28 4 5 30
1 28 4 5 30
1 28 4 5 30
1 28 4 5 30
1 28 4 5 30
1 28 4 5 30
1 28 4 5 30
1 28 4 5 30
1 28 4 5 30
1 28 5 6 30
1 28 6 7 30
1 28 6 7 30
1 28 7 8 30
1 28 7 8 30
1 28 7 8 30
1 28 7 8 30
1 28 7 8 30
1 28 8 9 30
1 28 8 9 30
1 28 8 9 30
1 28 1 2 30
1 28 2 3 30
1 28 2 3 30
1 28 2 3 30
1 28 3 4 30
1 28 3 4 30
1 28 3 4 30
1 28 4 5 30
1 28 4 5 30
1 28 1 2 30
1 28 1 1.01 30
1 28 2 3 30
1 28 2 3 30
1 28 3 4 30
1 28 3 4 30
1 28 3 4 30
1 28 4 5 30
1 28 1 1.01 30
1 28 1 1.01 30
1 28 1 1.01 30
1 28 1 2 30
1 28 1 2 30
1 28 1 2 30
1 28 1 2 30
1 28 1 2 30
1 28 1 2 30
1 28 1 2 30
1 28 2 3 30
1 28 4 5 30
1 28 4 5 30
1 28 4 5 30
1 28 4 5 30
1 28 4 5 30
1 28 4 5 30
1 28 4 5 30
1 28 4 5 30
1 28 4 5 30
1 28 4 5 30
1 28 5 6 30
1 28 5 6 30
1 28 5 6 30
1 28 5 6 30
1 28 6 7 30
1 28 6 7 30
1 28 1 1.01 30
1 28 1 1.01 30
1 28 1 2 30
1 28 2 3 30
1 28 2 3 30
1 28 2 3 30
1 28 2 3 30
1 28 3 4 30
1 28 3 4 30
1 28 3 4 30
1 28 3 4 30
1 28 3 4 30
1 28 3 4 30
1 28 3 4 30
1 28 3 4 30
1 28 4 5 30
1 28 4 5 30
1 28 4 5 30
1 28 5 6 30
1 28 5 6 30
1 28 5 6 30
1 28 5 6 30
1 28 5 6 30
1 28 5 6 30
1 28 5 6 30
1 28 5 6 30
1 28 6 7 30
1 28 6 7 30
1 28 6 7 30
1 28 6 7 30
1 28 7 8 30
1 28 7 8 30
1 28 7 8 30
1 28 8 9 30
1 28 8 9 30
1 28 8 9 30
1 28 8 9 30
1 28 8 9 30
1 28 9 10 30
1 28 9 10 30
1 28 9 10 30
1 28 9 10 30
1 28 9 10 30
1 28 9 10 30
1 28 10 11 30
1 28 10 11 30
1 28 10 11 30
1 28 10 11 30
1 28 10 11 30
1 28 10 11 30
1 28 10 11 30
1 28 10 11 30
1 28 10 11 30
1 28 11 12 30
1 28 11 12 30
1 28 12 13 30
1 28 12 13 30
1 28 12 13 30
1 28 12 13 30
1 28 12 13 30
1 28 13 14 30
1 28 13 14 30
1 28 15 16 30
1 28 15 16 30
1 28 16 17 30
1 28 16 17 30
1 28 16 17 30
1 28 16 17 30
1 28 16 17 30
1 28 16 17 30
1 28 16 17 30
1 28 16 17 30
1 28 16 17 30
1 28 16 17 30
1 28 17 18 30
1 28 17 18 30
1 28 17 18 30
1 28 17 18 30
1 28 17 18 30
1 28 17 18 30
1 28 17 18 30
1 28 18 19 30
1 28 18 19 30
1 28 18 19 30
1 28 18 19 30
1 28 19 20 30
1 28 19 20 30
1 28 19 20 30
1 28 19 20 30
1 28 19 20 30
1 28 19 20 30
1 28 20 21 30
1 28 20 21 30
1 28 20 21 30
1 28 20 21 30
1 28 20 21 30
1 28 20 21 30
1 28 20 21 30
1 28 20 21 30
1 28 20 21 30
1 28 21 22 30
1 28 21 22 30
1 28 21 22 30
1 28 21 22 30
1 28 21 22 30
1 28 22 23 30
1 28 22 23 30
1 28 1 2 30
1 28 1 2 30
1 28 1 2 30
1 28 3 4 30
1 28 3 4 30
1 28 3 4 30
1 28 3 4 30
1 28 3 4 30
1 28 4 5 30
1 28 5 6 30
1 28 6 7 30
1 28 6 7 30
1 28 6 7 30
1 28 6 7 30
1 28 6 7 30
1 28 1 1.01 30
1 28 1 2 30
1 28 2 3 30
1 28 2 3 30
1 28 3 4 30
1 28 3 4 30
1 28 5 6 30
1 28 5 6 30
1 28 5 6 30
1 28 5 6 30
1 28 5 6 30
1 28 5 6 30
1 28 1 1.01 30
1 28 1 1.01 30
1 28 1 2 30
1 28 1 2 30
1 28 1 2 30
1 28 1 2 30
1 28 1 2 30
1 28 1 2 30
1 28 1 2 30
1 28 1 2 30
1 28 1 2 30
1 28 2 3 30
1 28 2 3 30
1 28 2 3 30
1 28 2 3 30
1 28 3 4 30
1 28 3 4 30
1 28 3 4 30
1 28 3 4 30
1 28 3 4 30
1 28 3 4 30
1 28 4 5 30
1 28 4 5 30
1 28 4 5 30
1 28 4 5 30
1 28 4 5 30
1 28 4 5 30
1 28 4 5 30
1 28 4 5 30
1 28 4 5 30
1 28 4 5 30
1 28 5 6 30
1 28 5 6 30
1 28 5 6 30
1 28 5 6 30
1 28 6 7 30
1 28 6 7 30
1 28 6 7 30
1 28 6 7 30
1 28 6 7 30
1 28 1 1.01 30
1 28 1 1.01 30
1 28 1 1.01 30
1 28 1 1.01 30
1 28 1 1.01 30
1 28 1 1.01 30
1 28 1 2 30
1 28 1 2 30
1 28 1 2 30
1 28 1 2 30
1 28 1 2 30
1 28 2 3 30
1 28 2 3 30
1 28 2 3 30
1 28 2 3 30
1 28 2 3 30
1 28 3 4 30
1 28 3 4 30
1 28 3 4 30
1 28 3 4 30
1 28 3 4 30
1 28 4 5 30
1 28 4 5 30
1 28 4 5 30
1 28 4 5 30
1 28 4 5 30
1 28 4 5 30
1 28 4 5 30
1 28 4 5 30
1 28 4 5 30
1 28 4 5 30
1 28 4 5 30
1 28 5 6 30
1 28 5 6 30
1 28 5 6 30
1 28 5 6 30
1 28 5 6 30
1 28 5 6 30
1 28 6 7 30
1 28 7 8 30
1 28 7 8 30
1 28 7 8 30
1 28 7 8 30
1 28 8 9 30
1 28 8 9 30
1 28 8 9 30
1 28 8 9 30
1 28 8 9 30
1 28 8 9 30
1 28 8 9 30
1 28 9 10 30
1 28 10 11 30
1 28 10 11 30
1 28 10 11 30
1 28 10 11 30
1 28 10 11 30
1 28 10 11 30
1 28 11 12 30
1 28 11 12 30
1 28 11 12 30
1 28 11 12 30
1 28 1 2 30
1 28 2 3 30
1 28 3 4 30
1 28 1 1.01 30
1 28 1 1.01 30
1 28 1 1.01 30
1 28 2 3 30
1 28 2 3 30
1 28 2 3 30
1 28 2 3 30
1 28 2 3 30
1 28 3 4 30
1 28 3 4 30
1 28 3 4 30
1 28 3 4 30
1 28 3 4 30
1 28 3 4 30
1 28 3 4 30
1 28 4 5 30
1 28 4 5 30
1 28 5 6 30
1 28 5 6 30
1 28 5 6 30
1 28 5 6 30
1 28 5 6 30
1 28 5 6 30
1 28 6 7 30
1 28 6 7 30
1 28 6 7 30
1 28 6 7 30
1 28 6 7 30
1 28 6 7 30
1 28 6 7 30
1 28 6 7 30
1 28 7 8 30
1 28 7 8 30
1 28 7 8 30
1 28 7 8 30
1 28 8 9 30
1 28 8 9 30
1 28 8 9 30
1 28 2 3 30
1 28 2 3 30
1 28 3 4 30
1 28 4 5 30
1 28 4 5 30
1 28 4 5 30
1 28 4 5 30
1 28 5 6 30
1 28 5 6 30
1 28 5 6 30
1 28 6 7 30
1 28 6 7 30
1 28 6 7 30
1 28 6 7 30
1 28 6 7 30
