1 15 10 11 86
1 15 10 11 86
1 15 10 11 86
1 15 10 11 86
1 15 10 11 86
1 15 10 11 86
1 15 11 12 86
1 15 11 12 86
1 15 11 12 86
1 15 11 12 86
1 15 11 12 86
1 15 11 12 86
1 15 11 12 86
1 15 11 12 86
1 15 11 12 86
1 15 12 13 86
1 15 12 13 86
1 15 12 13 86
1 15 12 13 86
1 15 12 13 86
1 15 12 13 86
1 15 12 13 86
1 15 12 13 86
1 15 12 13 86
1 15 12 13 86
1 15 12 13 86
1 15 12 13 86
1 15 12 13 86
1 15 12 13 86
1 15 12 13 86
1 15 12 13 86
1 15 12 13 86
1 15 12 13 86
1 15 12 13 86
1 15 12 13 86
1 15 12 13 86
1 15 12 13 86
1 15 12 13 86
1 15 12 13 86
1 15 13 14 86
1 15 13 14 86
1 15 13 14 86
1 15 13 14 86
1 15 13 14 86
1 15 13 14 86
1 15 13 14 86
1 15 13 14 86
1 15 13 14 86
1 15 13 14 86
1 15 13 14 86
1 15 13 14 86
1 15 13 14 86
1 15 13 14 86
1 15 13 14 86
1 15 13 14 86
1 15 13 14 86
1 15 13 14 86
1 15 14 15 86
1 15 14 15 86
1 15 14 15 86
1 15 14 15 86
1 15 14 15 86
1 15 14 15 86
1 15 15 16 86
1 15 18 19 86
2 18 1 2 87
2 18 3 4 87
2 18 3 4 87
2 18 3 4 87
2 18 3 4 87
2 18 3 4 87
2 18 3 4 87
2 18 3 4 87
2 18 3 4 87
2 18 3 4 87
2 18 3 4 87
2 18 3 4 87
2 18 4 5 87
2 18 5 6 87
2 18 5 6 87
2 18 5 6 87
2 18 5 6 87
2 18 5 6 87
2 18 5 6 87
2 18 5 6 87
2 18 5 6 87
2 18 5 6 87
2 18 5 6 87
2 18 5 6 87
2 18 5 6 87
2 18 5 6 87
2 18 5 6 87
2 18 5 6 87
2 18 5 6 87
2 18 6 7 87
2 18 6 7 87
2 18 6 7 87
2 18 6 7 87
2 18 6 7 87
2 18 6 7 87
2 18 6 7 87
2 18 6 7 87
2 18 6 7 87
2 18 6 7 87
2 18 6 7 87
2 18 6 7 87
2 18 6 7 87
2 18 6 7 87
2 18 6 7 87
2 18 6 7 87
2 18 6 7 87
2 18 7 8 87
2 18 7 8 87
2 18 7 8 87
2 18 7 8 87
2 18 7 8 87
2 18 7 8 87
2 18 7 8 87
2 18 7 8 87
2 18 7 8 87
2 18 7 8 87
2 18 7 8 87
2 18 7 8 87
2 18 7 8 87
2 18 7 8 87
2 18 7 8 87
2 18 7 8 87
2 18 7 8 87
2 18 7 8 87
2 18 7 8 87
2 18 8 9 87
2 18 8 9 87
2 18 8 9 87
2 18 8 9 87
2 18 8 9 87
2 18 8 9 87
2 18 8 9 87
2 18 8 9 87
2 18 9 10 87
2 18 9 10 87
2 18 10 11 87
3 20 1 2 96
3 20 1 2 96
3 20 1 2 96
3 20 2 3 96
3 20 2 3 96
3 20 2 3 96
3 20 2 3 96
3 20 2 3 96
3 20 2 3 96
3 20 2 3 96
3 20 2 3 96
3 20 3 4 96
3 20 3 4 96
3 20 3 4 96
3 20 3 4 96
3 20 3 4 96
3 20 3 4 96
3 20 3 4 96
3 20 3 4 96
3 20 3 4 96
3 20 3 4 96
3 20 3 4 96
3 20 3 4 96
3 20 4 5 96
3 20 4 5 96
3 20 4 5 96
3 20 4 5 96
3 20 4 5 96
3 20 4 5 96
3 20 4 5 96
3 20 4 5 96
3 20 4 5 96
3 20 4 5 96
3 20 4 5 96
3 20 4 5 96
3 20 4 5 96
3 20 4 5 96
3 20 4 5 96
3 20 4 5 96
3 20 4 5 96
3 20 4 5 96
3 20 4 5 96
3 20 4 5 96
3 20 4 5 96
3 20 5 6 96
3 20 5 6 96
3 20 5 6 96
3 20 5 6 96
3 20 5 6 96
3 20 5 6 96
3 20 5 6 96
3 20 5 6 96
3 20 5 6 96
3 20 5 6 96
3 20 5 6 96
3 20 5 6 96
3 20 5 6 96
3 20 5 6 96
3 20 5 6 96
3 20 5 6 96
3 20 5 6 96
3 20 5 6 96
3 20 5 6 96
3 20 5 6 96
3 20 5 6 96
3 20 5 6 96
3 20 5 6 96
3 20 5 6 96
3 20 5 6 96
3 20 5 6 96
3 20 5 6 96
3 20 5 6 96
3 20 5 6 96
3 20 5 6 96
3 20 5 6 96
3 20 5 6 96
3 20 5 6 96
3 20 5 6 96
3 20 6 7 96
3 20 6 7 96
3 20 6 7 96
3 20 6 7 96
3 20 6 7 96
3 20 7 8 96
3 20 7 8 96
3 20 7 8 96
3 20 7 8 96
3 20 8 9 96
3 20 8 9 96
3 20 8 9 96
3 20 10 11 96
4 25 1 1.01 99
4 25 1 2 99
4 25 1 2 99
4 25 1 2 99
4 25 1 2 99
4 25 1 2 99
4 25 1 2 99
4 25 1 2 99
4 25 1 2 99
4 25 1 2 99
4 25 1 2 99
4 25 1 2 99
4 25 1 2 99
4 25 1 2 99
4 25 1 2 99
4 25 1 2 99
4 25 2 3 99
4 25 2 3 99
4 25 2 3 99
4 25 2 3 99
4 25 2 3 99
4 25 2 3 99
4 25 2 3 99
4 25 2 3 99
4 25 2 3 99
4 25 2 3 99
4 25 2 3 99
4 25 2 3 99
4 25 2 3 99
4 25 2 3 99
4 25 2 3 99
4 25 2 3 99
4 25 2 3 99
4 25 2 3 99
4 25 2 3 99
4 25 2 3 99
4 25 2 3 99
4 25 2 3 99
4 25 2 3 99
4 25 2 3 99
4 25 2 3 99
4 25 2 3 99
4 25 3 4 99
4 25 3 4 99
4 25 3 4 99
4 25 3 4 99
4 25 3 4 99
4 25 3 4 99
4 25 3 4 99
4 25 3 4 99
4 25 3 4 99
4 25 3 4 99
4 25 3 4 99
4 25 3 4 99
4 25 3 4 99
4 25 3 4 99
4 25 3 4 99
4 25 3 4 99
4 25 3 4 99
4 25 3 4 99
4 25 3 4 99
4 25 3 4 99
4 25 3 4 99
4 25 3 4 99
4 25 4 5 99
4 25 4 5 99
4 25 4 5 99
4 25 4 5 99
4 25 4 5 99
4 25 4 5 99
4 25 4 5 99
4 25 4 5 99
4 25 4 5 99
4 25 4 5 99
4 25 4 5 99
4 25 4 5 99
4 25 4 5 99
4 25 5 6 99
4 25 5 6 99
4 25 5 6 99
4 25 5 6 99
4 25 5 6 99
4 25 5 6 99
4 25 5 6 99
4 25 5 6 99
4 25 5 6 99
4 25 5 6 99
4 25 6 7 99
4 25 6 7 99
5 28 1 2 86
5 28 1 2 86
5 28 1 2 86
5 28 1 2 86
5 28 1 2 86
5 28 1 2 86
5 28 2 3 86
5 28 2 3 86
5 28 2 3 86
5 28 2 3 86
5 28 3 4 86
5 28 3 4 86
5 28 3 4 86
5 28 4 5 86
5 28 4 5 86
5 28 4 5 86
5 28 4 5 86
5 28 4 5 86
5 28 5 6 86
5 28 5 6 86
5 28 5 6 86
5 28 5 6 86
5 28 5 6 86
5 28 5 6 86
5 28 5 6 86
5 28 5 6 86
5 28 5 6 86
5 28 5 6 86
5 28 6 7 86
5 28 6 7 86
5 28 6 7 86
5 28 6 7 86
5 28 6 7 86
5 28 6 7 86
5 28 6 7 86
5 28 6 7 86
5 28 6 7 86
5 28 6 7 86
5 28 6 7 86
5 28 6 7 86
5 28 7 8 86
5 28 7 8 86
5 28 7 8 86
5 28 7 8 86
5 28 8 9 86
5 28 8 9 86
5 28 8 9 86
5 28 8 9 86
5 28 9 10 86
5 28 9 10 86
5 28 9 10 86
5 28 9 10 86
5 28 9 10 86
5 28 10 11 86
5 28 10 11 86
5 28 10 11 86
5 28 10 11 86
5 28 10 11 86
5 28 11 12 86
5 28 14 15 86
