    Temper             r     Ro      GRR         T    lambda          Dt
2    15.00 -0.0066622067 0.5005 18.22315 103.89166 0.9933599  -104.04168
3    15.05 -0.0065777748 0.5071 18.38187 103.23355 0.9934438  -105.37715
4    15.10 -0.0063668036 0.5197 18.13399 102.79939 0.9936534  -108.86894
5    15.15 -0.0063927502 0.5206 18.20570 102.11150 0.9936276  -108.42707
6    15.20 -0.0060344470 0.5413 17.97096 101.71299 0.9939837  -114.86507
7    15.25 -0.0058121884 0.5558 17.33504 101.05432 0.9942047  -119.25752
8    15.30 -0.0055936505 0.5696 18.91425 100.61782 0.9944220  -123.91678
9    15.35 -0.0046890875 0.6251 18.26926 100.19938 0.9953219  -147.82134
10   15.40 -0.0046970635 0.6265 18.59642  99.55295 0.9953140  -147.57032
11   15.45 -0.0047007164 0.6282 18.32402  98.89912 0.9953103  -147.45565
12   15.50 -0.0043277056 0.6529 19.45493  98.51209 0.9956816  -160.16505
13   15.55 -0.0038705129 0.6841 19.85740  98.08808 0.9961370  -179.08407
14   15.60 -0.0038622970 0.6863 19.30393  97.46543 0.9961452  -179.46501
15   15.65 -0.0034937374 0.7124 20.62619  97.06388 0.9965124  -198.39704
16   15.70 -0.0034855702 0.7145 20.16440  96.44685 0.9965205  -198.86192
17   15.75 -0.0032662850 0.7308 21.10117  96.01595 0.9967390  -212.21271
18   15.80 -0.0029787979 0.7526 21.19910  95.41480 0.9970256  -232.69359
19   15.85 -0.0026051497 0.7807 21.09071  95.02883 0.9973982  -266.06808
20   15.90 -0.0017628557 0.8464 22.51548  94.59834 0.9982387  -393.19565
21   15.95 -0.0017239267 0.8504 21.82332  93.99962 0.9982776  -402.07462
22   16.00 -0.0013485464 0.8814 23.46842  93.61467 0.9986524  -513.99580
23   16.05 -0.0013084195 0.8854 22.88296  93.02503 0.9986924  -529.75914
24   16.10 -0.0008299862 0.9260 23.64375  92.62931 0.9991704  -835.13102
25   16.15 -0.0004594910 0.9585 25.19238  92.24494 0.9995406 -1508.51103
26   16.20 -0.0004191679 0.9623 24.56623  91.67932 0.9995809 -1653.62663
27   16.25 -0.0002202328 0.9801 25.80806  91.27009 0.9997798 -3147.33799
28   16.30 -0.0001688570 0.9848 25.28091  90.70813 0.9998312 -4104.93559
29   16.35  0.0002094320 1.0191 25.78302  90.33906 1.0002095  3309.65345
30   16.40  0.0006813254 1.0632 27.51441  89.94707 1.0006816  1017.35108
31   16.45  0.0007296212 1.0674 27.11394  89.39677 1.0007299   950.00960
32   16.50  0.0018687271 1.1810 26.65533  89.02399 1.0018705   370.91943
33   16.55  0.0020516868 1.1994 26.10832  88.62046 1.0020538   337.84258
34   16.60  0.0021160354 1.2049 26.65323  88.08765 1.0021183   327.56881
35   16.65  0.0023029725 1.2238 26.79449  87.69569 1.0023056   300.97935
36   16.70  0.0025560499 1.2497 26.67716  87.20625 1.0025593   271.17904
37   16.75  0.0030239671 1.3003 28.00478  86.83792 1.0030285   229.21783
38   16.80  0.0031946808 1.3181 27.71046  86.45349 1.0031998   216.96915
39   16.85  0.0032487800 1.3221 27.53039  85.94653 1.0032541   213.35615
40   16.90  0.0036252876 1.3639 28.86010  85.60652 1.0036319   191.19785
41   16.95  0.0037970283 1.3821 28.82959  85.22562 1.0038042   182.54991
42   17.00  0.0038507064 1.3858 27.94216  84.73188 1.0038581   180.00520
43   17.05  0.0043178875 1.4395 29.38229  84.36900 1.0043272   160.52924
44   17.10  0.0046833710 1.4822 30.47519  84.02654 1.0046944   148.00177
45   17.15  0.0047340124 1.4851 29.41887  83.54057 1.0047452   146.41854
46   17.20  0.0058008078 1.6200 31.00035  83.16534 1.0058177   119.49149
47   17.25  0.0059631193 1.6384 32.36092  82.79562 1.0059809   116.23903
48   17.30  0.0063331131 1.6858 32.40002  82.46185 1.0063532   109.44810
49   17.35  0.0063970494 1.6897 31.90861  81.99890 1.0064176   108.35420
50   17.40  0.0068468952 1.7491 32.89574  81.65765 1.0068704   101.23525
51   17.45  0.0069885515 1.7651 34.25703  81.30545 1.0070130    99.18324
52   17.50  0.0072641856 1.7997 33.24953  80.89276 1.0072906    95.41981
53   17.55  0.0073986308 1.8148 33.73469  80.55210 1.0074261    93.68587
54   17.60  0.0075336868 1.8299 35.30091  80.20792 1.0075621    92.00637
55   17.65  0.0076660878 1.8446 35.21579  79.86635 1.0076955    90.41733
56   17.70  0.0079544203 1.8816 33.39290  79.46808 1.0079861    87.13987
57   17.75  0.0083931281 1.9430 33.14008  79.14012 1.0084284    82.58508
58   17.80  0.0085104197 1.9555 34.65995  78.80292 1.0085467    81.44689
59   17.85  0.0085493158 1.9543 33.83586  78.37260 1.0085860    81.07633
60   17.90  0.0086702226 1.9672 33.66790  78.03851 1.0087079    79.94572
61   17.95  0.0101231043 2.1963 34.55993  77.72064 1.0101745    68.47180
62   18.00  0.0102405627 2.2089 34.93504  77.38780 1.0102932    67.68643
63   18.05  0.0103559469 2.2211 36.47547  77.05742 1.0104098    66.93228
64   18.10  0.0107358933 2.2775 36.20806  76.66603 1.0107937    64.56353
65   18.15  0.0110989326 2.3344 36.41671  76.38166 1.0111608    62.45170
66   18.20  0.0111914634 2.3428 35.75395  76.07109 1.0112543    61.93535
67   18.25  0.0112843646 2.3512 37.39187  75.76198 1.0113483    61.42545
68   18.30  0.0113139156 2.3464 36.79332  75.38347 1.0113782    61.26501
69   18.35  0.0114083183 2.3551 36.57059  75.08409 1.0114736    60.75805
70   18.40  0.0117661173 2.4116 36.85442  74.81571 1.0118356    58.91044
71   18.45  0.0118465999 2.4176 38.02843  74.51719 1.0119170    58.51022
72   18.50  0.0122748993 2.4871 38.53482  74.22606 1.0123505    56.46867
73   18.55  0.0122922807 2.4791 38.19530  73.85900 1.0123681    56.38882
74   18.60  0.0123674713 2.4837 37.89752  73.55985 1.0124443    56.04599
75   18.65  0.0127179548 2.5399 38.21123  73.29203 1.0127992    54.50147
76   18.70  0.0127825975 2.5422 39.37507  72.99220 1.0128646    54.22585
77   18.75  0.0127905427 2.5318 39.17845  72.62636 1.0128727    54.19216
78   18.80  0.0141998667 2.7920 39.53839  72.30759 1.0143012    48.81364
79   18.85  0.0142770455 2.7960 41.08732  72.01699 1.0143794    48.54976
80   18.90  0.0146421525 2.8596 39.53198  71.75733 1.0147499    47.33916
81   18.95  0.0150702525 2.9366 39.38090  71.48204 1.0151844    45.99440
82   19.00  0.0151202590 2.9348 39.94523  71.20508 1.0152351    45.84228
83   19.05  0.0151227636 2.9206 39.90532  70.87257 1.0152377    45.83469
84   19.10  0.0151734240 2.9193 40.62131  70.60660 1.0152891    45.68166
85   19.15  0.0155252963 2.9819 39.88346  70.37294 1.0156464    44.64631
86   19.20  0.0155634463 2.9779 40.38757  70.11418 1.0156852    44.53687
87   19.25  0.0155964195 2.9729 40.80326  69.85821 1.0157187    44.44271
88   19.30  0.0155851086 2.9560 41.28124  69.54312 1.0157072    44.47497
89   19.35  0.0160210546 3.0349 40.49699  69.29497 1.0161501    43.26477
90   19.40  0.0160476673 3.0282 40.98574  69.04233 1.0161771    43.19302
91   19.45  0.0163900778 3.0890 40.61935  68.81282 1.0165251    42.29066
92   19.50  0.0164054253 3.0792 41.23202  68.55475 1.0165407    42.25109
93   19.55  0.0164191496 3.0690 42.06361  68.29536 1.0165547    42.21578
94   19.60  0.0163918218 3.0473 41.71462  67.97633 1.0165269    42.28616
95   19.65  0.0164086614 3.0378 42.77154  67.71628 1.0165440    42.24276
96   19.70  0.0164245331 3.0281 43.71877  67.45613 1.0165602    42.20194
97   19.75  0.0184413713 3.4521 42.57277  67.18496 1.0186125    37.58653
98   19.80  0.0188964050 3.5421 43.26023  66.92912 1.0190761    36.68143
99   19.85  0.0189046700 3.5271 43.23563  66.67538 1.0190845    36.66539
100  19.90  0.0189110519 3.5120 42.65983  66.42601 1.0190910    36.65302
101  19.95  0.0189140801 3.4965 44.05018  66.18151 1.0190941    36.64715
102  20.00  0.0188814870 3.4700 42.66907  65.89283 1.0190609    36.71041
103  20.05  0.0192332367 3.5372 43.18747  65.68502 1.0194194    36.03903
104  20.10  0.0192214087 3.5190 43.34401  65.45706 1.0194073    36.06121
105  20.15  0.0192046693 3.5001 42.93628  65.23369 1.0193903    36.09264
106  20.20  0.0191886617 3.4815 42.88031  65.01043 1.0193739    36.12275
107  20.25  0.0191694810 3.4626 43.43756  64.79152 1.0193544    36.15889
108  20.30  0.0196264862 3.5515 43.95000  64.57448 1.0198204    35.31693
109  20.35  0.0199743687 3.6180 44.41936  64.37857 1.0201752    34.70183
110  20.40  0.0199006458 3.5822 44.04378  64.11737 1.0201000    34.83039
111  20.45  0.0198614179 3.5577 43.72612  63.89847 1.0200600    34.89918
112  20.50  0.0198192366 3.5327 42.91739  63.67866 1.0200169    34.97345
113  20.55  0.0197761325 3.5074 43.85649  63.45402 1.0199730    35.04968
114  20.60  0.0197368877 3.4829 43.51606  63.22503 1.0199329    35.11938
115  20.65  0.0196660550 3.4484 42.81547  62.94655 1.0198607    35.24587
116  20.70  0.0200263350 3.5126 43.26639  62.73522 1.0202282    34.61178
117  20.75  0.0199771318 3.4853 43.04952  62.49917 1.0201780    34.69703
118  20.80  0.0199294916 3.4586 43.63108  62.26270 1.0201294    34.77997
119  20.85  0.0225227439 4.0376 43.76582  61.96627 1.0227783    30.77543
120  20.90  0.0224850490 4.0067 43.48715  61.72848 1.0227397    30.82703
121  20.95  0.0224431088 3.9753 43.64070  61.49327 1.0226969    30.88463
122  21.00  0.0224007309 3.9445 45.19902  61.26239 1.0226535    30.94306
123  21.05  0.0227828285 4.0186 44.02943  61.05184 1.0230443    30.42411
124  21.10  0.0226967377 3.9740 44.12250  60.79169 1.0229563    30.53951
125  21.15  0.0226338554 3.9395 45.65721  60.57535 1.0228919    30.62435
126  21.20  0.0225672754 3.9048 45.57074  60.36203 1.0228238    30.71470
127  21.25  0.0224993830 3.8707 46.14481  60.15433 1.0227544    30.80739
128  21.30  0.0224305079 3.8368 45.71698  59.94687 1.0226840    30.90198
129  21.35  0.0223338849 3.7941 45.06111  59.70512 1.0225852    31.03567
130  21.40  0.0233101747 4.0042 43.77069  59.51666 1.0235840    29.73582
131  21.45  0.0232116876 3.9629 43.94926  59.32253 1.0234832    29.86199
132  21.50  0.0231150825 3.9224 45.67713  59.12606 1.0233843    29.98679
133  21.55  0.0230147670 3.8815 45.65941  58.92833 1.0232817    30.11750
134  21.60  0.0229137004 3.8410 45.30750  58.73049 1.0231782    30.25034
135  21.65  0.0227871637 3.7919 44.99328  58.49202 1.0230488    30.41832
136  21.70  0.0226868924 3.7527 44.08848  58.29250 1.0229462    30.55276
137  21.75  0.0225861209 3.7136 44.98283  58.08885 1.0228431    30.68908
138  21.80  0.0229932629 3.7856 45.08504  57.89541 1.0232596    30.14566
139  21.85  0.0228807730 3.7428 44.65841  57.68310 1.0231445    30.29387
140  21.90  0.0227436060 3.6919 43.76868  57.42894 1.0230042    30.47657
141  21.95  0.0226366965 3.6510 43.30546  57.20804 1.0228949    30.62051
142  22.00  0.0231831082 3.7466 44.47053  56.97462 1.0234539    29.89880
143  22.05  0.0230675167 3.7024 44.35163  56.74565 1.0233356    30.04863
144  22.10  0.0229237592 3.6495 43.38957  56.47373 1.0231885    30.23706
145  22.15  0.0228098075 3.6069 42.87498  56.24110 1.0230719    30.38812
146  22.20  0.0261256408 4.3156 43.72427  55.96940 1.0264699    26.53130
147  22.25  0.0260029016 4.2562 43.26124  55.70058 1.0263439    26.65653
148  22.30  0.0259026869 4.2068 42.83952  55.46538 1.0262411    26.75966
149  22.35  0.0257960889 4.1571 42.87503  55.23387 1.0261317    26.87024
150  22.40  0.0256655625 4.0993 41.82430  54.96923 1.0259978    27.00690
151  22.45  0.0255553994 4.0512 41.92131  54.74433 1.0258847    27.12332
152  22.50  0.0254387447 4.0029 41.79330  54.52388 1.0257651    27.24770
153  22.55  0.0253233922 3.9560 41.47721  54.30684 1.0256468    27.37181
154  22.60  0.0251800298 3.9008 41.01336  54.05798 1.0254997    27.52766
155  22.65  0.0264298210 4.1503 41.63498  53.84753 1.0267822    26.22595
156  22.70  0.0262851765 4.0960 41.77484  53.64282 1.0266337    26.37027
157  22.75  0.0261350427 4.0416 41.61143  53.43939 1.0264796    26.52175
158  22.80  0.0259594997 3.9798 40.82710  53.20717 1.0262994    26.70110
159  22.85  0.0258050435 3.9271 40.99129  53.00907 1.0261409    26.86092
160  22.90  0.0256483205 3.8750 40.11651  52.81226 1.0259801    27.02505
161  22.95  0.0254656862 3.8149 39.95276  52.57720 1.0257927    27.21887
162  23.00  0.0253049608 3.7642 39.45884  52.38243 1.0256278    27.39175
163  23.05  0.0251423790 3.7139 39.23251  52.18609 1.0254611    27.56888
164  23.10  0.0249823982 3.6649 39.63909  51.98865 1.0252971    27.74542
165  23.15  0.0254684001 3.7372 39.01395  51.76362 1.0257955    27.21597
166  23.20  0.0252910527 3.6847 38.95502  51.56721 1.0256136    27.40681
167  23.25  0.0251152616 3.6331 38.72815  51.36663 1.0254333    27.59864
168  23.30  0.0249369319 3.5818 39.22308  51.16369 1.0252505    27.79601
169  23.35  0.0256006292 3.6816 38.35574  50.91076 1.0259311    27.07540
170  23.40  0.0254163953 3.6282 38.01386  50.70493 1.0257421    27.27166
171  23.45  0.0252337641 3.5758 37.77003  50.49540 1.0255548    27.46904
172  23.50  0.0250153003 3.5145 37.95290  50.24514 1.0253308    27.70893
173  23.55  0.0248346279 3.4640 38.19307  50.02789 1.0251456    27.91051
174  23.60  0.0246496646 3.4134 39.65798  49.80631 1.0249560    28.11994
175  23.65  0.0244363723 3.3557 39.22766  49.54338 1.0247374    28.36539
176  23.70  0.0250111041 3.4335 36.98737  49.32130 1.0253265    27.71358
177  23.75  0.0248126738 3.3806 38.08032  49.08996 1.0251231    27.93521
178  23.80  0.0245801333 3.3198 39.10783  48.81603 1.0248847    28.19949
179  23.85  0.0243840727 3.2692 37.93334  48.57865 1.0246838    28.42623
180  23.90  0.0241836920 3.2188 37.73068  48.33872 1.0244785    28.66176
181  23.95  0.0281733181 3.8660 38.38805  47.99649 1.0285739    24.60297
182  24.00  0.0279855607 3.8022 37.40044  47.72389 1.0283808    24.76803
183  24.05  0.0278244362 3.7482 37.70964  47.48616 1.0282152    24.91145
184  24.10  0.0276602513 3.6948 36.91930  47.24926 1.0280463    25.05932
185  24.15  0.0274621393 3.6339 36.85871  46.98492 1.0278427    25.24010
186  24.20  0.0283257581 3.7586 37.29291  46.74355 1.0287307    24.47056
187  24.25  0.0281459126 3.7037 37.05000  46.51945 1.0285458    24.62692
188  24.30  0.0288302172 3.8001 35.08243  46.30653 1.0292498    24.04238
189  24.35  0.0285975418 3.7335 35.43721  46.06501 1.0290104    24.23800
190  24.40  0.0283878629 3.6757 36.47225  45.85564 1.0287946    24.41703
191  24.45  0.0281419033 3.6104 35.50131  45.61946 1.0285416    24.63043
192  24.50  0.0279219361 3.5543 35.72354  45.41799 1.0283154    24.82447
193  24.55  0.0276976670 3.4989 35.27813  45.21856 1.0280848    25.02547
194  24.60  0.0274333976 3.4358 34.15435  44.99077 1.0278132    25.26655
195  24.65  0.0272043770 3.3827 34.34320  44.79699 1.0275778    25.47925
196  24.70  0.0269687572 3.3299 33.89300  44.60503 1.0273357    25.70186
197  24.75  0.0266955165 3.2700 32.77711  44.38161 1.0270550    25.96493
198  24.80  0.0264550793 3.2192 33.30990  44.19313 1.0268081    26.20091
199  24.85  0.0262102184 3.1690 32.65072  44.00635 1.0265567    26.44569
200  24.90  0.0259253281 3.1116 31.81991  43.78487 1.0262643    26.73629
201  24.95  0.0266891019 3.2020 31.99502  43.60490 1.0270484    25.97117
202  25.00  0.0264257329 3.1502 32.41772  43.42229 1.0267780    26.23001
203  25.05  0.0261175623 3.0907 31.36178  43.20455 1.0264616    26.53951
204  25.10  0.0270958976 3.2071 31.87401  43.00899 1.0274663    25.58126
205  25.15  0.0268198973 3.1539 32.14653  42.82790 1.0271828    25.84451
206  25.20  0.0265001258 3.0934 31.18722  42.61379 1.0268544    26.15637
207  25.25  0.0262179612 3.0422 30.87031  42.43583 1.0265647    26.43787
208  25.30  0.0259350381 2.9920 30.85099  42.25720 1.0262743    26.72628
209  25.35  0.0255991715 2.9337 30.13280  42.04294 1.0259296    27.07694
210  25.40  0.0253084404 2.8852 29.53443  41.86723 1.0256314    27.38798
211  25.45  0.0250131654 2.8371 29.65479  41.68934 1.0253286    27.71129
212  25.50  0.0246658707 2.7816 28.96032  41.47538 1.0249726    28.10147
213  25.55  0.0243693567 2.7358 28.80745  41.29875 1.0246687    28.44339
214  25.60  0.0240700589 2.6906 28.28062  41.12014 1.0243621    28.79707
215  25.65  0.0237067429 2.6371 28.36464  40.90312 1.0239900    29.23840
216  25.70  0.0246041724 2.7239 28.39712  40.72743 1.0249094    28.17194
217  25.75  0.0242861460 2.6772 27.85808  40.54869 1.0245835    28.54085
218  25.80  0.0239662612 2.6312 28.21039  40.36675 1.0242558    28.92179
219  25.85  0.0235887957 2.5780 27.28941  40.14677 1.0238692    29.38459
220  25.90  0.0232639554 2.5337 26.97501  39.96228 1.0235367    29.79490
221  25.95  0.0229364615 2.4900 27.38463  39.77434 1.0232015    30.22032
222  26.00  0.0225488944 2.4394 27.03247  39.54749 1.0228050    30.73974
223  26.05  0.0222213311 2.3978 28.18200  39.35640 1.0224701    31.19287
224  26.10  0.0218873364 2.3564 28.31102  39.16123 1.0221286    31.66887
225  26.15  0.0214911452 2.3085 27.48775  38.92757 1.0217237    32.25269
226  26.20  0.0226911116 2.4074 25.75803  38.71769 1.0229505    30.54708
227  26.25  0.0223537352 2.3657 25.40471  38.52036 1.0226055    31.00811
228  26.30  0.0219459852 2.3167 25.54586  38.28234 1.0221886    31.58424
229  26.35  0.0216086533 2.2774 26.94689  38.08819 1.0218438    32.07730
230  26.40  0.0283878310 2.9245 26.19795  37.80224 1.0287946    24.41705
231  26.45  0.0281082505 2.8779 25.88185  37.60678 1.0285070    24.65992
232  26.50  0.0278214467 2.8317 25.33940  37.41276 1.0282121    24.91413
233  26.55  0.0274781871 2.7787 25.15508  37.19253 1.0278592    25.22536
234  26.60  0.0271812883 2.7343 24.84519  37.00617 1.0275541    25.50090
235  26.65  0.0283362537 2.8395 25.29809  36.83013 1.0287415    24.46150
236  26.70  0.0279608116 2.7843 24.44711  36.62256 1.0283554    24.78995
237  26.75  0.0276401781 2.7388 24.33262  36.45128 1.0280257    25.07752
238  26.80  0.0273036641 2.6930 24.25269  36.28289 1.0276798    25.38660
239  26.85  0.0269072753 2.6406 23.76635  36.08712 1.0272725    25.76059
240  26.90  0.0265631660 2.5970 22.93019  35.92783 1.0269191    26.09430
241  26.95  0.0262132647 2.5541 23.25150  35.77196 1.0265599    26.44261
242  27.00  0.0258508416 2.5113 23.07285  35.61975 1.0261879    26.81333
243  27.05  0.0254308945 2.4625 22.54740  35.43631 1.0257570    27.25611
244  27.10  0.0250601097 2.4215 22.50851  35.29063 1.0253768    27.65938
245  27.15  0.0246886616 2.3815 22.13309  35.14693 1.0249960    28.07553
246  27.20  0.0242362313 2.3339 21.68156  34.96999 1.0245323    28.59963
247  27.25  0.0238540853 2.2954 21.60739  34.83291 1.0241409    29.05780
248  27.30  0.0234710074 2.2577 22.65215  34.69585 1.0237486    29.53206
249  27.35  0.0230749363 2.2200 22.31241  34.56162 1.0233432    30.03896
250  27.40  0.0226022996 2.1757 21.82426  34.39254 1.0228597    30.66711
251  27.45  0.0222097361 2.1403 21.57280  34.26182 1.0224582    31.20916
252  27.50  0.0218090249 2.1052 21.85700  34.13314 1.0220486    31.78258
253  27.55  0.0233629940 2.2127 20.89056  33.99451 1.0236380    29.66859
254  27.60  0.0228674587 2.1677 19.78632  33.83265 1.0231309    30.31151
255  27.65  0.0224675267 2.1327 19.59713  33.71038 1.0227218    30.85107
256  27.70  0.0220547882 2.0976 20.34260  33.58880 1.0222998    31.42842
257  27.75  0.0216357581 2.0629 21.30001  33.46833 1.0218715    32.03711
258  27.80  0.0211151308 2.0205 20.21713  33.31000 1.0213396    32.82704
259  27.85  0.0225264843 2.1126 19.24493  33.20178 1.0227821    30.77032
260  27.90  0.0221010230 2.0777 18.83487  33.08722 1.0223471    31.36267
261  27.95  0.0216664639 2.0430 18.48792  32.97351 1.0219029    31.99171
262  28.00  0.0212164175 2.0081 18.86960  32.86083 1.0214431    32.67032
