
Call:
survreg(formula = Surv(start, stop, type = "interval2") ~ Group, 
    data = dat, dist = modelo)
              Value Std. Error        z         p
(Intercept)  3.8766     0.0310  125.158  0.00e+00
Group8.01    0.0334     0.0415    0.806  4.20e-01
Group8.02    0.0145     0.0359    0.405  6.85e-01
Group8.03   -0.0158     0.0529   -0.298  7.65e-01
Group8.04    0.0348     0.0364    0.957  3.39e-01
Group8.05    0.0672     0.0364    1.847  6.47e-02
Group8.06    0.0870     0.0354    2.457  1.40e-02
Group8.07    0.0363     0.0392    0.926  3.55e-01
Group8.08    0.1323     0.0339    3.904  9.45e-05
Group8.09    0.1831     0.0368    4.971  6.65e-07
Group10     -0.3446     0.0327  -10.536  5.89e-26
Group10.01  -0.3729     0.0329  -11.350  7.39e-30
Group10.02  -0.3935     0.0318  -12.365  4.04e-35
Group10.03  -0.2958     0.0316   -9.357  8.23e-21
Group10.04  -0.3308     0.0335   -9.875  5.36e-23
Group15     -1.2037     0.0322  -37.385 6.84e-306
Group15.01  -1.3269     0.0330  -40.247  0.00e+00
Group15.02  -1.2569     0.0340  -36.968 3.70e-299
Group15.03  -1.1756     0.0320  -36.684 1.29e-294
Group15.04  -1.2649     0.0347  -36.483 2.05e-291
Group20     -1.9180     0.0315  -60.851  0.00e+00
Group20.01  -1.7914     0.0314  -57.003  0.00e+00
Group20.02  -1.9317     0.0313  -61.776  0.00e+00
Group20.03  -1.8970     0.0313  -60.668  0.00e+00
Group25     -2.4460     0.0327  -74.758  0.00e+00
Group25.01  -2.5282     0.0328  -77.124  0.00e+00
Group25.02  -2.5848     0.0351  -73.566  0.00e+00
Group30     -2.4890     0.0331  -75.240  0.00e+00
Group30.01  -2.4505     0.0340  -72.156  0.00e+00
Group30.02  -2.4268     0.0330  -73.649  0.00e+00
Group30.03  -2.6341     0.0421  -62.584  0.00e+00
Group30.04  -2.5290     0.0371  -68.160  0.00e+00
Group30.05  -2.3352     0.0335  -69.607  0.00e+00
Group30.06  -2.7020     0.0347  -77.923  0.00e+00
Group30.07  -2.5408     0.0334  -76.150  0.00e+00
Group30.08  -2.5337     0.0318  -79.613  0.00e+00
Group32     -2.8495     0.0407  -70.012  0.00e+00
Group32.01  -2.8029     0.0341  -82.181  0.00e+00
Group32.02  -2.6049     0.0326  -79.972  0.00e+00
Group35     -2.7762     0.0355  -78.293  0.00e+00
Group35.01  -3.0258     0.0341  -88.731  0.00e+00
Group35.02  -2.9072     0.0333  -87.225  0.00e+00
Log(scale)  -3.1566     0.0212 -148.872  0.00e+00

Scale= 0.0426 

Log logistic distribution
Loglik(model)= -3300.5   Loglik(intercept only)= -9600
	Chisq= 12598.83 on 41 degrees of freedom, p= 0 
Number of Newton-Raphson Iterations: 8 
n= 3049 


 MODEL CHECKING: DATA DIAGNOSTICS 
        Model      AIC  Deviance    LogLik
1     weibull 8047.349 2324.3691 -4020.675
2   lognormal 6852.124 1129.1441 -3423.062
3 loglogistic 6607.077  884.0966 -3300.538


      Group Tempr  Time.Obs Time.Median. Log.Time DR.1.Time. SE.DR Low.Lim_DR
1       8-1  8.00 47.500000       48.258    3.877      0.021 0.002      0.017
2    8.01-2  8.01 50.500000       49.899    3.910      0.020 0.002      0.015
3    8.02-3  8.02 48.500000       48.965    3.891      0.020 0.002      0.016
4    8.03-4  8.03 47.505000       47.502    3.861      0.021 0.003      0.015
5    8.04-5  8.04 50.000000       49.968    3.911      0.020 0.002      0.016
6    8.05-6  8.05 52.500000       51.611    3.944      0.019 0.002      0.015
7    8.06-7  8.06 53.500000       52.644    3.964      0.019 0.002      0.015
8    8.07-8  8.07 49.500000       50.044    3.913      0.020 0.002      0.016
9    8.08-9  8.08 54.500000       55.085    4.009      0.018 0.002      0.015
10  8.09-10  8.09 57.500000       57.952    4.060      0.017 0.002      0.014
11    10-11 10.00 34.500000       34.192    3.532      0.029 0.003      0.024
12 10.01-12 10.01 33.500000       33.236    3.504      0.030 0.003      0.025
13 10.02-13 10.02 32.500000       32.560    3.483      0.031 0.003      0.025
14 10.03-14 10.03 35.500000       35.902    3.581      0.028 0.003      0.023
15 10.04-15 10.04 34.500000       34.665    3.546      0.029 0.003      0.023
16    15-16 15.00 14.500000       14.482    2.673      0.069 0.006      0.057
17 15.01-17 15.01 12.500000       12.803    2.550      0.078 0.007      0.064
18 15.02-18 15.02 13.500000       13.732    2.620      0.073 0.007      0.059
19 15.03-19 15.03 15.500000       14.894    2.701      0.067 0.006      0.055
20 15.04-20 15.04 14.500000       13.622    2.612      0.073 0.007      0.059
21    20-21 20.00  7.500000        7.089    1.959      0.141 0.013      0.116
22 20.01-22 20.01  8.500000        8.046    2.085      0.124 0.011      0.102
23 20.02-23 20.02  6.500000        6.993    1.945      0.143 0.013      0.118
24 20.03-24 20.03  7.500000        7.239    1.980      0.138 0.012      0.114
25    25-25 25.00  4.500000        4.181    1.431      0.239 0.022      0.195
26 25.01-26 25.01  3.500000        3.851    1.348      0.260 0.024      0.212
27 25.02-27 25.02  3.500000        3.639    1.292      0.275 0.027      0.220
28    30-28 30.00  4.500000        4.005    1.388      0.250 0.024      0.203
29 30.01-29 30.01  4.500000        4.162    1.426      0.240 0.023      0.194
30 30.02-30 30.02  4.500000        4.262    1.450      0.235 0.022      0.191
31 30.03-31 30.03  3.500000        3.464    1.242      0.289 0.035      0.220
32 30.04-32 30.04  3.500000        3.848    1.348      0.260 0.027      0.205
33 30.05-33 30.05  4.500000        4.671    1.541      0.214 0.020      0.174
34 30.06-34 30.06  3.500000        3.237    1.175      0.309 0.031      0.248
35 30.07-35 30.07  3.500000        3.803    1.336      0.263 0.025      0.213
36 30.08-36 30.08  3.500000        3.830    1.343      0.261 0.024      0.214
37    32-37 32.00  2.500000        2.793    1.027      0.358 0.042      0.276
38 32.01-38 32.01  2.750000        2.926    1.074      0.342 0.033      0.276
39 32.02-39 32.02  3.330000        3.567    1.272      0.280 0.026      0.229
40    35-40 35.00  2.880000        3.005    1.100      0.333 0.034      0.266
41 35.01-41 35.01  1.880000        2.341    0.851      0.427 0.041      0.345
42 35.02-42 35.02  2.208333        2.636    0.969      0.379 0.036      0.308
   Up.Lim_DR SE.Time  DF
1      0.024   4.257 109
2      0.025   5.893 109
3      0.025   5.008 109
4      0.027   7.158 109
5      0.024   5.179 109
6      0.023   5.345 109
7      0.023   5.308 109
8      0.024   5.592 109
9      0.022   5.317 109
10     0.021   6.077 109
11     0.035   3.185 109
12     0.036   3.110 109
13     0.036   2.951 109
14     0.033   3.232 109
15     0.034   3.308 109
16     0.082   1.328 109
17     0.093   1.202 109
18     0.087   1.330 109
19     0.079   1.359 109
20     0.088   1.345 109
21     0.166   0.636 109
22     0.146   0.720 109
23     0.168   0.623 109
24     0.163   0.645 109
25     0.283   0.390 109
26     0.308   0.360 109
27     0.329   0.364 109
28     0.296   0.377 109
29     0.286   0.403 109
30     0.278   0.400 109
31     0.357   0.415 109
32     0.314   0.407 109
33     0.255   0.446 109
34     0.369   0.320 109
35     0.312   0.361 109
36     0.308   0.347 109
37     0.440   0.324 109
38     0.408   0.284 109
39     0.332   0.331 109
40     0.399   0.304 109
41     0.509   0.227 109
42     0.451   0.250 109

 *VIF is included as correction factor in SE 


 MODEL CHECKING CONSIDERING TEMPERATURE: SUMMARY 
      Group Tempr  Time.Obs Time.Median. Log.Time DR.1.Time. SE.DR Low.Lim_DR
1       8-1  8.00 47.500000       48.258    3.877      0.021 0.002      0.017
2    8.01-2  8.01 50.500000       49.899    3.910      0.020 0.002      0.015
3    8.02-3  8.02 48.500000       48.965    3.891      0.020 0.002      0.016
4    8.03-4  8.03 47.505000       47.502    3.861      0.021 0.003      0.015
5    8.04-5  8.04 50.000000       49.968    3.911      0.020 0.002      0.016
6    8.05-6  8.05 52.500000       51.611    3.944      0.019 0.002      0.015
7    8.06-7  8.06 53.500000       52.644    3.964      0.019 0.002      0.015
8    8.07-8  8.07 49.500000       50.044    3.913      0.020 0.002      0.016
9    8.08-9  8.08 54.500000       55.085    4.009      0.018 0.002      0.015
10  8.09-10  8.09 57.500000       57.952    4.060      0.017 0.002      0.014
11    10-11 10.00 34.500000       34.192    3.532      0.029 0.003      0.024
12 10.01-12 10.01 33.500000       33.236    3.504      0.030 0.003      0.025
13 10.02-13 10.02 32.500000       32.560    3.483      0.031 0.003      0.025
14 10.03-14 10.03 35.500000       35.902    3.581      0.028 0.003      0.023
15 10.04-15 10.04 34.500000       34.665    3.546      0.029 0.003      0.023
16    15-16 15.00 14.500000       14.482    2.673      0.069 0.006      0.057
17 15.01-17 15.01 12.500000       12.803    2.550      0.078 0.007      0.064
18 15.02-18 15.02 13.500000       13.732    2.620      0.073 0.007      0.059
19 15.03-19 15.03 15.500000       14.894    2.701      0.067 0.006      0.055
20 15.04-20 15.04 14.500000       13.622    2.612      0.073 0.007      0.059
21    20-21 20.00  7.500000        7.089    1.959      0.141 0.013      0.116
22 20.01-22 20.01  8.500000        8.046    2.085      0.124 0.011      0.102
23 20.02-23 20.02  6.500000        6.993    1.945      0.143 0.013      0.118
24 20.03-24 20.03  7.500000        7.239    1.980      0.138 0.012      0.114
25    25-25 25.00  4.500000        4.181    1.431      0.239 0.022      0.195
26 25.01-26 25.01  3.500000        3.851    1.348      0.260 0.024      0.212
27 25.02-27 25.02  3.500000        3.639    1.292      0.275 0.027      0.220
28    30-28 30.00  4.500000        4.005    1.388      0.250 0.024      0.203
29 30.01-29 30.01  4.500000        4.162    1.426      0.240 0.023      0.194
30 30.02-30 30.02  4.500000        4.262    1.450      0.235 0.022      0.191
31 30.03-31 30.03  3.500000        3.464    1.242      0.289 0.035      0.220
32 30.04-32 30.04  3.500000        3.848    1.348      0.260 0.027      0.205
33 30.05-33 30.05  4.500000        4.671    1.541      0.214 0.020      0.174
34 30.06-34 30.06  3.500000        3.237    1.175      0.309 0.031      0.248
35 30.07-35 30.07  3.500000        3.803    1.336      0.263 0.025      0.213
36 30.08-36 30.08  3.500000        3.830    1.343      0.261 0.024      0.214
37    32-37 32.00  2.500000        2.793    1.027      0.358 0.042      0.276
38 32.01-38 32.01  2.750000        2.926    1.074      0.342 0.033      0.276
39 32.02-39 32.02  3.330000        3.567    1.272      0.280 0.026      0.229
40    35-40 35.00  2.880000        3.005    1.100      0.333 0.034      0.266
41 35.01-41 35.01  1.880000        2.341    0.851      0.427 0.041      0.345
42 35.02-42 35.02  2.208333        2.636    0.969      0.379 0.036      0.308
   Up.Lim_DR SE.Time  DF Frequency NBatchs Sex    ScaleU   ScaleErr       Surv
1      0.024   4.257 109         5       1  NA -2.907156 0.03332933 0.04166667
2      0.025   5.893 109         5       1  NA -2.907156 0.03332933 0.06097561
3      0.025   5.008 109        13       1  NA -2.907156 0.03332933 0.12621359
4      0.027   7.158 109         2       1  NA -2.907156 0.03332933 0.08333333
5      0.024   5.179 109        12       1  NA -2.907156 0.03332933 0.10256410
6      0.023   5.345 109        12       1  NA -2.907156 0.03332933 0.11881188
7      0.023   5.308 109        15       1  NA -2.907156 0.03332933 0.15000000
8      0.024   5.592 109         7       1  NA -2.907156 0.03332933 0.07000000
9      0.022   5.317 109        23       1  NA -2.907156 0.03332933 0.25274725
10     0.021   6.077 109        12       1  NA -2.907156 0.03332933 0.18181818
11     0.035   3.185 109        37       1  NA -2.907156 0.03332933 0.86046512
12     0.036   3.110 109        37       1  NA -2.907156 0.03332933 0.82222222
13     0.036   2.951 109        88       1  NA -2.907156 0.03332933 0.83018868
14     0.033   3.232 109       101       1  NA -2.907156 0.03332933 0.84166667
15     0.034   3.308 109        26       1  NA -2.907156 0.03332933 0.61904762
16     0.082   1.328 109        83       1  NA -2.907156 0.03332933 0.88297872
17     0.093   1.202 109        50       1  NA -2.907156 0.03332933 0.92592593
18     0.087   1.330 109        25       1  NA -2.907156 0.03332933 0.80645161
19     0.079   1.359 109        80       1  NA -2.907156 0.03332933 0.72727273
20     0.088   1.345 109        27       1  NA -2.907156 0.03332933 0.71052632
21     0.166   0.636 109       187       1  NA -2.907156 0.03332933 0.97395833
22     0.146   0.720 109       230       1  NA -2.907156 0.03332933 0.94650206
23     0.168   0.623 109       361       1  NA -2.907156 0.03332933 0.94255875
24     0.163   0.645 109       412       1  NA -2.907156 0.03332933 0.93636364
25     0.283   0.390 109        80       1  NA -2.907156 0.03332933 0.88888889
26     0.308   0.360 109        76       1  NA -2.907156 0.03332933 0.91566265
27     0.329   0.364 109        68       1  NA -2.907156 0.03332933 0.94444444
28     0.296   0.377 109        53       1  NA -2.907156 0.03332933 0.86885246
29     0.286   0.403 109        44       1  NA -2.907156 0.03332933 0.81481481
30     0.278   0.400 109        85       1  NA -2.907156 0.03332933 0.85000000
31     0.357   0.415 109        35       1  NA -2.907156 0.03332933 0.81395349
32     0.314   0.407 109        21       1  NA -2.907156 0.03332933 0.77777778
33     0.255   0.446 109        71       1  NA -2.907156 0.03332933 0.73195876
34     0.369   0.320 109        58       1  NA -2.907156 0.03332933 1.00000000
35     0.312   0.361 109        77       1  NA -2.907156 0.03332933 0.80208333
36     0.308   0.347 109       225       1  NA -2.907156 0.03332933 0.82116788
37     0.440   0.324 109        25       1  NA -2.907156 0.03332933 0.73529412
38     0.408   0.284 109        53       1  NA -2.907156 0.03332933 0.76811594
39     0.332   0.331 109        98       1  NA -2.907156 0.03332933 0.81666667
40     0.399   0.304 109        35       1  NA -2.907156 0.03332933 0.29166667
41     0.509   0.227 109        37       1  NA -2.907156 0.03332933 0.30833333
42     0.451   0.250 109        58       1  NA -2.907156 0.03332933 0.48333333
     N
1  120
2   82
3  103
4   24
5  117
6  101
7  100
8  100
9   91
10  66
11  43
12  45
13 106
14 120
15  42
16  94
17  54
18  31
19 110
20  38
21 192
22 243
23 383
24 440
25  90
26  83
27  72
28  61
29  54
30 100
31  43
32  27
33  97
34  58
35  96
36 274
37  34
38  69
39 120
40 120
41 120
42 120

