
Call:
survreg(formula = Surv(start, stop, type = "interval2") ~ Group, 
    data = dat, dist = modelo)
              Value Std. Error       z         p
(Intercept)  3.5254     0.1590  22.173 6.26e-109
Group10.01   0.2721     0.1841   1.478  1.39e-01
Group10.02   0.3755     0.1779   2.111  3.48e-02
Group10.03  -0.0208     0.1994  -0.104  9.17e-01
Group10.04   0.0982     0.1778   0.552  5.81e-01
Group15      0.2339     0.1734   1.349  1.77e-01
Group15.01   0.2339     0.1734   1.349  1.77e-01
Group20      0.0483     0.1711   0.282  7.78e-01
Group20.01   0.0948     0.1680   0.564  5.73e-01
Group25     -0.7597     0.2115  -3.592  3.28e-04
Group25.01  -0.3900     0.1942  -2.008  4.47e-02
Group25.02  -0.3850     0.1844  -2.088  3.68e-02
Group25.03  -0.5803     0.1692  -3.429  6.06e-04
Group30     -1.5487     0.1871  -8.279  1.24e-16
Group30.01  -1.8593     0.3385  -5.493  3.95e-08
Group30.02  -2.0213     0.2039  -9.914  3.63e-23
Group30.03  -1.7581     0.2909  -6.043  1.51e-09
Group32.01  -2.0114     0.3393  -5.928  3.07e-09
Group32.02  -1.7993     0.3382  -5.320  1.04e-07
Log(scale)  -0.8697     0.0406 -21.417 9.26e-102

Scale= 0.419 

Weibull distribution
Loglik(model)= -1518.3   Loglik(intercept only)= -1669
	Chisq= 301.36 on 18 degrees of freedom, p= 0 
Number of Newton-Raphson Iterations: 6 
n= 396 


 MODEL CHECKING: DATA DIAGNOSTICS 
        Model      AIC Deviance    LogLik
1     weibull 3042.600 876.8681 -1518.300
2   lognormal 3142.806 977.0745 -1568.403
3 loglogistic 3103.222 937.4905 -1548.611


      Group Tempr Time.Obs Time.Median. Log.Time DR.1.Time. SE.DR Low.Lim_DR
1      10-1 10.00    19.50       29.131    3.372      0.034 0.011      0.013
2   10.01-2 10.01    21.00       38.240    3.644      0.026 0.009      0.008
3   10.02-3 10.02    49.50       42.407    3.747      0.024 0.008      0.008
4   10.03-4 10.03    24.00       28.532    3.351      0.035 0.014      0.008
5   10.04-5 10.04    30.50       32.136    3.470      0.031 0.011      0.010
6      15-6 15.00    43.00       36.808    3.606      0.027 0.009      0.009
7   15.01-7 15.01    43.00       36.808    3.606      0.027 0.009      0.009
8      20-8 20.00    30.50       30.572    3.420      0.033 0.011      0.011
9   20.01-9 20.01    33.50       32.026    3.467      0.031 0.010      0.011
10    25-10 25.00    16.50       13.627    2.612      0.073 0.030      0.014
11 25.01-11 25.01    22.50       19.723    2.982      0.051 0.019      0.013
12 25.02-12 25.02    20.50       19.823    2.987      0.050 0.018      0.015
13 25.03-13 25.03    13.50       16.305    2.791      0.061 0.020      0.022
14    30-14 30.00     6.00        6.191    1.823      0.162 0.059      0.046
15 30.01-15 30.01     5.00        4.538    1.512      0.220 0.145     -0.065
16 30.02-16 30.02     4.50        3.859    1.350      0.259 0.103      0.057
17 30.03-17 30.03     5.50        5.022    1.614      0.199 0.113     -0.023
18 32.01-18 32.01     4.55        3.898    1.360      0.257 0.169     -0.077
19 32.02-19 32.02     5.50        4.818    1.572      0.208 0.136     -0.061
   Up.Lim_DR SE.Time  DF
1      0.055   9.004 232
2      0.045  13.688 232
3      0.040  14.668 232
4      0.062  11.059 232
5      0.052  11.111 232
6      0.045  12.406 232
7      0.045  12.406 232
8      0.054  10.170 232
9      0.051  10.461 232
10     0.133   5.604 232
11     0.088   7.448 232
12     0.086   7.105 232
13     0.101   5.365 232
14     0.277   2.252 232
15     0.506   2.986 232
16     0.461   1.530 232
17     0.421   2.840 232
18     0.590   2.571 232
19     0.476   3.169 232

 *VIF is included as correction factor in SE 


 MODEL CHECKING CONSIDERING TEMPERATURE: SUMMARY 
      Group Tempr Time.Obs Time.Median. Log.Time DR.1.Time. SE.DR Low.Lim_DR
1      10-1 10.00    19.50       29.131    3.372      0.034 0.011      0.013
2   10.01-2 10.01    21.00       38.240    3.644      0.026 0.009      0.008
3   10.02-3 10.02    49.50       42.407    3.747      0.024 0.008      0.008
4   10.03-4 10.03    24.00       28.532    3.351      0.035 0.014      0.008
5   10.04-5 10.04    30.50       32.136    3.470      0.031 0.011      0.010
6      15-6 15.00    43.00       36.808    3.606      0.027 0.009      0.009
7   15.01-7 15.01    43.00       36.808    3.606      0.027 0.009      0.009
8      20-8 20.00    30.50       30.572    3.420      0.033 0.011      0.011
9   20.01-9 20.01    33.50       32.026    3.467      0.031 0.010      0.011
10    25-10 25.00    16.50       13.627    2.612      0.073 0.030      0.014
11 25.01-11 25.01    22.50       19.723    2.982      0.051 0.019      0.013
12 25.02-12 25.02    20.50       19.823    2.987      0.050 0.018      0.015
13 25.03-13 25.03    13.50       16.305    2.791      0.061 0.020      0.022
14    30-14 30.00     6.00        6.191    1.823      0.162 0.059      0.046
15 30.01-15 30.01     5.00        4.538    1.512      0.220 0.145     -0.065
16 30.02-16 30.02     4.50        3.859    1.350      0.259 0.103      0.057
17 30.03-17 30.03     5.50        5.022    1.614      0.199 0.113     -0.023
18 32.01-18 32.01     4.55        3.898    1.360      0.257 0.169     -0.077
19 32.02-19 32.02     5.50        4.818    1.572      0.208 0.136     -0.061
   Up.Lim_DR SE.Time  DF Frequency NBatchs Sex    ScaleU  ScaleErr Surv  N
1      0.055   9.004 232         7       1  NA -1.799335 0.3382464    1  7
2      0.045  13.688 232        20       1  NA -1.799335 0.3382464    1 20
3      0.040  14.668 232        27       1  NA -1.799335 0.3382464    1 27
4      0.062  11.059 232        12       1  NA -1.799335 0.3382464    1 12
5      0.052  11.111 232        27       1  NA -1.799335 0.3382464    1 27
6      0.045  12.406 232        36       1  NA -1.799335 0.3382464    1 36
7      0.045  12.406 232        36       1  NA -1.799335 0.3382464    1 36
8      0.054  10.170 232        43       1  NA -1.799335 0.3382464    1 43
9      0.051  10.461 232        57       1  NA -1.799335 0.3382464    1 57
10     0.133   5.604 232         9       1  NA -1.799335 0.3382464    1  9
11     0.088   7.448 232        14       1  NA -1.799335 0.3382464    1 14
12     0.086   7.105 232        20       1  NA -1.799335 0.3382464    1 20
13     0.101   5.365 232        50       1  NA -1.799335 0.3382464    1 50
14     0.277   2.252 232        18       1  NA -1.799335 0.3382464    1 18
15     0.506   2.986 232         2       1  NA -1.799335 0.3382464    1  2
16     0.461   1.530 232        11       1  NA -1.799335 0.3382464    1 11
17     0.421   2.840 232         3       1  NA -1.799335 0.3382464    1  3
18     0.590   2.571 232         2       1  NA -1.799335 0.3382464    1  2
19     0.476   3.169 232         2       1  NA -1.799335 0.3382464    1  2

