
Call:
survreg(formula = Surv(start, stop, type = "interval2") ~ Group, 
    data = dat, dist = modelo)
              Value Std. Error       z         p
(Intercept)  4.4056     0.0115  381.92  0.00e+00
Group10.01  -0.1871     0.0147  -12.69  6.79e-37
Group10.02  -0.0921     0.0148   -6.22  5.12e-10
Group10.03  -0.1150     0.0155   -7.44  9.88e-14
Group10.04  -0.1448     0.0139  -10.44  1.69e-25
Group15     -0.8234     0.0137  -60.02  0.00e+00
Group15.01  -0.8234     0.0137  -60.02  0.00e+00
Group20     -1.6369     0.0137 -119.32  0.00e+00
Group20.01  -1.5656     0.0145 -108.11  0.00e+00
Group25     -2.0828     0.0228  -91.49  0.00e+00
Group25.01  -1.9564     0.0169 -115.49  0.00e+00
Group25.02  -1.8847     0.0142 -132.92  0.00e+00
Group25.03  -2.0837     0.0137 -152.28  0.00e+00
Group30     -2.0755     0.0175 -118.90  0.00e+00
Group30.01  -2.1311     0.0253  -84.32  0.00e+00
Group30.02  -2.0956     0.0182 -114.90  0.00e+00
Group30.03  -2.2718     0.0252  -90.26  0.00e+00
Group32     -2.1746     0.0589  -36.93 1.40e-298
Group32.01  -2.1522     0.0450  -47.86  0.00e+00
Group32.02  -1.9652     0.0321  -61.30  0.00e+00
Log(scale)  -3.0918     0.0264 -117.32  0.00e+00

Scale= 0.0454 

Log logistic distribution
Loglik(model)= -2502.8   Loglik(intercept only)= -5155.5
	Chisq= 5305.38 on 19 degrees of freedom, p= 0 
Number of Newton-Raphson Iterations: 10 
n= 1149 


 MODEL CHECKING: DATA DIAGNOSTICS 
        Model      AIC Deviance    LogLik
1     weibull 5701.619 1929.028 -2847.810
2   lognormal 5171.910 1399.319 -2582.955
3 loglogistic 5011.595 1239.004 -2502.798


      Group Tempr Time.Obs Time.Median. Log.Time DR.1.Time. SE.DR Low.Lim_DR
1      10-1 10.00     79.5       81.909    4.406      0.012 0.000      0.011
2   10.01-2 10.01     68.5       67.929    4.218      0.015 0.001      0.013
3   10.02-3 10.02     73.5       74.700    4.313      0.013 0.001      0.012
4   10.03-4 10.03     72.5       73.008    4.291      0.014 0.001      0.012
5   10.04-5 10.04     70.5       70.865    4.261      0.014 0.001      0.013
6      15-6 15.00     35.5       35.954    3.582      0.028 0.001      0.026
7   15.01-7 15.01     35.5       35.954    3.582      0.028 0.001      0.026
8      20-8 20.00     15.5       15.938    2.769      0.063 0.003      0.058
9   20.01-9 20.01     16.5       17.116    2.840      0.058 0.003      0.053
10    25-10 25.00      9.5       10.204    2.323      0.098 0.007      0.084
11 25.01-11 25.01     11.5       11.580    2.449      0.086 0.004      0.077
12 25.02-12 25.02     12.5       12.440    2.521      0.080 0.003      0.073
13 25.03-13 25.03     10.5       10.196    2.322      0.098 0.004      0.090
14    30-14 30.00     10.5       10.279    2.330      0.097 0.005      0.087
15 30.01-15 30.01      9.5        9.723    2.275      0.103 0.008      0.087
16 30.02-16 30.02     10.5       10.074    2.310      0.099 0.006      0.088
17 30.03-17 30.03      8.5        8.447    2.134      0.118 0.009      0.100
18    32-18 32.00      9.5        9.310    2.231      0.107 0.019      0.069
19 32.01-19 32.01      9.5        9.520    2.253      0.105 0.014      0.076
20 32.02-20 32.02     11.5       11.478    2.440      0.087 0.009      0.070
   Up.Lim_DR SE.Time  DF
1      0.013   2.895 132
2      0.016   3.069 132
3      0.015   3.392 132
4      0.015   3.458 132
5      0.015   3.013 132
6      0.030   1.511 132
7      0.030   1.511 132
8      0.068   0.670 132
9      0.064   0.759 132
10     0.112   0.712 132
11     0.095   0.601 132
12     0.087   0.540 132
13     0.106   0.427 132
14     0.108   0.550 132
15     0.119   0.753 132
16     0.110   0.563 132
17     0.136   0.651 132
18     0.146   1.679 132
19     0.134   1.312 132
20     0.104   1.127 132

 *VIF is included as correction factor in SE 


 MODEL CHECKING CONSIDERING TEMPERATURE: SUMMARY 
      Group Tempr Time.Obs Time.Median. Log.Time DR.1.Time. SE.DR Low.Lim_DR
1      10-1 10.00     79.5       81.909    4.406      0.012 0.000      0.011
2   10.01-2 10.01     68.5       67.929    4.218      0.015 0.001      0.013
3   10.02-3 10.02     73.5       74.700    4.313      0.013 0.001      0.012
4   10.03-4 10.03     72.5       73.008    4.291      0.014 0.001      0.012
5   10.04-5 10.04     70.5       70.865    4.261      0.014 0.001      0.013
6      15-6 15.00     35.5       35.954    3.582      0.028 0.001      0.026
7   15.01-7 15.01     35.5       35.954    3.582      0.028 0.001      0.026
8      20-8 20.00     15.5       15.938    2.769      0.063 0.003      0.058
9   20.01-9 20.01     16.5       17.116    2.840      0.058 0.003      0.053
10    25-10 25.00      9.5       10.204    2.323      0.098 0.007      0.084
11 25.01-11 25.01     11.5       11.580    2.449      0.086 0.004      0.077
12 25.02-12 25.02     12.5       12.440    2.521      0.080 0.003      0.073
13 25.03-13 25.03     10.5       10.196    2.322      0.098 0.004      0.090
14    30-14 30.00     10.5       10.279    2.330      0.097 0.005      0.087
15 30.01-15 30.01      9.5        9.723    2.275      0.103 0.008      0.087
16 30.02-16 30.02     10.5       10.074    2.310      0.099 0.006      0.088
17 30.03-17 30.03      8.5        8.447    2.134      0.118 0.009      0.100
18    32-18 32.00      9.5        9.310    2.231      0.107 0.019      0.069
19 32.01-19 32.01      9.5        9.520    2.253      0.105 0.014      0.076
20 32.02-20 32.02     11.5       11.478    2.440      0.087 0.009      0.070
   Up.Lim_DR SE.Time  DF Frequency NBatchs Sex    ScaleU   ScaleErr       Surv
1      0.013   2.895 132        42       1  NA -1.965208 0.03205762 0.53164557
2      0.016   3.069 132        73       1  NA -1.965208 0.03205762 0.82022472
3      0.015   3.392 132        79       1  NA -1.965208 0.03205762 0.58955224
4      0.015   3.458 132        50       1  NA -1.965208 0.03205762 0.47619048
5      0.015   3.013 132        96       1  NA -1.965208 0.03205762 0.82051282
6      0.030   1.511 132        90       1  NA -1.965208 0.03205762 0.75630252
7      0.030   1.511 132        90       1  NA -1.965208 0.03205762 0.75630252
8      0.068   0.670 132       110       1  NA -1.965208 0.03205762 0.92436975
9      0.064   0.759 132       101       1  NA -1.965208 0.03205762 0.87068966
10     0.112   0.712 132        34       1  NA -1.965208 0.03205762 0.72340426
11     0.095   0.601 132        38       1  NA -1.965208 0.03205762 0.88372093
12     0.087   0.540 132        81       1  NA -1.965208 0.03205762 0.74311927
13     0.106   0.427 132       134       1  NA -1.965208 0.03205762 0.89932886
14     0.108   0.550 132        46       1  NA -1.965208 0.03205762 0.52272727
15     0.119   0.753 132        12       1  NA -1.965208 0.03205762 0.25531915
16     0.110   0.563 132        40       1  NA -1.965208 0.03205762 0.33333333
17     0.136   0.651 132        18       1  NA -1.965208 0.03205762 0.18181818
18     0.146   1.679 132         4       1  NA -1.965208 0.03205762 0.16666667
19     0.134   1.312 132         3       1  NA -1.965208 0.03205762 0.05660377
20     0.104   1.127 132         8       1  NA -1.965208 0.03205762 0.07692308
     N
1   79
2   89
3  134
4  105
5  117
6  119
7  119
8  119
9  116
10  47
11  43
12 109
13 149
14  88
15  47
16 120
17  99
18  24
19  53
20 104

