
Call:
survreg(formula = Surv(start, stop, type = "interval2") ~ Group, 
    data = dat, dist = modelo)
              Value Std. Error        z        p
(Intercept)  3.4411     0.2314  14.8736 4.89e-50
Group10.01   0.1282     0.2471   0.5189 6.04e-01
Group10.02   0.1577     0.2492   0.6330 5.27e-01
Group10.03   0.1414     0.2614   0.5409 5.89e-01
Group10.04  -0.0388     0.2447  -0.1586 8.74e-01
Group15     -0.0693     0.2458  -0.2819 7.78e-01
Group15.01  -0.0693     0.2458  -0.2819 7.78e-01
Group20      0.0792     0.2388   0.3315 7.40e-01
Group20.01   0.0219     0.2427   0.0902 9.28e-01
Group25     -0.7449     0.2530  -2.9447 3.23e-03
Group25.01  -0.5709     0.2528  -2.2587 2.39e-02
Group25.02  -0.4958     0.2418  -2.0504 4.03e-02
Group25.03  -0.7829     0.2383  -3.2852 1.02e-03
Group30     -1.8019     0.2738  -6.5806 4.69e-11
Group30.01  -2.0480     0.3285  -6.2339 4.55e-10
Group30.02  -1.9435     0.2546  -7.6331 2.29e-14
Group30.03  -1.7186     0.4013  -4.2823 1.85e-05
Group32     -2.6315     0.3606  -7.2965 2.95e-13
Group32.02  -2.9825     0.3663  -8.1429 3.86e-16
Log(scale)  -0.7744     0.0378 -20.4827 3.07e-93

Scale= 0.461 

Weibull distribution
Loglik(model)= -1597.5   Loglik(intercept only)= -1756.1
	Chisq= 317.28 on 18 degrees of freedom, p= 0 
Number of Newton-Raphson Iterations: 6 
n= 441 


 MODEL CHECKING: DATA DIAGNOSTICS 
        Model      AIC Deviance    LogLik
1     weibull 3200.981 834.1733 -1597.490
2   lognormal 3279.249 912.4417 -1636.625
3 loglogistic 3242.914 876.1062 -1618.457


      Group Tempr Time.Obs Time.Median. Log.Time DR.1.Time. SE.DR Low.Lim_DR
1      10-1 10.00   11.500       26.368    3.272      0.038 0.016      0.006
2   10.01-2 10.01   16.500       29.975    3.400      0.033 0.015      0.003
3   10.02-3 10.02   25.000       30.873    3.430      0.032 0.015      0.003
4   10.03-4 10.03   21.500       30.373    3.414      0.033 0.016      0.002
5   10.04-5 10.04   22.500       25.365    3.233      0.039 0.018      0.004
6      15-6 15.00   24.000       24.603    3.203      0.041 0.018      0.004
7   15.01-7 15.01   24.000       24.603    3.203      0.041 0.018      0.004
8      20-8 20.00   31.500       28.541    3.351      0.035 0.015      0.005
9   20.01-9 20.01   29.500       26.952    3.294      0.037 0.017      0.004
10    25-10 25.00   13.500       12.519    2.527      0.080 0.037      0.006
11 25.01-11 25.01   14.000       14.898    2.701      0.067 0.031      0.005
12 25.02-12 25.02   20.500       16.060    2.776      0.062 0.028      0.007
13 25.03-13 25.03   13.500       12.052    2.489      0.083 0.037      0.011
14    30-14 30.00    5.500        4.350    1.470      0.230 0.116      0.001
15 30.01-15 30.01    4.000        3.401    1.224      0.294 0.179     -0.058
16 30.02-16 30.02    4.500        3.776    1.329      0.265 0.125      0.019
17 30.03-17 30.03    5.500        4.728    1.554      0.211 0.157     -0.098
18    32-18 32.00    2.500        1.898    0.641      0.527 0.351     -0.165
19 32.02-19 32.02    1.005        1.336    0.290      0.748 0.507     -0.250
   Up.Lim_DR SE.Time  DF
1      0.070  11.280 244
2      0.063  13.693 244
3      0.062  14.223 244
4      0.064  14.681 244
5      0.075  11.474 244
6      0.077  11.181 244
7      0.077  11.181 244
8      0.066  12.604 244
9      0.070  12.092 244
10     0.153   5.856 244
11     0.129   6.963 244
12     0.117   7.181 244
13     0.155   5.311 244
14     0.459   2.203 244
15     0.646   2.066 244
16     0.510   1.778 244
17     0.521   3.509 244
18     1.219   1.266 244
19     1.747   0.905 244

 *VIF is included as correction factor in SE 


 MODEL CHECKING CONSIDERING TEMPERATURE: SUMMARY 
      Group Tempr Time.Obs Time.Median. Log.Time DR.1.Time. SE.DR Low.Lim_DR
1      10-1 10.00   11.500       26.368    3.272      0.038 0.016      0.006
2   10.01-2 10.01   16.500       29.975    3.400      0.033 0.015      0.003
3   10.02-3 10.02   25.000       30.873    3.430      0.032 0.015      0.003
4   10.03-4 10.03   21.500       30.373    3.414      0.033 0.016      0.002
5   10.04-5 10.04   22.500       25.365    3.233      0.039 0.018      0.004
6      15-6 15.00   24.000       24.603    3.203      0.041 0.018      0.004
7   15.01-7 15.01   24.000       24.603    3.203      0.041 0.018      0.004
8      20-8 20.00   31.500       28.541    3.351      0.035 0.015      0.005
9   20.01-9 20.01   29.500       26.952    3.294      0.037 0.017      0.004
10    25-10 25.00   13.500       12.519    2.527      0.080 0.037      0.006
11 25.01-11 25.01   14.000       14.898    2.701      0.067 0.031      0.005
12 25.02-12 25.02   20.500       16.060    2.776      0.062 0.028      0.007
13 25.03-13 25.03   13.500       12.052    2.489      0.083 0.037      0.011
14    30-14 30.00    5.500        4.350    1.470      0.230 0.116      0.001
15 30.01-15 30.01    4.000        3.401    1.224      0.294 0.179     -0.058
16 30.02-16 30.02    4.500        3.776    1.329      0.265 0.125      0.019
17 30.03-17 30.03    5.500        4.728    1.554      0.211 0.157     -0.098
18    32-18 32.00    2.500        1.898    0.641      0.527 0.351     -0.165
19 32.02-19 32.02    1.005        1.336    0.290      0.748 0.507     -0.250
   Up.Lim_DR SE.Time  DF Frequency NBatchs Sex    ScaleU  ScaleErr Surv  N
1      0.070  11.280 244         4       1  NA -2.982474 0.3662671 1.00  4
2      0.063  13.693 244        27       1  NA -2.982474 0.3662671 1.00 27
3      0.062  14.223 244        24       1  NA -2.982474 0.3662671 1.00 24
4      0.064  14.681 244        14       1  NA -2.982474 0.3662671 1.00 14
5      0.075  11.474 244        32       1  NA -2.982474 0.3662671 1.00 32
6      0.077  11.181 244        30       1  NA -2.982474 0.3662671 1.00 30
7      0.077  11.181 244        30       1  NA -2.982474 0.3662671 1.00 30
8      0.066  12.604 244        58       1  NA -2.982474 0.3662671 1.00 58
9      0.070  12.092 244        38       1  NA -2.982474 0.3662671 1.00 38
10     0.153   5.856 244        20       1  NA -2.982474 0.3662671 1.00 20
11     0.129   6.963 244        20       1  NA -2.982474 0.3662671 1.00 20
12     0.117   7.181 244        42       1  NA -2.982474 0.3662671 1.00 42
13     0.155   5.311 244        61       1  NA -2.982474 0.3662671 1.00 61
14     0.459   2.203 244        10       1  NA -2.982474 0.3662671 1.00 10
15     0.646   2.066 244         4       1  NA -2.982474 0.3662671 1.00  4
16     0.510   1.778 244        19       1  NA -2.982474 0.3662671 1.00 19
17     0.521   3.509 244         2       1  NA -2.982474 0.3662671 1.00  2
18     1.219   1.266 244         3       1  NA -2.982474 0.3662671 0.75  4
19     1.747   0.905 244         3       1  NA -2.982474 0.3662671 1.00  3

