
Call:
survreg(formula = Surv(start, stop, type = "interval2") ~ Group, 
    data = dat, dist = modelo)
              Value Std. Error      z         p
(Intercept)  4.1801     0.0417 100.13  0.00e+00
Group10.01  -0.0656     0.0467  -1.40  1.60e-01
Group10.02  -0.4414     0.0467  -9.45  3.25e-21
Group10.03  -0.1699     0.0502  -3.38  7.13e-04
Group10.04  -0.1520     0.0457  -3.32  8.87e-04
Group15     -1.1316     0.0457 -24.78 1.51e-135
Group15.01  -1.1316     0.0457 -24.78 1.51e-135
Group20     -1.8706     0.0442 -42.30  0.00e+00
Group20.01  -1.7790     0.0444 -40.09  0.00e+00
Group25     -2.2534     0.0507 -44.44  0.00e+00
Group25.01  -2.3079     0.0493 -46.78  0.00e+00
Group25.02  -2.3894     0.0472 -50.66  0.00e+00
Group25.03  -2.0650     0.0447 -46.22  0.00e+00
Group30     -2.7475     0.0696 -39.48  0.00e+00
Group30.01  -2.6433     0.1078 -24.52 9.52e-133
Group30.02  -2.5428     0.0513 -49.58  0.00e+00
Group30.03  -2.6837     0.0854 -31.44 5.59e-217
Group32     -2.6710     0.1145 -23.33 2.09e-120
Group32.01  -2.4704     0.1090 -22.67 9.25e-114
Group32.02  -2.5639     0.1047 -24.48 2.28e-132
Log(scale)  -2.4203     0.0307 -78.83  0.00e+00

Scale= 0.0889 

Log logistic distribution
Loglik(model)= -1907.7   Loglik(intercept only)= -3311.1
	Chisq= 2806.78 on 19 degrees of freedom, p= 0 
Number of Newton-Raphson Iterations: 7 
n= 836 


 MODEL CHECKING: DATA DIAGNOSTICS 
        Model      AIC Deviance    LogLik
1     weibull 3835.834 777.7143 -1914.917
2   lognormal 3891.813 833.6927 -1942.906
3 loglogistic 3821.328 763.2080 -1907.664


      Group Tempr Time.Obs Time.Median. Log.Time DR.1.Time. SE.DR Low.Lim_DR
1      10-1 10.00    66.50       65.371    4.180      0.015 0.001      0.012
2   10.01-2 10.01    61.50       61.217    4.114      0.016 0.002      0.013
3   10.02-3 10.02    41.50       42.041    3.739      0.024 0.003      0.019
4   10.03-4 10.03    56.00       55.159    4.010      0.018 0.002      0.014
5   10.04-5 10.04    55.50       56.153    4.028      0.018 0.002      0.014
6      15-6 15.00    20.50       21.084    3.049      0.047 0.005      0.038
7   15.01-7 15.01    20.50       21.084    3.049      0.047 0.005      0.038
8      20-8 20.00    10.50       10.069    2.309      0.099 0.010      0.080
9   20.01-9 20.01    10.50       11.035    2.401      0.091 0.009      0.073
10    25-10 25.00     6.50        6.867    1.927      0.146 0.017      0.113
11 25.01-11 25.01     6.50        6.502    1.872      0.154 0.017      0.120
12 25.02-12 25.02     6.50        5.993    1.791      0.167 0.018      0.132
13 25.03-13 25.03     8.50        8.290    2.115      0.121 0.012      0.097
14    30-14 30.00     4.00        4.189    1.433      0.239 0.038      0.164
15 30.01-15 30.01     4.50        4.650    1.537      0.215 0.052      0.111
16 30.02-16 30.02     5.50        5.141    1.637      0.195 0.023      0.150
17 30.03-17 30.03     4.50        4.465    1.496      0.224 0.043      0.138
18    32-18 32.00     4.55        4.523    1.509      0.221 0.057      0.108
19 32.01-19 32.01     5.55        5.527    1.710      0.181 0.045      0.093
20 32.02-20 32.02     4.50        5.034    1.616      0.199 0.047      0.106
   Up.Lim_DR SE.Time  DF
1      0.018   6.177 149
2      0.020   6.475 149
3      0.029   4.443 149
4      0.022   6.265 149
5      0.021   5.811 149
6      0.057   2.179 149
7      0.057   2.179 149
8      0.119   1.008 149
9      0.109   1.108 149
10     0.179   0.788 149
11     0.188   0.726 149
12     0.202   0.640 149
13     0.145   0.838 149
14     0.313   0.660 149
15     0.319   1.135 149
16     0.239   0.597 149
17     0.309   0.863 149
18     0.334   1.172 149
19     0.269   1.363 149
20     0.292   1.193 149

 *VIF is included as correction factor in SE 


 MODEL CHECKING CONSIDERING TEMPERATURE: SUMMARY 
      Group Tempr Time.Obs Time.Median. Log.Time DR.1.Time. SE.DR Low.Lim_DR
1      10-1 10.00    66.50       65.371    4.180      0.015 0.001      0.012
2   10.01-2 10.01    61.50       61.217    4.114      0.016 0.002      0.013
3   10.02-3 10.02    41.50       42.041    3.739      0.024 0.003      0.019
4   10.03-4 10.03    56.00       55.159    4.010      0.018 0.002      0.014
5   10.04-5 10.04    55.50       56.153    4.028      0.018 0.002      0.014
6      15-6 15.00    20.50       21.084    3.049      0.047 0.005      0.038
7   15.01-7 15.01    20.50       21.084    3.049      0.047 0.005      0.038
8      20-8 20.00    10.50       10.069    2.309      0.099 0.010      0.080
9   20.01-9 20.01    10.50       11.035    2.401      0.091 0.009      0.073
10    25-10 25.00     6.50        6.867    1.927      0.146 0.017      0.113
11 25.01-11 25.01     6.50        6.502    1.872      0.154 0.017      0.120
12 25.02-12 25.02     6.50        5.993    1.791      0.167 0.018      0.132
13 25.03-13 25.03     8.50        8.290    2.115      0.121 0.012      0.097
14    30-14 30.00     4.00        4.189    1.433      0.239 0.038      0.164
15 30.01-15 30.01     4.50        4.650    1.537      0.215 0.052      0.111
16 30.02-16 30.02     5.50        5.141    1.637      0.195 0.023      0.150
17 30.03-17 30.03     4.50        4.465    1.496      0.224 0.043      0.138
18    32-18 32.00     4.55        4.523    1.509      0.221 0.057      0.108
19 32.01-19 32.01     5.55        5.527    1.710      0.181 0.045      0.093
20 32.02-20 32.02     4.50        5.034    1.616      0.199 0.047      0.106
   Up.Lim_DR SE.Time  DF Frequency NBatchs Sex    ScaleU ScaleErr      Surv   N
1      0.018   6.177 149        11       1  NA -2.563883 0.104724 0.2619048  42
2      0.020   6.475 149        47       1  NA -2.563883 0.104724 0.6438356  73
3      0.029   4.443 149        51       1  NA -2.563883 0.104724 0.6455696  79
4      0.022   6.265 149        26       1  NA -2.563883 0.104724 0.5200000  50
5      0.021   5.811 149        59       1  NA -2.563883 0.104724 0.6145833  96
6      0.057   2.179 149        66       1  NA -2.563883 0.104724 0.7333333  90
7      0.057   2.179 149        66       1  NA -2.563883 0.104724 0.7333333  90
8      0.119   1.008 149       101       1  NA -2.563883 0.104724 0.9181818 110
9      0.109   1.108 149        95       1  NA -2.563883 0.104724 0.9405941 101
10     0.179   0.788 149        29       1  NA -2.563883 0.104724 0.8529412  34
11     0.188   0.726 149        34       1  NA -2.563883 0.104724 0.8947368  38
12     0.202   0.640 149        62       1  NA -2.563883 0.104724 0.7654321  81
13     0.145   0.838 149       111       1  NA -2.563883 0.104724 0.8283582 134
14     0.313   0.660 149        28       1  NA -2.563883 0.104724 0.6086957  46
15     0.319   1.135 149         6       1  NA -2.563883 0.104724 0.5000000  12
16     0.239   0.597 149        30       1  NA -2.563883 0.104724 0.7500000  40
17     0.309   0.863 149         5       1  NA -2.563883 0.104724 0.2777778  18
18     0.334   1.172 149         2       1  NA -2.563883 0.104724 0.5000000   4
19     0.269   1.363 149         2       1  NA -2.563883 0.104724 0.3333333   6
20     0.292   1.193 149         5       1  NA -2.563883 0.104724 0.6250000   8

