
Call:
survreg(formula = Surv(start, stop, type = "interval2") ~ Group, 
    data = dat, dist = modelo)
            Value Std. Error    z p
(Intercept)  3.55    0.00195 1827 0
Group15     -0.79    0.00423 -187 0
Group16.1   -1.10    0.00303 -364 0
Group20.3   -1.53    0.00317 -481 0
Group23     -1.80    0.00345 -522 0
Group24     -1.94    0.00390 -498 0
Group26.1   -2.11    0.00428 -493 0
Group26.7   -2.03    0.00694 -293 0
Group31     -2.41    0.00312 -773 0
Log(scale)  -3.43    0.01596 -215 0

Scale= 0.0324 

Log logistic distribution
Loglik(model)= -5275.5   Loglik(intercept only)= -18783.3
	Chisq= 27015.46 on 8 degrees of freedom, p= 0 
Number of Newton-Raphson Iterations: 11 
n= 5974 


 MODEL CHECKING: DATA DIAGNOSTICS 
        Model      AIC  Deviance    LogLik
1     weibull 11399.73 1394.3598 -5696.867
2   lognormal 10714.45  709.0784 -5354.226
3 loglogistic 10557.04  551.6686 -5275.522


   Group Tempr Time.Obs Time.Median. Log.Time DR.1.Time. SE.DR Low.Lim_DR
1 10.6-1  10.6     35.5       34.987    3.555      0.029 0.000      0.028
2   15-2  15.0     15.5       15.872    2.765      0.063 0.001      0.060
3 16.1-3  16.1     11.5       11.615    2.452      0.086 0.001      0.084
4 20.3-4  20.3      7.5        7.611    2.030      0.131 0.002      0.127
5   23-5  23.0      5.5        5.785    1.755      0.173 0.003      0.167
6   24-6  24.0      5.5        5.013    1.612      0.199 0.004      0.192
7 26.1-7  26.1      4.5        4.243    1.445      0.236 0.005      0.226
8 26.7-8  26.7      4.5        4.573    1.520      0.219 0.007      0.204
9   31-9  31.0      3.5        3.142    1.145      0.318 0.005      0.309
  Up.Lim_DR SE.Time DF
1     0.029   0.314 26
2     0.066   0.309 26
3     0.089   0.162 26
4     0.135   0.111 26
5     0.179   0.092 26
6     0.207   0.090 26
7     0.245   0.084 26
8     0.233   0.146 26
9     0.328   0.045 26

 *VIF is included as correction factor in SE 


 MODEL CHECKING CONSIDERING TEMPERATURE: SUMMARY 
   Group Tempr Time.Obs Time.Median. Log.Time DR.1.Time. SE.DR Low.Lim_DR
1 10.6-1  10.6     35.5       34.987    3.555      0.029 0.000      0.028
2   15-2  15.0     15.5       15.872    2.765      0.063 0.001      0.060
3 16.1-3  16.1     11.5       11.615    2.452      0.086 0.001      0.084
4 20.3-4  20.3      7.5        7.611    2.030      0.131 0.002      0.127
5   23-5  23.0      5.5        5.785    1.755      0.173 0.003      0.167
6   24-6  24.0      5.5        5.013    1.612      0.199 0.004      0.192
7 26.1-7  26.1      4.5        4.243    1.445      0.236 0.005      0.226
8 26.7-8  26.7      4.5        4.573    1.520      0.219 0.007      0.204
9   31-9  31.0      3.5        3.142    1.145      0.318 0.005      0.309
  Up.Lim_DR SE.Time DF Frequency NBatchs Sex    ScaleU   ScaleErr      Surv
1     0.029   0.314 26       778       1  NA -2.410252 0.00311856 0.7780000
2     0.066   0.309 26       260       1  NA -2.410252 0.00311856 0.8666667
3     0.089   0.162 26       828       1  NA -2.410252 0.00311856 0.8280000
4     0.135   0.111 26       858       1  NA -2.410252 0.00311856 0.8580000
5     0.179   0.092 26       688       1  NA -2.410252 0.00311856 0.8600000
6     0.207   0.090 26       364       1  NA -2.410252 0.00311856 0.9100000
7     0.245   0.084 26       616       1  NA -2.410252 0.00311856 0.8800000
8     0.233   0.146 26       338       1  NA -2.410252 0.00311856 0.8450000
9     0.328   0.045 26      1244       1  NA -2.410252 0.00311856 0.8885714
     N
1 1000
2  300
3 1000
4 1000
5  800
6  400
7  700
8  400
9 1400

