
Call:
survreg(formula = Surv(start, stop, type = "interval2") ~ Group, 
    data = dat, dist = modelo)
             Value Std. Error      z        p
(Intercept)  3.954     0.0629  62.91 0.00e+00
Group15     -0.483     0.1000  -4.83 1.36e-06
Group16     -0.327     0.1185  -2.76 5.70e-03
Group20     -0.842     0.0830 -10.14 3.84e-24
Group23     -1.019     0.1000 -10.18 2.33e-24
Group26.2   -1.016     0.0972 -10.45 1.40e-25
Group28     -2.013     0.1023 -19.68 3.08e-86
Group30     -1.532     0.0919 -16.68 1.81e-62
Log(scale)  -1.055     0.0568 -18.58 4.85e-77

Scale= 0.348 

Weibull distribution
Loglik(model)= -651.8   Loglik(intercept only)= -775.3
	Chisq= 247.06 on 7 degrees of freedom, p= 0 
Number of Newton-Raphson Iterations: 6 
n= 193 


 MODEL CHECKING: DATA DIAGNOSTICS 
        Model      AIC Deviance    LogLik
1     weibull 1309.617 543.0562 -651.8086
2   lognormal 1324.785 558.2239 -659.3925
3 loglogistic 1320.904 554.3432 -657.4521


   Group Tempr Time.Obs Time.Median. Log.Time DR.1.Time. SE.DR Low.Lim_DR
1   11-1  11.0     41.5       45.907    3.827      0.022 0.004      0.014
2   15-2  15.0     34.5       28.323    3.344      0.035 0.011      0.014
3   16-3  16.0     32.0       33.087    3.499      0.030 0.011      0.009
4   20-4  20.0     18.5       19.788    2.985      0.051 0.013      0.026
5   23-5  23.0     16.5       16.578    2.808      0.060 0.018      0.024
6 26.2-6  26.2     17.5       16.622    2.811      0.060 0.017      0.025
7   28-7  28.0      4.5        6.133    1.814      0.163 0.050      0.064
8   30-8  30.0     11.5        9.917    2.294      0.101 0.028      0.046
  Up.Lim_DR SE.Time DF
1     0.030   8.610 61
2     0.056   8.448 61
3     0.052  11.695 61
4     0.076   4.902 61
5     0.096   4.947 61
6     0.095   4.820 61
7     0.263   1.872 61
8     0.156   2.718 61

 *VIF is included as correction factor in SE 


 MODEL CHECKING CONSIDERING TEMPERATURE: SUMMARY 
   Group Tempr Time.Obs Time.Median. Log.Time DR.1.Time. SE.DR Low.Lim_DR
1   11-1  11.0     41.5       45.907    3.827      0.022 0.004      0.014
2   15-2  15.0     34.5       28.323    3.344      0.035 0.011      0.014
3   16-3  16.0     32.0       33.087    3.499      0.030 0.011      0.009
4   20-4  20.0     18.5       19.788    2.985      0.051 0.013      0.026
5   23-5  23.0     16.5       16.578    2.808      0.060 0.018      0.024
6 26.2-6  26.2     17.5       16.622    2.811      0.060 0.017      0.025
7   28-7  28.0      4.5        6.133    1.814      0.163 0.050      0.064
8   30-8  30.0     11.5        9.917    2.294      0.101 0.028      0.046
  Up.Lim_DR SE.Time DF Frequency NBatchs Sex    ScaleU   ScaleErr      Surv  N
1     0.030   8.610 61        31       1  NA -1.532408 0.09186671 1.0000000 31
2     0.056   8.448 61        20       1  NA -1.532408 0.09186671 1.0000000 20
3     0.052  11.695 61        12       1  NA -1.532408 0.09186671 1.0000000 12
4     0.076   4.902 61        41       1  NA -1.532408 0.09186671 1.0000000 41
5     0.096   4.947 61        20       1  NA -1.532408 0.09186671 1.0000000 20
6     0.095   4.820 61        22       1  NA -1.532408 0.09186671 0.9166667 24
7     0.263   1.872 61        20       1  NA -1.532408 0.09186671 1.0000000 20
8     0.156   2.718 61        27       1  NA -1.532408 0.09186671 1.0000000 27

