
Call:
survreg(formula = Surv(start, stop, type = "interval2") ~ Group, 
    data = dat, dist = modelo)
             Value Std. Error      z         p
(Intercept)  4.701     0.0166  282.5  0.00e+00
Group16.1   -0.628     0.0182  -34.6 5.07e-262
Group20.3   -1.509     0.0178  -84.6  0.00e+00
Group23     -1.927     0.0175 -110.2  0.00e+00
Group24     -1.878     0.0184 -101.9  0.00e+00
Group25     -1.914     0.0177 -108.0  0.00e+00
Group26.3   -2.071     0.0184 -112.3  0.00e+00
Group28     -2.279     0.0183 -124.6  0.00e+00
Group30     -2.457     0.0175 -140.6  0.00e+00
Log(scale)  -2.738     0.0179 -153.3  0.00e+00

Scale= 0.0647 

Log logistic distribution
Loglik(model)= -5319.6   Loglik(intercept only)= -9133.1
	Chisq= 7627.08 on 8 degrees of freedom, p= 0 
Number of Newton-Raphson Iterations: 7 
n= 2422 


 MODEL CHECKING: DATA DIAGNOSTICS 
        Model      AIC Deviance    LogLik
1     weibull 11228.79 4268.298 -5611.393
2   lognormal 10842.27 3881.781 -5418.134
3 loglogistic 10645.17 3684.680 -5319.584


   Group Tempr Time.Obs Time.Median. Log.Time DR.1.Time. SE.DR Low.Lim_DR
1 10.6-1  10.6    105.5      110.034    4.701      0.009 0.001      0.007
2 16.1-2  16.1     62.5       58.693    4.072      0.017 0.002      0.012
3 20.3-3  20.3     25.5       24.322    3.191      0.041 0.006      0.030
4   23-4  23.0     15.5       16.019    2.774      0.062 0.008      0.046
5   24-5  24.0     16.5       16.829    2.823      0.059 0.008      0.043
6   25-6  25.0     16.5       16.229    2.787      0.062 0.008      0.045
7 26.3-7  26.3     13.5       13.874    2.630      0.072 0.010      0.052
8   28-8  28.0     11.5       11.271    2.422      0.089 0.012      0.064
9   30-9  30.0      9.5        9.427    2.244      0.106 0.014      0.078
  Up.Lim_DR SE.Time DF
1     0.011  14.003 63
2     0.022   8.158 63
3     0.052   3.318 63
4     0.079   2.142 63
5     0.076   2.373 63
6     0.078   2.200 63
7     0.092   1.956 63
8     0.114   1.576 63
9     0.134   1.260 63

 *VIF is included as correction factor in SE 


 MODEL CHECKING CONSIDERING TEMPERATURE: SUMMARY 
   Group Tempr Time.Obs Time.Median. Log.Time DR.1.Time. SE.DR Low.Lim_DR
1 10.6-1  10.6    105.5      110.034    4.701      0.009 0.001      0.007
2 16.1-2  16.1     62.5       58.693    4.072      0.017 0.002      0.012
3 20.3-3  20.3     25.5       24.322    3.191      0.041 0.006      0.030
4   23-4  23.0     15.5       16.019    2.774      0.062 0.008      0.046
5   24-5  24.0     16.5       16.829    2.823      0.059 0.008      0.043
6   25-6  25.0     16.5       16.229    2.787      0.062 0.008      0.045
7 26.3-7  26.3     13.5       13.874    2.630      0.072 0.010      0.052
8   28-8  28.0     11.5       11.271    2.422      0.089 0.012      0.064
9   30-9  30.0      9.5        9.427    2.244      0.106 0.014      0.078
  Up.Lim_DR SE.Time DF Frequency NBatchs Sex   ScaleU  ScaleErr      Surv   N
1     0.011  14.003 63        59       1  NA -2.45722 0.0174725 0.1475000 400
2     0.022   8.158 63       261       1  NA -2.45722 0.0174725 0.4745455 550
3     0.052   3.318 63       411       1  NA -2.45722 0.0174725 0.6850000 600
4     0.079   2.142 63       381       1  NA -2.45722 0.0174725 0.7620000 500
5     0.076   2.373 63       161       1  NA -2.45722 0.0174725 0.8050000 200
6     0.078   2.200 63       304       1  NA -2.45722 0.0174725 0.7600000 400
7     0.092   1.956 63       177       1  NA -2.45722 0.0174725 0.8850000 200
8     0.114   1.576 63       201       1  NA -2.45722 0.0174725 0.6700000 300
9     0.134   1.260 63       467       1  NA -2.45722 0.0174725 0.7783333 600

