
Call:
survreg(formula = Surv(start, stop, type = "interval2") ~ Group, 
    data = dat, dist = modelo)
             Value Std. Error      z p
(Intercept)  3.861     0.0107  361.8 0
Group16     -0.511     0.0136  -37.5 0
Group20.3   -1.413     0.0142  -99.5 0
Group23     -1.651     0.0206  -80.0 0
Group25     -1.786     0.0200  -89.5 0
Group26.2   -1.824     0.0131 -138.8 0
Group26.5   -1.759     0.0222  -79.1 0
Group30.2   -2.118     0.0135 -156.4 0
Log(scale)  -2.769     0.0281  -98.5 0

Scale= 0.0627 

Log logistic distribution
Loglik(model)= -1754.7   Loglik(intercept only)= -3626.3
	Chisq= 3743.33 on 7 degrees of freedom, p= 0 
Number of Newton-Raphson Iterations: 8 
n= 995 


 MODEL CHECKING: DATA DIAGNOSTICS 
        Model      AIC Deviance    LogLik
1     weibull 3705.033 564.0529 -1849.517
2   lognormal 3515.725 374.7444 -1754.862
3 loglogistic 3515.326 374.3451 -1754.663


   Group Tempr Time.Obs Time.Median. Log.Time DR.1.Time. SE.DR Low.Lim_DR
1 10.7-1  10.7     47.5       47.502    3.861      0.021 0.001      0.020
2   16-2  16.0     28.5       28.498    3.350      0.035 0.001      0.032
3 20.3-3  20.3     11.5       11.560    2.448      0.087 0.003      0.080
4   23-4  23.0      9.5        9.112    2.210      0.110 0.006      0.097
5   25-5  25.0      8.5        7.964    2.075      0.126 0.007      0.112
6 26.2-6  26.2      7.5        7.669    2.037      0.130 0.005      0.121
7 26.5-7  26.5      8.5        8.180    2.102      0.122 0.007      0.107
8 30.2-8  30.2      5.5        5.715    1.743      0.175 0.006      0.162
  Up.Lim_DR SE.Time DF
1     0.022   1.373 51
2     0.038   1.051 51
3     0.093   0.445 51
4     0.122   0.510 51
5     0.139   0.431 51
6     0.140   0.273 51
7     0.137   0.493 51
8     0.188   0.210 51

 *VIF is included as correction factor in SE 


 MODEL CHECKING CONSIDERING TEMPERATURE: SUMMARY 
   Group Tempr Time.Obs Time.Median. Log.Time DR.1.Time. SE.DR Low.Lim_DR
1 10.7-1  10.7     47.5       47.502    3.861      0.021 0.001      0.020
2   16-2  16.0     28.5       28.498    3.350      0.035 0.001      0.032
3 20.3-3  20.3     11.5       11.560    2.448      0.087 0.003      0.080
4   23-4  23.0      9.5        9.112    2.210      0.110 0.006      0.097
5   25-5  25.0      8.5        7.964    2.075      0.126 0.007      0.112
6 26.2-6  26.2      7.5        7.669    2.037      0.130 0.005      0.121
7 26.5-7  26.5      8.5        8.180    2.102      0.122 0.007      0.107
8 30.2-8  30.2      5.5        5.715    1.743      0.175 0.006      0.162
  Up.Lim_DR SE.Time DF Frequency NBatchs Sex    ScaleU   ScaleErr      Surv   N
1     0.022   1.373 51       105       1  NA -2.117729 0.01354123 0.5833333 180
2     0.038   1.051 51       197       1  NA -2.117729 0.01354123 0.9120370 216
3     0.093   0.445 51       140       1  NA -2.117729 0.01354123 0.9459459 148
4     0.122   0.510 51        40       1  NA -2.117729 0.01354123 0.8888889  45
5     0.139   0.431 51        52       1  NA -2.117729 0.01354123 0.8666667  60
6     0.140   0.273 51       216       1  NA -2.117729 0.01354123 0.9230769 234
7     0.137   0.493 51        33       1  NA -2.117729 0.01354123 0.9166667  36
8     0.188   0.210 51       212       1  NA -2.117729 0.01354123 0.9217391 230

