1 10 19 20 40
1 10 19 20 40
1 10 19 20 40
1 10 19 20 40
1 10 19 20 40
1 10 19 20 40
1 10 19 20 40
1 10 19 20 40
1 10 19 20 40
1 10 19 20 40
1 10 19 20 40
1 10 19 20 40
1 10 19 20 40
1 10 19 20 40
1 10 19 20 40
1 10 19 20 40
1 10 19 20 40
1 10 19 20 40
1 10 19 20 40
1 10 19 20 40
1 10 19 20 40
1 10 19 20 40
1 10 19 20 40
1 10 19 20 40
1 10 19 20 40
1 10 19 20 40
1 10 19 20 40
1 10 20 21 40
1 10 20 21 40
1 10 20 21 40
1 10 20 21 40
1 10 20 21 40
2 12 19 20 40
2 12 19 20 40
2 12 19 20 40
2 12 19 20 40
2 12 19 20 40
2 12 19 20 40
2 12 19 20 40
2 12 19 20 40
2 12 19 20 40
2 12 19 20 40
2 12 19 20 40
2 12 19 20 40
2 12 19 20 40
2 12 19 20 40
2 12 19 20 40
2 12 19 20 40
2 12 19 20 40
2 12 19 20 40
2 12 19 20 40
2 12 19 20 40
2 12 19 20 40
2 12 19 20 40
2 12 19 20 40
2 12 19 20 40
2 12 19 20 40
2 12 19 20 40
2 12 19 20 40
2 12 20 21 40
2 12 20 21 40
2 12 20 21 40
2 12 20 21 40
2 12 20 21 40
3 15 12 13 45
3 15 12 13 45
3 15 12 13 45
3 15 12 13 45
3 15 12 13 45
3 15 12 13 45
3 15 12 13 45
3 15 12 13 45
3 15 12 13 45
3 15 12 13 45
3 15 12 13 45
3 15 12 13 45
3 15 12 13 45
3 15 12 13 45
3 15 12 13 45
3 15 12 13 45
3 15 12 13 45
3 15 12 13 45
3 15 12 13 45
3 15 12 13 45
3 15 12 13 45
3 15 13 14 45
3 15 13 14 45
3 15 13 14 45
3 15 13 14 45
3 15 13 14 45
3 15 13 14 45
3 15 13 14 45
3 15 13 14 45
3 15 13 14 45
3 15 13 14 45
3 15 13 14 45
3 15 13 14 45
3 15 13 14 45
3 15 13 14 45
3 15 13 14 45
3 15 13 14 45
3 15 13 14 45
3 15 13 14 45
4 20 7 8 52
4 20 7 8 52
4 20 7 8 52
4 20 8 9 52
4 20 8 9 52
4 20 8 9 52
4 20 8 9 52
4 20 8 9 52
4 20 8 9 52
4 20 8 9 52
4 20 8 9 52
4 20 8 9 52
4 20 8 9 52
4 20 8 9 52
4 20 8 9 52
4 20 8 9 52
4 20 8 9 52
4 20 8 9 52
4 20 8 9 52
4 20 8 9 52
4 20 8 9 52
4 20 8 9 52
4 20 8 9 52
4 20 8 9 52
4 20 8 9 52
4 20 8 9 52
4 20 8 9 52
4 20 8 9 52
4 20 8 9 52
4 20 8 9 52
4 20 9 10 52
4 20 9 10 52
4 20 9 10 52
4 20 9 10 52
4 20 9 10 52
4 20 9 10 52
4 20 9 10 52
4 20 9 10 52
4 20 9 10 52
4 20 9 10 52
4 20 9 10 52
4 20 9 10 52
4 20 9 10 52
4 20 9 10 52
4 20 9 10 52
4 20 9 10 52
4 20 9 10 52
4 20 10 11 52
5 25 4 5 54
5 25 5 6 54
5 25 5 6 54
5 25 5 6 54
5 25 5 6 54
5 25 5 6 54
5 25 5 6 54
5 25 5 6 54
5 25 5 6 54
5 25 5 6 54
5 25 5 6 54
5 25 5 6 54
5 25 5 6 54
5 25 5 6 54
5 25 5 6 54
5 25 5 6 54
5 25 5 6 54
5 25 5 6 54
5 25 5 6 54
5 25 5 6 54
5 25 5 6 54
5 25 5 6 54
5 25 5 6 54
5 25 5 6 54
5 25 5 6 54
5 25 5 6 54
5 25 5 6 54
5 25 5 6 54
5 25 5 6 54
5 25 5 6 54
5 25 5 6 54
5 25 5 6 54
5 25 5 6 54
5 25 5 6 54
5 25 5 6 54
5 25 5 6 54
5 25 5 6 54
5 25 5 6 54
5 25 5 6 54
5 25 5 6 54
5 25 6 7 54
5 25 6 7 54
5 25 6 7 54
5 25 6 7 54
5 25 6 7 54
5 25 6 7 54
5 25 6 7 54
5 25 6 7 54
5 25 6 7 54
5 25 6 7 54
6 30 5 6 50
6 30 5 6 50
6 30 5 6 50
6 30 5 6 50
6 30 5 6 50
6 30 6 7 50
6 30 6 7 50
6 30 6 7 50
6 30 6 7 50
6 30 6 7 50
6 30 6 7 50
6 30 6 7 50
6 30 6 7 50
6 30 6 7 50
6 30 6 7 50
6 30 6 7 50
6 30 6 7 50
6 30 6 7 50
6 30 6 7 50
6 30 6 7 50
6 30 6 7 50
6 30 6 7 50
6 30 6 7 50
6 30 6 7 50
6 30 6 7 50
6 30 6 7 50
6 30 6 7 50
6 30 6 7 50
6 30 6 7 50
6 30 6 7 50
6 30 6 7 50
6 30 6 7 50
6 30 6 7 50
6 30 6 7 50
6 30 6 7 50
6 30 6 7 50
6 30 6 7 50
6 30 6 7 50
6 30 6 7 50
6 30 6 7 50
6 30 6 7 50
6 30 6 7 50
6 30 6 7 50
6 30 7 8 50
7 32 3 4 40
7 32 3 4 40
7 32 3 4 40
7 32 4 5 40
7 32 4 5 40
7 32 4 5 40
7 32 4 5 40
7 32 4 5 40
7 32 4 5 40
7 32 5 6 40
7 32 5 6 40
7 32 5 6 40
7 32 5 6 40
7 32 5 6 40
7 32 5 6 40
7 32 6 7 40
7 32 7 8 40
7 32 7 8 40
