4 20 10 11 35
4 20 19 20 35
4 20 20 21 35
4 20 20 21 35
4 20 21 22 35
4 20 21 22 35
4 20 22 23 35
4 20 22 23 35
4 20 22 23 35
4 20 22 23 35
4 20 22 23 35
4 20 23 24 35
4 20 24 25 35
4 20 24 25 35
4 20 24 25 35
4 20 24 25 35
4 20 25 26 35
4 20 25 26 35
4 20 26 27 35
4 20 26 27 35
4 20 26 27 35
4 20 27 28 35
4 20 28 29 35
4 20 30 31 35
4 20 35 36 35
4 20 35 36 35
4 20 37 38 35
4 20 38 39 35
4 20 38 39 35
4 20 40 41 35
4 20 40 41 35
4 20 55 56 35
4 20 56 57 35
4 20 59 60 35
4 20 59 60 35
5 25 5 6 34
5 25 7 8 34
5 25 7 8 34
5 25 8 9 34
5 25 8 9 34
5 25 9 10 34
5 25 11 12 34
5 25 12 13 34
5 25 12 13 34
5 25 13 14 34
5 25 13 14 34
5 25 13 14 34
5 25 15 16 34
5 25 15 16 34
5 25 16 17 34
5 25 16 17 34
5 25 17 18 34
5 25 17 18 34
5 25 18 19 34
5 25 19 20 34
5 25 20 21 34
5 25 20 21 34
5 25 21 22 34
5 25 22 23 34
5 25 24 25 34
5 25 24 25 34
5 25 24 25 34
5 25 25 26 34
5 25 25 26 34
5 25 26 27 34
5 25 26 27 34
5 25 26 27 34
5 25 26 27 34
5 25 27 28 34
6 30 1 1.01 25
6 30 3 4 25
6 30 3 4 25
6 30 3 4 25
6 30 7 8 25
6 30 7 8 25
6 30 7 8 25
6 30 8 9 25
6 30 9 10 25
6 30 10 11 25
6 30 15 16 25
6 30 15 16 25
6 30 15 16 25
6 30 15 16 25
6 30 15 16 25
6 30 16 17 25
6 30 16 17 25
6 30 16 17 25
6 30 16 17 25
6 30 17 18 25
6 30 17 18 25
6 30 17 18 25
6 30 17 18 25
6 30 17 18 25
6 30 17 18 25
7 32 3 4 8
7 32 4 5 8
7 32 4 5 8
7 32 4 5 8
7 32 4 5 8
7 32 5 6 8
7 32 5 6 8
7 32 6 7 8
