1 10 1 2 8
1 10 1 2 8
1 10 1 2 8
1 10 1 2 8
1 10 1 2 8
1 10 1 2 8
1 10 1 2 8
1 10 2 3 8
2 12 1 2 8
2 12 1 2 8
2 12 1 2 8
2 12 1 2 8
2 12 1 2 8
2 12 1 2 8
2 12 1 2 8
2 12 2 3 8
3 15 1 2 10
3 15 1 2 10
3 15 1 2 10
3 15 1 2 10
3 15 1 2 10
3 15 1 2 10
3 15 1 2 10
3 15 1 2 10
3 15 1 2 10
3 15 1 2 10
4 20 11 12 11
4 20 12 13 11
4 20 13 14 11
4 20 13 14 11
4 20 15 16 11
4 20 15 16 11
4 20 15 16 11
4 20 16 17 11
4 20 17 18 11
4 20 17 18 11
4 20 17 18 11
5 25 7 8 9
5 25 7 8 9
5 25 9 10 9
5 25 10 11 9
5 25 10 11 9
5 25 10 11 9
5 25 11 12 9
5 25 11 12 9
5 25 11 12 9
6 30 2 3 10
6 30 2 3 10
6 30 2 3 10
6 30 3 4 10
6 30 3 4 10
6 30 4 5 10
6 30 4 5 10
6 30 4 5 10
6 30 4 5 10
6 30 5 6 10
7 32 2 3 4
7 32 3 4 4
7 32 3 4 4
7 32 5 6 4
