1 10 26 27 32
1 10 27 28 32
1 10 27 28 32
1 10 27 28 32
1 10 27 28 32
1 10 27 28 32
1 10 27 28 32
1 10 27 28 32
1 10 27 28 32
1 10 28 29 32
1 10 28 29 32
1 10 28 29 32
1 10 28 29 32
1 10 28 29 32
1 10 28 29 32
1 10 28 29 32
1 10 28 29 32
1 10 28 29 32
1 10 28 29 32
1 10 29 30 32
1 10 30 31 32
2 12 26 27 32
2 12 27 28 32
2 12 27 28 32
2 12 27 28 32
2 12 27 28 32
2 12 27 28 32
2 12 27 28 32
2 12 27 28 32
2 12 27 28 32
2 12 28 29 32
2 12 28 29 32
2 12 28 29 32
2 12 28 29 32
2 12 28 29 32
2 12 28 29 32
2 12 28 29 32
2 12 28 29 32
2 12 28 29 32
2 12 28 29 32
2 12 29 30 32
2 12 30 31 32
3 15 13 14 39
3 15 13 14 39
3 15 13 14 39
3 15 13 14 39
3 15 13 14 39
3 15 13 14 39
3 15 13 14 39
3 15 13 14 39
3 15 13 14 39
3 15 13 14 39
3 15 13 14 39
3 15 13 14 39
3 15 13 14 39
3 15 13 14 39
3 15 13 14 39
3 15 14 15 39
3 15 14 15 39
3 15 14 15 39
3 15 14 15 39
3 15 14 15 39
3 15 14 15 39
3 15 14 15 39
3 15 14 15 39
3 15 14 15 39
3 15 14 15 39
3 15 14 15 39
3 15 14 15 39
3 15 14 15 39
3 15 14 15 39
3 15 14 15 39
3 15 14 15 39
3 15 14 15 39
3 15 14 15 39
3 15 14 15 39
3 15 15 16 39
3 15 15 16 39
3 15 15 16 39
4 20 8 9 48
4 20 8 9 48
4 20 8 9 48
4 20 8 9 48
4 20 8 9 48
4 20 8 9 48
4 20 8 9 48
4 20 8 9 48
4 20 8 9 48
4 20 8 9 48
4 20 8 9 48
4 20 8 9 48
4 20 8 9 48
4 20 8 9 48
4 20 8 9 48
4 20 9 10 48
4 20 9 10 48
4 20 9 10 48
4 20 9 10 48
4 20 9 10 48
4 20 9 10 48
4 20 9 10 48
4 20 9 10 48
4 20 9 10 48
4 20 9 10 48
4 20 10 11 48
4 20 10 11 48
4 20 10 11 48
4 20 10 11 48
4 20 10 11 48
4 20 10 11 48
4 20 10 11 48
4 20 10 11 48
4 20 10 11 48
4 20 10 11 48
4 20 11 12 48
4 20 11 12 48
4 20 11 12 48
4 20 11 12 48
4 20 11 12 48
4 20 11 12 48
4 20 11 12 48
4 20 11 12 48
4 20 11 12 48
4 20 12 13 48
4 20 12 13 48
5 25 3 4 50
5 25 3 4 50
5 25 3 4 50
5 25 3 4 50
5 25 3 4 50
5 25 3 4 50
5 25 3 4 50
5 25 3 4 50
5 25 3 4 50
5 25 4 5 50
5 25 4 5 50
5 25 4 5 50
5 25 4 5 50
5 25 4 5 50
5 25 4 5 50
5 25 4 5 50
5 25 4 5 50
5 25 4 5 50
5 25 4 5 50
5 25 5 6 50
5 25 5 6 50
5 25 5 6 50
5 25 5 6 50
5 25 5 6 50
5 25 5 6 50
5 25 5 6 50
5 25 5 6 50
5 25 5 6 50
5 25 5 6 50
5 25 5 6 50
5 25 5 6 50
5 25 5 6 50
5 25 5 6 50
5 25 5 6 50
5 25 5 6 50
5 25 5 6 50
5 25 5 6 50
5 25 5 6 50
5 25 5 6 50
5 25 5 6 50
5 25 5 6 50
5 25 5 6 50
5 25 6 7 50
6 30 1 2 44
6 30 2 3 44
6 30 2 3 44
6 30 3 4 44
6 30 3 4 44
6 30 3 4 44
6 30 3 4 44
6 30 3 4 44
6 30 3 4 44
6 30 3 4 44
6 30 3 4 44
6 30 3 4 44
6 30 3 4 44
6 30 3 4 44
6 30 3 4 44
6 30 3 4 44
6 30 3 4 44
6 30 3 4 44
6 30 3 4 44
6 30 3 4 44
6 30 3 4 44
6 30 3 4 44
6 30 3 4 44
6 30 3 4 44
6 30 3 4 44
6 30 3 4 44
6 30 3 4 44
6 30 3 4 44
6 30 3 4 44
6 30 3 4 44
6 30 4 5 44
6 30 4 5 44
6 30 4 5 44
6 30 4 5 44
6 30 4 5 44
7 32 3 4 18
7 32 3 4 18
7 32 3 4 18
7 32 4 5 18
7 32 4 5 18
7 32 5 6 18
7 32 5 6 18
7 32 6 7 18
7 32 6 7 18
7 32 6 7 18
7 32 7 8 18
7 32 7 8 18
