    Temper          r      Ro      GRR        T   lambda        Dt
2    14.00 0.01836166  4.4215 10.04270 80.95560 1.018531 37.749708
3    14.05 0.01877686  4.5259 10.22828 80.40834 1.018954 36.914961
4    14.10 0.01919301  4.6310 10.45232 79.86098 1.019378 36.114560
5    14.15 0.01961261  4.7377 10.69833 79.31387 1.019806 35.341918
6    14.20 0.02003407  4.8464 10.88497 78.77760 1.020236 34.598414
7    14.25 0.02045867  4.9564 11.12707 78.23968 1.020669 33.880368
8    14.30 0.02088318  5.0679 11.30327 77.71453 1.021103 33.191651
9    14.35 0.02131233  5.1814 11.53366 77.18889 1.021541 32.523288
10   14.40 0.02174107  5.2952 11.76622 76.66601 1.021979 31.881931
11   14.45 0.02221442  5.4279 12.03803 76.14657 1.022463 31.202572
12   14.50 0.02264579  5.5447 12.18482 75.63623 1.022904 30.608209
13   14.55 0.02308493  5.6645 12.41191 75.12340 1.023353 30.025958
14   14.60 0.02351963  5.7840 12.67479 74.62258 1.023798 29.471006
15   14.65 0.02396194  5.9067 12.92408 74.12120 1.024251 28.927011
16   14.70 0.02447003  6.0581 13.15760 73.61643 1.024772 28.326372
17   14.75 0.02491404  6.1832 13.42748 73.12486 1.025227 27.821545
18   14.80 0.02535956  6.3098 13.65517 72.63944 1.025684 27.332778
19   14.85 0.02580817  6.4384 13.92574 72.15856 1.026144 26.857670
20   14.90 0.02625986  6.5686 14.22932 71.67976 1.026608 26.395689
21   14.95 0.02674737  6.7159 14.41888 71.20244 1.027108 25.914595
22   15.00 0.02720113  6.8486 14.67455 70.73399 1.027574 25.482298
23   15.05 0.02765649  6.9827 14.96039 70.27051 1.028042 25.062733
24   15.10 0.02811340  7.1177 15.24537 69.80957 1.028512 24.655400
25   15.15 0.02857218  7.2543 15.48442 69.35399 1.028984 24.259516
26   15.20 0.02903675  7.3930 15.80065 68.89660 1.029462 23.871373
27   15.25 0.02950091  7.5329 16.07516 68.44805 1.029940 23.495787
28   15.30 0.02996744  7.6739 16.26706 68.00130 1.030421 23.130008
29   15.35 0.03043556  7.8159 16.54979 67.55782 1.030903 22.774254
30   15.40 0.03090885  7.9604 16.90929 67.11602 1.031391 22.425521
31   15.45 0.03138321  8.1064 17.17419 66.68067 1.031881 22.086558
32   15.50 0.03195778  8.3036 17.49104 66.23392 1.032474 21.689465
33   15.55 0.03243254  8.4508 17.81410 65.80617 1.032964 21.371970
34   15.60 0.03291157  8.5998 18.06467 65.37941 1.033459 21.060898
35   15.65 0.03339426  8.7515 18.44415 64.95801 1.033958 20.756474
36   15.70 0.03387614  8.9024 18.64730 64.53867 1.034456 20.461222
37   15.75 0.03436107  9.0555 19.00343 64.12408 1.034958 20.172455
38   15.80 0.03484809  9.2105 19.34792 63.71494 1.035462 19.890535
39   15.85 0.03533899  9.3666 19.55140 63.30543 1.035971 19.614231
40   15.90 0.03583113  9.5245 19.86943 62.90250 1.036481 19.344832
41   15.95 0.03632249  9.6824 20.21583 62.50424 1.036990 19.083140
42   16.00 0.03681916  9.8424 20.58159 62.10624 1.037505 18.825721
43   16.05 0.03734933 10.0231 20.86261 61.71175 1.038056 18.558492
44   16.10 0.03784730 10.1844 21.22880 61.32161 1.038573 18.314311
45   16.15 0.03834921 10.3471 21.58620 60.93232 1.039094 18.074615
46   16.20 0.03885592 10.5127 21.96431 60.54636 1.039621 17.838910
47   16.25 0.03936243 10.6772 22.29447 60.16169 1.040147 17.609358
48   16.30 0.03987072 10.8432 22.59787 59.78166 1.040676 17.384866
49   16.35 0.04038382 11.0113 22.95090 59.40305 1.041210 17.163983
50   16.40 0.04095519 11.2148 23.26878 59.02145 1.041805 16.924527
51   16.45 0.04147090 11.3850 23.62866 58.65068 1.042343 16.714061
52   16.50 0.04198885 11.5555 23.95693 58.28122 1.042883 16.507887
53   16.55 0.04250668 11.7267 24.41165 57.91722 1.043423 16.306784
54   16.60 0.04302882 11.8995 24.89120 57.55436 1.043968 16.108904
55   16.65 0.04358472 12.0943 25.00686 57.19284 1.044548 15.903443
56   16.70 0.04410874 12.2687 25.59350 56.83797 1.045096 15.714510
57   16.75 0.04463216 12.4429 25.89966 56.48730 1.045643 15.530218
58   16.80 0.04516067 12.6189 26.15499 56.13725 1.046196 15.348470
59   16.85 0.04568946 12.7951 26.60203 55.79103 1.046749 15.170832
60   16.90 0.04621908 12.9730 26.88618 55.45049 1.047304 14.996993
61   16.95 0.04675159 13.1505 27.25588 55.10957 1.047862 14.826174
62   17.00 0.04728765 13.3294 27.76660 54.77059 1.048424 14.658103
63   17.05 0.04782496 13.5087 28.32921 54.43463 1.048987 14.493418
64   17.10 0.04836337 13.6890 28.66512 54.10278 1.049552 14.332069
65   17.15 0.04890538 13.8696 29.11208 53.77117 1.050121 14.173230
66   17.20 0.04945140 14.0505 29.37111 53.43950 1.050695 14.016735
67   17.25 0.04999766 14.2327 29.71701 53.11333 1.051269 13.863593
68   17.30 0.05058030 14.4386 30.23393 52.78548 1.051881 13.703896
69   17.35 0.05113031 14.6201 30.72606 52.46198 1.052460 13.556482
70   17.40 0.05168527 14.8027 31.10670 52.13883 1.053044 13.410922
71   17.45 0.05229559 15.0259 31.57745 51.81652 1.053687 13.254409
72   17.50 0.05285220 15.2092 32.00438 51.50023 1.054274 13.114823
73   17.55 0.05340993 15.3928 32.34244 51.18711 1.054862 12.977870
74   17.60 0.05396840 15.5765 32.81714 50.87725 1.055451 12.843576
75   17.65 0.05452878 15.7610 33.25602 50.57033 1.056043 12.711585
76   17.70 0.05509065 15.9451 33.66386 50.26536 1.056636 12.581939
77   17.75 0.05565140 16.1303 34.42482 49.96639 1.057229 12.455162
78   17.80 0.05621486 16.3145 34.73129 49.66755 1.057825 12.330320
79   17.85 0.05677721 16.4982 35.05217 49.37282 1.058420 12.208193
80   17.90 0.05734232 16.6839 35.69465 49.08145 1.059018 12.087882
81   17.95 0.05790975 16.8682 35.87997 48.79023 1.059619 11.969438
82   18.00 0.05850970 17.0782 36.80945 48.50141 1.060255 11.846705
83   18.05 0.05907893 17.2627 37.14682 48.21598 1.060859 11.732562
84   18.10 0.05965067 17.4463 37.70609 47.93119 1.061466 11.620107
85   18.15 0.06022287 17.6290 37.78267 47.64876 1.062073 11.509699
86   18.20 0.06079901 17.8132 38.48502 47.36820 1.062685 11.400633
87   18.25 0.06137734 17.9957 38.82976 47.08794 1.063300 11.293209
88   18.30 0.06195815 18.1781 39.83598 46.80930 1.063918 11.187344
89   18.35 0.06254196 18.3595 40.25151 46.53112 1.064539 11.082914
90   18.40 0.06312945 18.5414 40.77969 46.25426 1.065165 10.979776
91   18.45 0.06371710 18.7229 41.17841 45.98055 1.065791 10.878512
92   18.50 0.06430794 18.9030 41.46708 45.70696 1.066421 10.778563
93   18.55 0.06495610 19.1267 42.56652 45.43200 1.067112 10.671011
94   18.60 0.06554945 19.3074 42.99864 45.16420 1.067746 10.574417
95   18.65 0.06614432 19.4857 43.51356 44.89699 1.068381 10.479316
96   18.70 0.06673797 19.6642 43.96712 44.63426 1.069015 10.386100
97   18.75 0.06736752 19.8703 44.23134 44.37192 1.069689 10.289041
98   18.80 0.06796016 20.0448 45.60198 44.11364 1.070323 10.199316
99   18.85 0.06855326 20.2211 45.96191 43.85972 1.070958 10.111075
100  18.90 0.06914683 20.3942 46.48542 43.60649 1.071594 10.024279
101  18.95 0.06973863 20.5678 46.99194 43.35799 1.072228  9.939214
102  19.00 0.07033085 20.7385 47.50405 43.11041 1.072863  9.855522
103  19.05 0.07092320 20.9100 48.77242 42.86648 1.073499  9.773208
104  19.10 0.07151597 21.0786 48.93271 42.62346 1.074135  9.692202
105  19.15 0.07210733 21.2454 49.70377 42.38321 1.074771  9.612714
106  19.20 0.07270170 21.4138 50.04819 42.14531 1.075410  9.534126
107  19.25 0.07329494 21.5782 51.56833 41.90853 1.076048  9.456958
108  19.30 0.07389081 21.7430 52.04230 41.67354 1.076689  9.380696
109  19.35 0.07448944 21.9050 52.48327 41.43829 1.077334  9.305308
110  19.40 0.07508959 22.0672 53.07824 41.20534 1.077981  9.230935
111  19.45 0.07569305 22.2257 54.71946 40.97139 1.078631  9.157343
112  19.50 0.07629844 22.3852 55.07960 40.74002 1.079285  9.084683
113  19.55 0.07690638 22.5409 55.73680 40.50810 1.079941  9.012870
114  19.60 0.07755392 22.7298 55.63885 40.27748 1.080641  8.937616
115  19.65 0.07816853 22.8825 57.96342 40.04645 1.081305  8.867343
116  19.70 0.07878324 23.0341 58.09071 39.81780 1.081970  8.798155
117  19.75 0.07939902 23.1819 58.91900 39.58955 1.082636  8.729921
118  19.80 0.08001724 23.3303 59.10716 39.36343 1.083306  8.662473
119  19.85 0.08069867 23.5279 60.99570 39.13555 1.084044  8.589326
120  19.90 0.08131732 23.6722 61.67837 38.91301 1.084715  8.523980
121  19.95 0.08193758 23.8130 61.88136 38.69081 1.085388  8.459454
122  20.00 0.08255509 23.9530 62.55668 38.47241 1.086059  8.396177
123  20.05 0.08317266 24.0894 64.03471 38.25502 1.086729  8.333835
124  20.10 0.08378598 24.2253 64.73822 38.04213 1.087396  8.272830
125  20.15 0.08439844 24.3570 65.27965 37.83031 1.088062  8.212797
126  20.20 0.08500977 24.4890 67.46315 37.62184 1.088728  8.153736
127  20.25 0.08561755 24.6156 67.36279 37.41500 1.089390  8.095854
128  20.30 0.08622326 24.7424 68.21021 37.21175 1.090050  8.038982
129  20.35 0.08682663 24.8649 68.66429 37.01004 1.090708  7.983117
130  20.40 0.08742771 24.9868 70.49665 36.81153 1.091363  7.928232
131  20.45 0.08802738 25.1040 71.31097 36.61392 1.092018  7.874223
132  20.50 0.08867194 25.2624 71.55917 36.41870 1.092722  7.816985
133  20.55 0.08926840 25.3745 73.56676 36.22497 1.093374  7.764755
134  20.60 0.08986342 25.4857 74.26254 36.03377 1.094025  7.713340
135  20.65 0.09045897 25.5926 74.74234 35.84280 1.094677  7.662559
136  20.70 0.09105403 25.6986 76.83590 35.65396 1.095328  7.612482
137  20.75 0.09165161 25.7997 76.86895 35.46433 1.095983  7.562848
138  20.80 0.09224939 25.9006 77.22899 35.27683 1.096638  7.513840
139  20.85 0.09284774 25.9987 77.85726 35.09021 1.097295  7.465418
140  20.90 0.09344867 26.0904 79.96785 34.90224 1.097954  7.417411
141  20.95 0.09405370 26.1831 80.29681 34.71543 1.098619  7.369696
142  21.00 0.09465800 26.2693 80.74285 34.52852 1.099283  7.322648
143  21.05 0.09526738 26.3560 82.67594 34.34225 1.099953  7.275808
144  21.10 0.09587968 26.4365 82.81028 34.15474 1.100627  7.229344
145  21.15 0.09649239 26.5170 83.60470 33.96937 1.101301  7.183439
146  21.20 0.09710812 26.5952 85.44268 33.78431 1.101980  7.137891
147  21.25 0.09772505 26.6663 85.56859 33.59835 1.102660  7.092830
148  21.30 0.09834145 26.7375 86.19101 33.41487 1.103339  7.048373
149  21.35 0.09895846 26.8028 87.71205 33.23118 1.104020  7.004426
150  21.40 0.09965670 26.9357 88.01206 33.04798 1.104792  6.955349
151  21.45 0.10027336 26.9944 88.38476 32.86645 1.105473  6.912576
152  21.50 0.10088779 27.0540 89.65787 32.68815 1.106153  6.870476
153  21.55 0.10155977 27.1611 90.27754 32.51076 1.106896  6.825017
154  21.60 0.10216680 27.2101 90.27114 32.33524 1.107568  6.784466
155  21.65 0.10277066 27.2596 90.95073 32.16293 1.108237  6.744602
156  21.70 0.10337067 27.3020 91.63635 31.99128 1.108902  6.705453
157  21.75 0.10396451 27.3447 92.55748 31.82358 1.109561  6.667152
158  21.80 0.10455386 27.3837 92.16510 31.65783 1.110215  6.629570
159  21.85 0.10513852 27.4164 93.11288 31.49313 1.110864  6.592704
160  21.90 0.10571756 27.4491 93.60848 31.33191 1.111508  6.556595
161  21.95 0.10629107 27.4780 94.66655 31.17276 1.112146  6.521217
162  22.00 0.10686046 27.5003 94.12997 31.01425 1.112779  6.486470
163  22.05 0.10742364 27.5226 94.73367 30.85920 1.113406  6.452464
164  22.10 0.10798325 27.5382 94.36808 30.70452 1.114029  6.419025
165  22.15 0.10853716 27.5538 94.29706 30.55304 1.114646  6.386266
166  22.20 0.10908678 27.5658 95.07697 30.40310 1.115259  6.354090
167  22.25 0.10963117 27.5700 95.30414 30.25352 1.115866  6.322538
168  22.30 0.11017526 27.5762 95.55505 30.10615 1.116474  6.291314
169  22.35 0.11071349 27.5773 94.75742 29.96015 1.117075  6.260729
170  22.40 0.11125144 27.5722 96.32455 29.81362 1.117676  6.230456
171  22.45 0.11178586 27.5667 96.33125 29.66930 1.118273  6.200669
172  22.50 0.11231984 27.5582 95.35633 29.52551 1.118871  6.171191
173  22.55 0.11285260 27.5422 94.90779 29.38097 1.119467  6.142058
174  22.60 0.11338491 27.5269 96.06352 29.23814 1.120063  6.113222
175  22.65 0.11391730 27.5033 93.87206 29.09396 1.120659  6.084652
176  22.70 0.11453812 27.5479 95.07872 28.95042 1.121355  6.051672
177  22.75 0.11507181 27.5218 94.20153 28.80791 1.121954  6.023605
178  22.80 0.11560609 27.4876 93.13037 28.66402 1.122554  5.995767
179  22.85 0.11614329 27.4553 93.57819 28.52131 1.123157  5.968034
180  22.90 0.11668322 27.4190 92.72247 28.37800 1.123763  5.940419
181  22.95 0.11722261 27.3751 91.97725 28.23375 1.124370  5.913084
182  23.00 0.11776322 27.3315 92.31349 28.09060 1.124978  5.885939
183  23.05 0.11830516 27.2847 91.36930 27.94744 1.125588  5.858977
184  23.10 0.11884738 27.2304 90.16930 27.80317 1.126198  5.832246
185  23.15 0.11938971 27.1773 90.28409 27.66053 1.126809  5.805753
186  23.20 0.11993049 27.1200 90.53266 27.51820 1.127418  5.779574
187  23.25 0.12046909 27.0551 88.41953 27.37528 1.128026  5.753735
188  23.30 0.12100618 26.9918 88.42340 27.23442 1.128632  5.728197
189  23.35 0.12154016 26.9251 88.86165 27.09441 1.129235  5.703030
190  23.40 0.12220675 26.9435 87.49812 26.95221 1.129988  5.671922
191  23.45 0.12273311 26.8711 86.17750 26.81470 1.130583  5.647597
192  23.50 0.12325298 26.7948 87.46918 26.67853 1.131171  5.623776
193  23.55 0.12376720 26.7159 87.42309 26.54386 1.131752  5.600411
194  23.60 0.12427220 26.6284 85.20197 26.40959 1.132324  5.577653
195  23.65 0.12477011 26.5428 83.95752 26.27840 1.132888  5.555394
196  23.70 0.12526016 26.4540 85.24461 26.14884 1.133443  5.533660
197  23.75 0.12574029 26.3568 84.16056 26.01971 1.133988  5.512531
198  23.80 0.12621183 26.2619 83.21891 25.89392 1.134522  5.491935
199  23.85 0.12667416 26.1633 82.26283 25.76972 1.135047  5.471891
200  23.90 0.12712859 26.0568 82.59009 25.64552 1.135563  5.452331
201  23.95 0.12757324 25.9529 81.93602 25.52481 1.136068  5.433327
202  24.00 0.12801016 25.8457 80.91868 25.40536 1.136565  5.414783
203  24.05 0.12858561 25.8283 80.73371 25.28643 1.137219  5.390550
204  24.10 0.12900629 25.7106 80.59688 25.16857 1.137697  5.372972
205  24.15 0.12941797 25.5945 80.19468 25.05353 1.138166  5.355881
206  24.20 0.12982043 25.4755 78.66473 24.93997 1.138624  5.339276
207  24.25 0.13021510 25.3488 78.83149 24.82609 1.139073  5.323094
208  24.30 0.13060147 25.2246 78.18798 24.71503 1.139514  5.307346
209  24.35 0.13097924 25.0971 78.50881 24.60506 1.139944  5.292038
210  24.40 0.13134715 24.9663 77.28581 24.49636 1.140364  5.277215
211  24.45 0.13170735 24.8286 76.29593 24.38737 1.140774  5.262783
212  24.50 0.13205960 24.6930 76.03486 24.28085 1.141176  5.248745
213  24.55 0.13240485 24.5550 75.87924 24.17521 1.141570  5.235059
214  24.60 0.13273964 24.4138 75.28086 24.07079 1.141953  5.221855
215  24.65 0.13306660 24.2657 75.20156 23.96592 1.142326  5.209025
216  24.70 0.13338623 24.1200 73.49350 23.86334 1.142691  5.196542
217  24.75 0.13369702 23.9715 75.11176 23.76168 1.143046  5.184462
218  24.80 0.13399964 23.8202 73.75719 23.66076 1.143392  5.172754
219  24.85 0.13429522 23.6623 73.43099 23.55916 1.143730  5.161369
220  24.90 0.13458242 23.5069 72.40401 23.45993 1.144059  5.150355
221  24.95 0.13486407 23.3491 72.00230 23.36099 1.144381  5.139598
222  25.00 0.13513705 23.1889 72.29794 23.26286 1.144694  5.129216
223  25.05 0.13540496 23.0216 71.17627 23.16335 1.145000  5.119068
224  25.10 0.13566792 22.8574 70.56302 23.06569 1.145302  5.109146
225  25.15 0.13592420 22.6907 70.58733 22.96835 1.145595  5.099512
226  25.20 0.13617564 22.5216 70.41348 22.87101 1.145883  5.090097
227  25.25 0.13642331 22.3463 69.92419 22.77221 1.146167  5.080856
228  25.30 0.13666675 22.1736 70.38676 22.67488 1.146446  5.071805
229  25.35 0.13690818 21.9992 68.93923 22.57722 1.146723  5.062862
230  25.40 0.13714738 21.8231 68.04809 22.47924 1.146997  5.054031
231  25.45 0.13737987 21.6397 68.18421 22.37977 1.147264  5.045478
232  25.50 0.13761012 21.4596 67.08581 22.28159 1.147528  5.037037
233  25.55 0.13783817 21.2785 68.25014 22.18324 1.147790  5.028703
234  25.60 0.13806200 21.0950 66.98643 22.08454 1.148047  5.020550
235  25.65 0.13828029 20.9043 65.51562 21.98401 1.148297  5.012625
236  25.70 0.13882032 20.8605 66.64229 21.88338 1.148918  4.993125
237  25.75 0.13903741 20.6736 66.95964 21.78448 1.149167  4.985329
238  25.80 0.13925123 20.4854 65.83208 21.68536 1.149413  4.977674
239  25.85 0.13945699 20.2951 65.01902 21.58644 1.149649  4.970330
240  25.90 0.13965178 20.0980 63.54595 21.48644 1.149873  4.963397
241  25.95 0.13984383 19.9059 64.39425 21.38826 1.150094  4.956581
242  26.00 0.14002480 19.7117 65.42521 21.29060 1.150302  4.950174
243  26.05 0.14019520 19.5161 63.28027 21.19359 1.150498  4.944158
244  26.10 0.14035468 19.3145 62.69339 21.09553 1.150682  4.938540
245  26.15 0.14050528 19.1176 61.38632 20.99999 1.150855  4.933247
246  26.20 0.14063967 18.9187 62.23616 20.90556 1.151010  4.928532
247  26.25 0.14076176 18.7190 62.53352 20.81204 1.151150  4.924258
248  26.30 0.14087064 18.5183 62.18184 20.71943 1.151276  4.920452
249  26.35 0.14140027 18.4703 60.04214 20.62347 1.151886  4.902022
250  26.40 0.14148773 18.2694 60.22403 20.53342 1.151986  4.898992
251  26.45 0.14155793 18.0672 59.85979 20.44462 1.152067  4.896562
252  26.50 0.14161137 17.8644 60.77798 20.35719 1.152129  4.894714
253  26.55 0.14164620 17.6552 60.15769 20.26902 1.152169  4.893511
254  26.60 0.14166793 17.4518 58.67617 20.18412 1.152194  4.892760
255  26.65 0.14167009 17.2470 57.40657 20.10049 1.152196  4.892686
256  26.70 0.14165481 17.0415 58.06518 20.01804 1.152179  4.893213
257  26.75 0.14162278 16.8355 59.42729 19.93669 1.152142  4.894320
258  26.80 0.14157094 16.6234 57.19012 19.85444 1.152082  4.896112
259  26.85 0.14150666 16.4170 57.78659 19.77516 1.152008  4.898336
260  26.90 0.14142445 16.2102 55.95776 19.69702 1.151913  4.901183
261  26.95 0.14132493 16.0023 55.15336 19.61956 1.151799  4.904635
262  27.00 0.14120824 15.7944 55.81868 19.54316 1.151664  4.908688
263  27.05 0.14107519 15.5809 55.53103 19.46512 1.151511  4.913317
264  27.10 0.14092672 15.3727 54.90540 19.39017 1.151340  4.918494
265  27.15 0.14076466 15.1648 54.52308 19.31576 1.151154  4.924156
266  27.20 0.14058629 14.9564 53.89036 19.24184 1.150948  4.930404
267  27.25 0.14039056 14.7477 52.27426 19.16858 1.150723  4.937278
268  27.30 0.14017968 14.5392 52.81333 19.09584 1.150480  4.944705
269  27.35 0.13995018 14.3256 53.59664 19.02140 1.150216  4.952814
270  27.40 0.13970776 14.1178 51.86480 18.94982 1.149938  4.961408
271  27.45 0.13944707 13.9100 51.33481 18.87891 1.149638  4.970683
272  27.50 0.13916847 13.7018 50.82664 18.80833 1.149318  4.980634
273  27.55 0.13887376 13.4941 50.33054 18.73826 1.148979  4.991203
274  27.60 0.13855659 13.2812 49.24989 18.66638 1.148615  5.002629
275  27.65 0.13822369 13.0745 50.12413 18.59785 1.148232  5.014677
276  27.70 0.13787405 12.8685 49.99785 18.52983 1.147831  5.027394
277  27.75 0.13750205 12.6623 48.42237 18.46248 1.147404  5.040995
278  27.80 0.13819562 12.7003 47.88079 18.39151 1.148200  5.015696
279  27.85 0.13781060 12.4967 47.69176 18.32562 1.147758  5.029709
280  27.90 0.13740312 12.2887 45.93963 18.25781 1.147291  5.044625
281  27.95 0.13697692 12.0870 47.40900 18.19380 1.146802  5.060321
282  28.00 0.13653227 11.8860 46.59251 18.13023 1.146292  5.076801
283  28.05 0.13606004 11.6851 45.98974 18.06787 1.145751  5.094422
284  28.10 0.13556769 11.4852 45.10136 18.00620 1.145187  5.112923
285  28.15 0.13504869 11.2855 44.23209 17.94552 1.144593  5.132572
286  28.20 0.13450111 11.0817 43.11502 17.88309 1.143966  5.153468
287  28.25 0.13393422 10.8843 42.71254 17.82458 1.143318  5.175281
288  28.30 0.13334383 10.6881 43.38723 17.76708 1.142643  5.198195
289  28.35 0.13272584 10.4924 42.87388 17.71058 1.141937  5.222398
290  28.40 0.13208093 10.2974 42.89050 17.65502 1.141201  5.247897
291  28.45 0.13141100 10.1036 41.60792 17.60044 1.140436  5.274651
292  28.50 0.13071065  9.9103 41.17893 17.54696 1.139638  5.302913
293  28.55 0.12998122  9.7141 39.60211 17.49159 1.138807  5.332672
294  28.60 0.12922906  9.5239 39.31100 17.44038 1.137951  5.363710
295  28.65 0.12845105  9.3349 40.35781 17.38997 1.137066  5.396197
296  28.70 0.12764096  9.1467 39.46348 17.34078 1.136145  5.430445
297  28.75 0.12680279  8.9597 38.53514 17.29250 1.135193  5.466340
298  28.80 0.12593900  8.7742 38.83646 17.24498 1.134213  5.503832
299  28.85 0.12504554  8.5899 37.61945 17.19843 1.133200  5.543158
300  28.90 0.12411708  8.4028 36.52056 17.14965 1.132148  5.584624
301  28.95 0.12316570  8.2217 35.74715 17.10522 1.131072  5.627761
302  29.00 0.12218400  8.0420 36.31581 17.06179 1.129962  5.672978
303  29.05 0.12117488  7.8639 36.52579 17.01906 1.128822  5.720222
304  29.10 0.12013635  7.6872 35.82255 16.97702 1.127651  5.769671
305  29.15 0.11906699  7.5122 34.81804 16.93608 1.126445  5.821489
306  29.20 0.11796691  7.3385 34.66848 16.89571 1.125207  5.875776
307  29.25 0.11682346  7.1619 33.39785 16.85257 1.123921  5.933288
308  29.30 0.11566446  6.9924 32.91544 16.81436 1.122619  5.992741
309  29.35 0.11447642  6.8246 31.79804 16.77668 1.121286  6.054934
310  29.40 0.11325368  6.6583 31.21460 16.73998 1.119916  6.120306
311  29.45 0.11200088  6.4939 32.32387 16.70400 1.118514  6.188765
312  29.50 0.11071688  6.3314 31.71849 16.66883 1.117079  6.260538
313  29.55 0.10939788  6.1706 31.60448 16.63466 1.115606  6.336020
314  29.60 0.10804768  6.0117 30.53250 16.60107 1.114101  6.415197
315  29.65 0.10664951  5.8506 29.04285 16.56402 1.112544  6.499300
316  29.70 0.10523971  5.6966 29.38783 16.53244 1.110977  6.586365
317  29.75 0.10379101  5.5442 28.61750 16.50193 1.109369  6.678297
318  29.80 0.10231075  5.3941 27.98707 16.47242 1.107728  6.774920
319  29.85 0.10079672  5.2460 27.11915 16.44365 1.106052  6.876684
320  29.90 0.09924873  5.1001 27.39648 16.41593 1.104341  6.983940
321  29.95 0.09766667  4.9564 27.53465 16.38921 1.102595  7.097070
322  30.00 0.09605255  4.8151 27.10667 16.36351 1.100817  7.216333
323  30.05 0.09440187  4.6759 26.71776 16.33889 1.099001  7.342515
324  30.10 0.09268464  4.5345 25.76574 16.31031 1.097116  7.478555
325  30.15 0.09096978  4.4007 24.85677 16.28853 1.095236  7.619532
326  30.20 0.08921322  4.2688 24.96033 16.26814 1.093314  7.769557
327  30.25 0.08742226  4.1395 24.64583 16.24958 1.091357  7.928727
328  30.30 0.08559483  4.0124 23.79768 16.23217 1.089365  8.098002
329  30.35 0.08373150  3.8878 23.40096 16.21664 1.087337  8.278213
330  30.40 0.08183098  3.7656 23.50314 16.20300 1.085272  8.470474
331  30.45 0.07989551  3.6459 22.90199 16.19119 1.083174  8.675671
332  30.50 0.07791373  3.5283 22.89525 16.18221 1.081029  8.896342
333  30.55 0.07590763  3.4138 23.03436 16.17527 1.078863  9.131456
334  30.60 0.07386535  3.3018 22.10681 16.17088 1.076662  9.383928
335  30.65 0.07173007  3.1875 20.90455 16.16110 1.074365  9.663272
336  30.70 0.06961512  3.0808 20.82530 16.16300 1.072095  9.956848
337  30.75 0.06746548  2.9765 20.32350 16.16750 1.069793 10.274102
338  30.80 0.06527855  2.8746 19.72969 16.17551 1.067456 10.618300
339  30.85 0.06305564  2.7749 19.04863 16.18594 1.065086 10.992628
340  30.90 0.06081417  2.6782 19.18012 16.19927 1.062701 11.397790
341  30.95 0.05853796  2.5837 18.50166 16.21550 1.060285 11.840987
342  31.00 0.05026455  2.2623 17.79869 16.24170 1.051549 13.789980
