2 20 13 14 50
2 20 19 20 50
2 20 19 20 50
2 20 20 21 50
2 20 20 21 50
2 20 20 21 50
2 20 20 21 50
2 20 21 22 50
2 20 21 22 50
2 20 22 23 50
2 20 22 23 50
2 20 22 23 50
2 20 22 23 50
2 20 22 23 50
2 20 22 23 50
2 20 22 23 50
2 20 22 23 50
2 20 22 23 50
2 20 22 23 50
2 20 23 24 50
2 20 23 24 50
2 20 23 24 50
2 20 23 24 50
2 20 23 24 50
2 20 23 24 50
2 20 24 25 50
2 20 24 25 50
2 20 24 25 50
2 20 24 25 50
2 20 24 25 50
2 20 24 25 50
2 20 24 25 50
2 20 24 25 50
2 20 24 25 50
2 20 25 26 50
2 20 25 26 50
2 20 25 26 50
2 20 25 26 50
2 20 25 26 50
2 20 25 26 50
2 20 25 26 50
2 20 26 27 50
2 20 26 27 50
2 20 26 27 50
2 20 27 28 50
2 20 27 28 50
2 20 27 28 50
2 20 28 29 50
2 20 29 30 50
2 20 29 30 50
3 25 12 13 50
3 25 12 13 50
3 25 15 16 50
3 25 17 18 50
3 25 17 18 50
3 25 18 19 50
3 25 18 19 50
3 25 18 19 50
3 25 18 19 50
3 25 18 19 50
3 25 18 19 50
3 25 19 20 50
3 25 19 20 50
3 25 20 21 50
3 25 20 21 50
3 25 20 21 50
3 25 20 21 50
3 25 20 21 50
3 25 20 21 50
3 25 20 21 50
3 25 21 22 50
3 25 21 22 50
3 25 21 22 50
3 25 21 22 50
3 25 21 22 50
3 25 21 22 50
3 25 21 22 50
3 25 21 22 50
3 25 22 23 50
3 25 22 23 50
3 25 22 23 50
3 25 22 23 50
3 25 22 23 50
3 25 22 23 50
3 25 23 24 50
3 25 23 24 50
3 25 23 24 50
3 25 23 24 50
3 25 23 24 50
3 25 23 24 50
3 25 23 24 50
3 25 23 24 50
3 25 24 25 50
3 25 24 25 50
3 25 24 25 50
3 25 24 25 50
3 25 27 28 50
3 25 27 28 50
3 25 27 28 50
3 25 27 28 50
4 28 7 8 50
4 28 8 9 50
4 28 8 9 50
4 28 8 9 50
4 28 9 10 50
4 28 9 10 50
4 28 9 10 50
4 28 9 10 50
4 28 10 11 50
4 28 10 11 50
4 28 10 11 50
4 28 10 11 50
4 28 11 12 50
4 28 11 12 50
4 28 11 12 50
4 28 11 12 50
4 28 11 12 50
4 28 11 12 50
4 28 11 12 50
4 28 11 12 50
4 28 11 12 50
4 28 12 13 50
4 28 12 13 50
4 28 12 13 50
4 28 12 13 50
4 28 12 13 50
4 28 12 13 50
4 28 12 13 50
4 28 12 13 50
4 28 12 13 50
4 28 12 13 50
4 28 13 14 50
4 28 13 14 50
4 28 13 14 50
4 28 13 14 50
4 28 13 14 50
4 28 13 14 50
4 28 13 14 50
4 28 13 14 50
4 28 13 14 50
4 28 13 14 50
4 28 13 14 50
4 28 14 15 50
4 28 14 15 50
4 28 14 15 50
4 28 14 15 50
4 28 14 15 50
4 28 14 15 50
4 28 14 15 50
4 28 14 15 50
5 30 4 5 50
5 30 6 7 50
5 30 6 7 50
5 30 6 7 50
5 30 6 7 50
5 30 6 7 50
5 30 7 8 50
5 30 7 8 50
5 30 7 8 50
5 30 7 8 50
5 30 7 8 50
5 30 7 8 50
5 30 7 8 50
5 30 7 8 50
5 30 7 8 50
5 30 8 9 50
5 30 8 9 50
5 30 8 9 50
5 30 8 9 50
5 30 8 9 50
5 30 8 9 50
5 30 8 9 50
5 30 8 9 50
5 30 8 9 50
5 30 9 10 50
5 30 9 10 50
5 30 9 10 50
5 30 9 10 50
5 30 9 10 50
5 30 9 10 50
5 30 10 11 50
5 30 10 11 50
5 30 10 11 50
5 30 10 11 50
5 30 10 11 50
5 30 10 11 50
5 30 11 12 50
5 30 11 12 50
5 30 11 12 50
5 30 11 12 50
5 30 12 13 50
5 30 12 13 50
5 30 12 13 50
5 30 12 13 50
5 30 12 13 50
5 30 13 14 50
5 30 14 15 50
5 30 14 15 50
5 30 15 16 50
5 30 16 17 50
