1 20 21 22 353
1 20 21 22 353
1 20 21 22 353
1 20 21 22 353
1 20 21 22 353
1 20 21 22 353
1 20 22 23 353
1 20 22 23 353
1 20 22 23 353
1 20 22 23 353
1 20 22 23 353
1 20 22 23 353
1 20 22 23 353
1 20 22 23 353
1 20 22 23 353
1 20 22 23 353
1 20 22 23 353
1 20 22 23 353
1 20 22 23 353
1 20 22 23 353
1 20 22 23 353
1 20 22 23 353
1 20 22 23 353
1 20 22 23 353
1 20 22 23 353
1 20 22 23 353
1 20 22 23 353
1 20 22 23 353
1 20 22 23 353
1 20 22 23 353
1 20 22 23 353
1 20 22 23 353
1 20 22 23 353
1 20 22 23 353
1 20 22 23 353
1 20 22 23 353
1 20 22 23 353
1 20 22 23 353
1 20 22 23 353
1 20 22 23 353
1 20 22 23 353
1 20 22 23 353
1 20 22 23 353
1 20 22 23 353
1 20 22 23 353
1 20 22 23 353
1 20 22 23 353
1 20 22 23 353
1 20 22 23 353
1 20 23 24 353
1 20 23 24 353
1 20 23 24 353
1 20 23 24 353
1 20 23 24 353
1 20 23 24 353
1 20 23 24 353
1 20 23 24 353
1 20 23 24 353
1 20 23 24 353
1 20 23 24 353
1 20 23 24 353
1 20 23 24 353
1 20 23 24 353
1 20 23 24 353
1 20 23 24 353
1 20 23 24 353
1 20 23 24 353
1 20 23 24 353
1 20 23 24 353
1 20 23 24 353
1 20 23 24 353
1 20 23 24 353
1 20 23 24 353
1 20 23 24 353
1 20 23 24 353
1 20 23 24 353
1 20 23 24 353
1 20 23 24 353
1 20 23 24 353
1 20 23 24 353
1 20 23 24 353
1 20 23 24 353
1 20 23 24 353
1 20 23 24 353
1 20 23 24 353
1 20 23 24 353
1 20 23 24 353
1 20 23 24 353
1 20 23 24 353
1 20 23 24 353
1 20 23 24 353
1 20 23 24 353
1 20 23 24 353
1 20 23 24 353
1 20 23 24 353
1 20 23 24 353
1 20 23 24 353
1 20 23 24 353
1 20 23 24 353
1 20 23 24 353
1 20 23 24 353
1 20 23 24 353
1 20 23 24 353
1 20 23 24 353
1 20 23 24 353
1 20 23 24 353
1 20 24 25 353
1 20 24 25 353
1 20 24 25 353
1 20 24 25 353
1 20 24 25 353
1 20 24 25 353
1 20 24 25 353
1 20 24 25 353
1 20 24 25 353
1 20 24 25 353
1 20 24 25 353
1 20 24 25 353
1 20 24 25 353
1 20 24 25 353
1 20 24 25 353
1 20 24 25 353
1 20 24 25 353
1 20 24 25 353
1 20 24 25 353
1 20 24 25 353
1 20 24 25 353
1 20 24 25 353
1 20 24 25 353
1 20 24 25 353
1 20 24 25 353
1 20 24 25 353
1 20 24 25 353
1 20 24 25 353
1 20 24 25 353
1 20 24 25 353
1 20 24 25 353
1 20 24 25 353
1 20 24 25 353
1 20 24 25 353
1 20 24 25 353
1 20 24 25 353
1 20 24 25 353
1 20 24 25 353
1 20 24 25 353
1 20 24 25 353
1 20 24 25 353
1 20 24 25 353
1 20 24 25 353
1 20 24 25 353
1 20 24 25 353
1 20 24 25 353
1 20 25 26 353
1 20 25 26 353
1 20 25 26 353
1 20 25 26 353
1 20 25 26 353
1 20 25 26 353
1 20 25 26 353
1 20 25 26 353
1 20 25 26 353
1 20 25 26 353
1 20 25 26 353
1 20 25 26 353
1 20 25 26 353
1 20 25 26 353
1 20 25 26 353
1 20 25 26 353
1 20 25 26 353
1 20 25 26 353
1 20 25 26 353
1 20 25 26 353
1 20 25 26 353
1 20 25 26 353
1 20 25 26 353
1 20 25 26 353
1 20 25 26 353
1 20 25 26 353
1 20 25 26 353
1 20 25 26 353
1 20 25 26 353
1 20 25 26 353
1 20 25 26 353
1 20 25 26 353
1 20 25 26 353
1 20 25 26 353
1 20 25 26 353
1 20 25 26 353
1 20 25 26 353
1 20 25 26 353
1 20 25 26 353
1 20 25 26 353
1 20 25 26 353
1 20 25 26 353
1 20 26 27 353
1 20 26 27 353
1 20 26 27 353
1 20 26 27 353
1 20 26 27 353
1 20 26 27 353
1 20 26 27 353
1 20 26 27 353
1 20 26 27 353
1 20 26 27 353
1 20 26 27 353
1 20 26 27 353
1 20 26 27 353
1 20 26 27 353
1 20 26 27 353
1 20 26 27 353
1 20 26 27 353
1 20 26 27 353
1 20 26 27 353
1 20 26 27 353
1 20 26 27 353
1 20 26 27 353
1 20 26 27 353
1 20 26 27 353
1 20 26 27 353
1 20 27 28 353
1 20 27 28 353
1 20 27 28 353
1 20 27 28 353
1 20 27 28 353
1 20 27 28 353
1 20 27 28 353
1 20 27 28 353
1 20 27 28 353
1 20 27 28 353
1 20 27 28 353
1 20 27 28 353
1 20 27 28 353
1 20 27 28 353
1 20 27 28 353
1 20 28 29 353
1 20 28 29 353
1 20 28 29 353
2 20.01 21 22 343
2 20.01 21 22 343
2 20.01 22 23 343
2 20.01 22 23 343
2 20.01 22 23 343
2 20.01 22 23 343
2 20.01 22 23 343
2 20.01 22 23 343
2 20.01 22 23 343
2 20.01 22 23 343
2 20.01 22 23 343
2 20.01 22 23 343
2 20.01 22 23 343
2 20.01 22 23 343
2 20.01 22 23 343
2 20.01 22 23 343
2 20.01 22 23 343
2 20.01 22 23 343
2 20.01 22 23 343
2 20.01 22 23 343
2 20.01 22 23 343
2 20.01 22 23 343
2 20.01 22 23 343
2 20.01 22 23 343
2 20.01 22 23 343
2 20.01 22 23 343
2 20.01 22 23 343
2 20.01 22 23 343
2 20.01 22 23 343
2 20.01 22 23 343
2 20.01 22 23 343
2 20.01 22 23 343
2 20.01 22 23 343
2 20.01 22 23 343
2 20.01 22 23 343
2 20.01 22 23 343
2 20.01 22 23 343
2 20.01 22 23 343
2 20.01 22 23 343
2 20.01 22 23 343
2 20.01 22 23 343
2 20.01 22 23 343
2 20.01 23 24 343
2 20.01 23 24 343
2 20.01 23 24 343
2 20.01 23 24 343
2 20.01 23 24 343
2 20.01 23 24 343
2 20.01 23 24 343
2 20.01 23 24 343
2 20.01 23 24 343
2 20.01 23 24 343
2 20.01 23 24 343
2 20.01 23 24 343
2 20.01 23 24 343
2 20.01 23 24 343
2 20.01 23 24 343
2 20.01 23 24 343
2 20.01 23 24 343
2 20.01 23 24 343
2 20.01 23 24 343
2 20.01 23 24 343
2 20.01 23 24 343
2 20.01 23 24 343
2 20.01 23 24 343
2 20.01 23 24 343
2 20.01 23 24 343
2 20.01 23 24 343
2 20.01 23 24 343
2 20.01 23 24 343
2 20.01 23 24 343
2 20.01 23 24 343
2 20.01 23 24 343
2 20.01 23 24 343
2 20.01 23 24 343
2 20.01 23 24 343
2 20.01 23 24 343
2 20.01 23 24 343
2 20.01 23 24 343
2 20.01 23 24 343
2 20.01 23 24 343
2 20.01 23 24 343
2 20.01 23 24 343
2 20.01 23 24 343
2 20.01 23 24 343
2 20.01 23 24 343
2 20.01 23 24 343
2 20.01 23 24 343
2 20.01 23 24 343
2 20.01 23 24 343
2 20.01 23 24 343
2 20.01 23 24 343
2 20.01 23 24 343
2 20.01 23 24 343
2 20.01 23 24 343
2 20.01 23 24 343
2 20.01 23 24 343
2 20.01 23 24 343
2 20.01 23 24 343
2 20.01 23 24 343
2 20.01 23 24 343
2 20.01 23 24 343
2 20.01 23 24 343
2 20.01 23 24 343
2 20.01 23 24 343
2 20.01 23 24 343
2 20.01 23 24 343
2 20.01 23 24 343
2 20.01 23 24 343
2 20.01 23 24 343
2 20.01 23 24 343
2 20.01 23 24 343
2 20.01 24 25 343
2 20.01 24 25 343
2 20.01 24 25 343
2 20.01 24 25 343
2 20.01 24 25 343
2 20.01 24 25 343
2 20.01 24 25 343
2 20.01 24 25 343
2 20.01 24 25 343
2 20.01 24 25 343
2 20.01 24 25 343
2 20.01 24 25 343
2 20.01 24 25 343
2 20.01 24 25 343
2 20.01 24 25 343
2 20.01 24 25 343
2 20.01 24 25 343
2 20.01 24 25 343
2 20.01 24 25 343
2 20.01 24 25 343
2 20.01 24 25 343
2 20.01 24 25 343
2 20.01 24 25 343
2 20.01 24 25 343
2 20.01 24 25 343
2 20.01 25 26 343
2 20.01 25 26 343
2 20.01 25 26 343
2 20.01 25 26 343
2 20.01 25 26 343
2 20.01 25 26 343
2 20.01 25 26 343
2 20.01 25 26 343
2 20.01 25 26 343
2 20.01 25 26 343
2 20.01 25 26 343
2 20.01 25 26 343
2 20.01 25 26 343
2 20.01 25 26 343
2 20.01 25 26 343
2 20.01 25 26 343
2 20.01 25 26 343
2 20.01 25 26 343
2 20.01 25 26 343
2 20.01 25 26 343
2 20.01 25 26 343
2 20.01 25 26 343
2 20.01 25 26 343
2 20.01 25 26 343
2 20.01 25 26 343
2 20.01 25 26 343
2 20.01 25 26 343
2 20.01 25 26 343
2 20.01 25 26 343
2 20.01 25 26 343
2 20.01 25 26 343
2 20.01 25 26 343
2 20.01 26 27 343
2 20.01 26 27 343
2 20.01 26 27 343
2 20.01 26 27 343
2 20.01 26 27 343
2 20.01 26 27 343
2 20.01 26 27 343
2 20.01 26 27 343
2 20.01 26 27 343
2 20.01 26 27 343
2 20.01 26 27 343
2 20.01 26 27 343
2 20.01 26 27 343
2 20.01 26 27 343
2 20.01 26 27 343
2 20.01 26 27 343
2 20.01 26 27 343
2 20.01 26 27 343
2 20.01 26 27 343
2 20.01 26 27 343
2 20.01 26 27 343
2 20.01 26 27 343
2 20.01 26 27 343
2 20.01 27 28 343
2 20.01 27 28 343
2 20.01 27 28 343
2 20.01 27 28 343
2 20.01 27 28 343
2 20.01 27 28 343
2 20.01 27 28 343
2 20.01 27 28 343
2 20.01 27 28 343
2 20.01 27 28 343
2 20.01 27 28 343
2 20.01 27 28 343
2 20.01 28 29 343
2 20.01 28 29 343
2 20.01 28 29 343
3 25 10 11 458
3 25 10 11 458
3 25 10 11 458
3 25 10 11 458
3 25 10 11 458
3 25 10 11 458
3 25 10 11 458
3 25 10 11 458
3 25 10 11 458
3 25 10 11 458
3 25 10 11 458
3 25 10 11 458
3 25 10 11 458
3 25 10 11 458
3 25 10 11 458
3 25 10 11 458
3 25 10 11 458
3 25 10 11 458
3 25 10 11 458
3 25 10 11 458
3 25 10 11 458
3 25 10 11 458
3 25 11 12 458
3 25 11 12 458
3 25 11 12 458
3 25 11 12 458
3 25 11 12 458
3 25 11 12 458
3 25 11 12 458
3 25 11 12 458
3 25 11 12 458
3 25 11 12 458
3 25 11 12 458
3 25 11 12 458
3 25 11 12 458
3 25 11 12 458
3 25 11 12 458
3 25 11 12 458
3 25 11 12 458
3 25 11 12 458
3 25 11 12 458
3 25 11 12 458
3 25 11 12 458
3 25 11 12 458
3 25 11 12 458
3 25 11 12 458
3 25 11 12 458
3 25 11 12 458
3 25 11 12 458
3 25 11 12 458
3 25 11 12 458
3 25 11 12 458
3 25 11 12 458
3 25 11 12 458
3 25 11 12 458
3 25 11 12 458
3 25 11 12 458
3 25 11 12 458
3 25 11 12 458
3 25 11 12 458
3 25 11 12 458
3 25 11 12 458
3 25 11 12 458
3 25 11 12 458
3 25 11 12 458
3 25 11 12 458
3 25 11 12 458
3 25 11 12 458
3 25 11 12 458
3 25 11 12 458
3 25 11 12 458
3 25 11 12 458
3 25 11 12 458
3 25 11 12 458
3 25 11 12 458
3 25 11 12 458
3 25 11 12 458
3 25 11 12 458
3 25 11 12 458
3 25 11 12 458
3 25 11 12 458
3 25 11 12 458
3 25 11 12 458
3 25 11 12 458
3 25 11 12 458
3 25 11 12 458
3 25 11 12 458
3 25 11 12 458
3 25 11 12 458
3 25 11 12 458
3 25 11 12 458
3 25 11 12 458
3 25 11 12 458
3 25 11 12 458
3 25 11 12 458
3 25 12 13 458
3 25 12 13 458
3 25 12 13 458
3 25 12 13 458
3 25 12 13 458
3 25 12 13 458
3 25 12 13 458
3 25 12 13 458
3 25 12 13 458
3 25 12 13 458
3 25 12 13 458
3 25 12 13 458
3 25 12 13 458
3 25 12 13 458
3 25 12 13 458
3 25 12 13 458
3 25 12 13 458
3 25 12 13 458
3 25 12 13 458
3 25 12 13 458
3 25 12 13 458
3 25 12 13 458
3 25 12 13 458
3 25 12 13 458
3 25 12 13 458
3 25 12 13 458
3 25 12 13 458
3 25 12 13 458
3 25 12 13 458
3 25 12 13 458
3 25 12 13 458
3 25 12 13 458
3 25 12 13 458
3 25 12 13 458
3 25 12 13 458
3 25 12 13 458
3 25 12 13 458
3 25 12 13 458
3 25 12 13 458
3 25 12 13 458
3 25 12 13 458
3 25 12 13 458
3 25 12 13 458
3 25 12 13 458
3 25 12 13 458
3 25 12 13 458
3 25 12 13 458
3 25 12 13 458
3 25 12 13 458
3 25 12 13 458
3 25 12 13 458
3 25 12 13 458
3 25 12 13 458
3 25 12 13 458
3 25 12 13 458
3 25 12 13 458
3 25 12 13 458
3 25 12 13 458
3 25 12 13 458
3 25 12 13 458
3 25 12 13 458
3 25 12 13 458
3 25 12 13 458
3 25 12 13 458
3 25 12 13 458
3 25 12 13 458
3 25 12 13 458
3 25 12 13 458
3 25 12 13 458
3 25 12 13 458
3 25 12 13 458
3 25 12 13 458
3 25 12 13 458
3 25 12 13 458
3 25 12 13 458
3 25 12 13 458
3 25 12 13 458
3 25 12 13 458
3 25 12 13 458
3 25 12 13 458
3 25 12 13 458
3 25 12 13 458
3 25 12 13 458
3 25 12 13 458
3 25 12 13 458
3 25 12 13 458
3 25 12 13 458
3 25 12 13 458
3 25 12 13 458
3 25 12 13 458
3 25 12 13 458
3 25 12 13 458
3 25 12 13 458
3 25 12 13 458
3 25 12 13 458
3 25 12 13 458
3 25 12 13 458
3 25 12 13 458
3 25 12 13 458
3 25 12 13 458
3 25 12 13 458
3 25 12 13 458
3 25 12 13 458
3 25 12 13 458
3 25 12 13 458
3 25 12 13 458
3 25 12 13 458
3 25 12 13 458
3 25 12 13 458
3 25 12 13 458
3 25 12 13 458
3 25 12 13 458
3 25 12 13 458
3 25 12 13 458
3 25 12 13 458
3 25 12 13 458
3 25 12 13 458
3 25 12 13 458
3 25 12 13 458
3 25 12 13 458
3 25 12 13 458
3 25 12 13 458
3 25 12 13 458
3 25 12 13 458
3 25 12 13 458
3 25 12 13 458
3 25 12 13 458
3 25 12 13 458
3 25 13 14 458
3 25 13 14 458
3 25 13 14 458
3 25 13 14 458
3 25 13 14 458
3 25 13 14 458
3 25 13 14 458
3 25 13 14 458
3 25 13 14 458
3 25 13 14 458
3 25 13 14 458
3 25 13 14 458
3 25 13 14 458
3 25 13 14 458
3 25 13 14 458
3 25 13 14 458
3 25 13 14 458
3 25 13 14 458
3 25 13 14 458
3 25 13 14 458
3 25 13 14 458
3 25 13 14 458
3 25 13 14 458
3 25 13 14 458
3 25 13 14 458
3 25 13 14 458
3 25 13 14 458
3 25 13 14 458
3 25 13 14 458
3 25 13 14 458
3 25 13 14 458
3 25 13 14 458
3 25 13 14 458
3 25 13 14 458
3 25 13 14 458
3 25 13 14 458
3 25 13 14 458
3 25 13 14 458
3 25 13 14 458
3 25 13 14 458
3 25 13 14 458
3 25 13 14 458
3 25 13 14 458
3 25 13 14 458
3 25 13 14 458
3 25 13 14 458
3 25 13 14 458
3 25 13 14 458
3 25 13 14 458
3 25 13 14 458
3 25 13 14 458
3 25 13 14 458
3 25 13 14 458
3 25 13 14 458
3 25 13 14 458
3 25 13 14 458
3 25 13 14 458
3 25 13 14 458
3 25 13 14 458
3 25 13 14 458
3 25 13 14 458
3 25 13 14 458
3 25 13 14 458
3 25 13 14 458
3 25 13 14 458
3 25 14 15 458
3 25 14 15 458
3 25 14 15 458
3 25 14 15 458
3 25 14 15 458
3 25 14 15 458
3 25 14 15 458
3 25 14 15 458
3 25 14 15 458
3 25 14 15 458
3 25 14 15 458
3 25 14 15 458
3 25 14 15 458
3 25 14 15 458
3 25 14 15 458
3 25 14 15 458
3 25 14 15 458
3 25 14 15 458
3 25 14 15 458
3 25 14 15 458
3 25 14 15 458
3 25 14 15 458
3 25 14 15 458
3 25 14 15 458
3 25 14 15 458
3 25 14 15 458
3 25 14 15 458
3 25 14 15 458
3 25 14 15 458
3 25 14 15 458
3 25 14 15 458
3 25 14 15 458
3 25 14 15 458
3 25 14 15 458
3 25 14 15 458
3 25 14 15 458
3 25 14 15 458
3 25 14 15 458
3 25 14 15 458
3 25 15 16 458
3 25 15 16 458
3 25 15 16 458
3 25 15 16 458
3 25 15 16 458
3 25 15 16 458
3 25 15 16 458
3 25 15 16 458
3 25 15 16 458
3 25 15 16 458
3 25 15 16 458
3 25 15 16 458
3 25 16 17 458
3 25 16 17 458
3 25 16 17 458
3 25 16 17 458
3 25 16 17 458
3 25 16 17 458
3 25 17 18 458
3 25 17 18 458
3 25 18 19 458
3 25 20 21 458
4 25.01 10 11 316
4 25.01 11 12 316
4 25.01 11 12 316
4 25.01 11 12 316
4 25.01 11 12 316
4 25.01 11 12 316
4 25.01 11 12 316
4 25.01 11 12 316
4 25.01 11 12 316
4 25.01 11 12 316
4 25.01 11 12 316
4 25.01 11 12 316
4 25.01 11 12 316
4 25.01 11 12 316
4 25.01 11 12 316
4 25.01 11 12 316
4 25.01 11 12 316
4 25.01 11 12 316
4 25.01 11 12 316
4 25.01 11 12 316
4 25.01 11 12 316
4 25.01 11 12 316
4 25.01 11 12 316
4 25.01 12 13 316
4 25.01 12 13 316
4 25.01 12 13 316
4 25.01 12 13 316
4 25.01 12 13 316
4 25.01 12 13 316
4 25.01 12 13 316
4 25.01 12 13 316
4 25.01 12 13 316
4 25.01 12 13 316
4 25.01 12 13 316
4 25.01 12 13 316
4 25.01 12 13 316
4 25.01 12 13 316
4 25.01 12 13 316
4 25.01 12 13 316
4 25.01 12 13 316
4 25.01 12 13 316
4 25.01 12 13 316
4 25.01 12 13 316
4 25.01 12 13 316
4 25.01 12 13 316
4 25.01 12 13 316
4 25.01 12 13 316
4 25.01 12 13 316
4 25.01 12 13 316
4 25.01 12 13 316
4 25.01 12 13 316
4 25.01 12 13 316
4 25.01 12 13 316
4 25.01 12 13 316
4 25.01 12 13 316
4 25.01 12 13 316
4 25.01 12 13 316
4 25.01 12 13 316
4 25.01 12 13 316
4 25.01 12 13 316
4 25.01 12 13 316
4 25.01 12 13 316
4 25.01 12 13 316
4 25.01 12 13 316
4 25.01 12 13 316
4 25.01 12 13 316
4 25.01 12 13 316
4 25.01 12 13 316
4 25.01 12 13 316
4 25.01 12 13 316
4 25.01 12 13 316
4 25.01 12 13 316
4 25.01 12 13 316
4 25.01 12 13 316
4 25.01 12 13 316
4 25.01 12 13 316
4 25.01 12 13 316
4 25.01 13 14 316
4 25.01 13 14 316
4 25.01 13 14 316
4 25.01 13 14 316
4 25.01 13 14 316
4 25.01 13 14 316
4 25.01 13 14 316
4 25.01 13 14 316
4 25.01 13 14 316
4 25.01 13 14 316
4 25.01 13 14 316
4 25.01 13 14 316
4 25.01 13 14 316
4 25.01 13 14 316
4 25.01 13 14 316
4 25.01 13 14 316
4 25.01 13 14 316
4 25.01 13 14 316
4 25.01 13 14 316
4 25.01 13 14 316
4 25.01 13 14 316
4 25.01 13 14 316
4 25.01 13 14 316
4 25.01 13 14 316
4 25.01 13 14 316
4 25.01 13 14 316
4 25.01 13 14 316
4 25.01 13 14 316
4 25.01 14 15 316
4 25.01 14 15 316
4 25.01 14 15 316
4 25.01 14 15 316
4 25.01 14 15 316
4 25.01 14 15 316
4 25.01 14 15 316
4 25.01 14 15 316
4 25.01 14 15 316
4 25.01 14 15 316
4 25.01 14 15 316
4 25.01 14 15 316
4 25.01 14 15 316
4 25.01 14 15 316
4 25.01 14 15 316
4 25.01 14 15 316
4 25.01 14 15 316
4 25.01 14 15 316
4 25.01 14 15 316
4 25.01 14 15 316
4 25.01 14 15 316
4 25.01 14 15 316
4 25.01 14 15 316
4 25.01 14 15 316
4 25.01 14 15 316
4 25.01 14 15 316
4 25.01 14 15 316
4 25.01 14 15 316
4 25.01 14 15 316
4 25.01 14 15 316
4 25.01 14 15 316
4 25.01 14 15 316
4 25.01 14 15 316
4 25.01 14 15 316
4 25.01 14 15 316
4 25.01 14 15 316
4 25.01 14 15 316
4 25.01 14 15 316
4 25.01 14 15 316
4 25.01 14 15 316
4 25.01 14 15 316
4 25.01 14 15 316
4 25.01 14 15 316
4 25.01 14 15 316
4 25.01 14 15 316
4 25.01 14 15 316
4 25.01 14 15 316
4 25.01 14 15 316
4 25.01 14 15 316
4 25.01 14 15 316
4 25.01 14 15 316
4 25.01 14 15 316
4 25.01 14 15 316
4 25.01 14 15 316
4 25.01 14 15 316
4 25.01 14 15 316
4 25.01 14 15 316
4 25.01 14 15 316
4 25.01 14 15 316
4 25.01 14 15 316
4 25.01 14 15 316
4 25.01 14 15 316
4 25.01 14 15 316
4 25.01 14 15 316
4 25.01 14 15 316
4 25.01 14 15 316
4 25.01 14 15 316
4 25.01 14 15 316
4 25.01 14 15 316
4 25.01 14 15 316
4 25.01 14 15 316
4 25.01 15 16 316
4 25.01 15 16 316
4 25.01 15 16 316
4 25.01 15 16 316
4 25.01 15 16 316
4 25.01 15 16 316
4 25.01 15 16 316
4 25.01 15 16 316
4 25.01 15 16 316
4 25.01 15 16 316
4 25.01 15 16 316
4 25.01 15 16 316
4 25.01 15 16 316
4 25.01 15 16 316
4 25.01 15 16 316
4 25.01 15 16 316
4 25.01 15 16 316
4 25.01 15 16 316
4 25.01 15 16 316
4 25.01 15 16 316
4 25.01 15 16 316
4 25.01 15 16 316
4 25.01 15 16 316
4 25.01 15 16 316
4 25.01 15 16 316
4 25.01 15 16 316
4 25.01 15 16 316
4 25.01 15 16 316
4 25.01 15 16 316
4 25.01 15 16 316
4 25.01 15 16 316
4 25.01 15 16 316
4 25.01 15 16 316
4 25.01 15 16 316
4 25.01 15 16 316
4 25.01 15 16 316
4 25.01 15 16 316
4 25.01 15 16 316
4 25.01 15 16 316
4 25.01 15 16 316
4 25.01 15 16 316
4 25.01 15 16 316
4 25.01 15 16 316
4 25.01 16 17 316
4 25.01 16 17 316
4 25.01 16 17 316
4 25.01 16 17 316
4 25.01 16 17 316
4 25.01 16 17 316
4 25.01 16 17 316
4 25.01 16 17 316
4 25.01 16 17 316
4 25.01 16 17 316
4 25.01 16 17 316
4 25.01 16 17 316
4 25.01 16 17 316
4 25.01 16 17 316
4 25.01 16 17 316
4 25.01 16 17 316
4 25.01 17 18 316
4 25.01 17 18 316
4 25.01 18 19 316
4 25.01 18 19 316
4 25.01 18 19 316
4 25.01 18 19 316
4 25.01 18 19 316
4 25.01 18 19 316
4 25.01 20 21 316
5 28 9 10 294
5 28 10 11 294
5 28 10 11 294
5 28 10 11 294
5 28 10 11 294
5 28 10 11 294
5 28 10 11 294
5 28 10 11 294
5 28 10 11 294
5 28 10 11 294
5 28 10 11 294
5 28 10 11 294
5 28 10 11 294
5 28 10 11 294
5 28 10 11 294
5 28 10 11 294
5 28 10 11 294
5 28 10 11 294
5 28 10 11 294
5 28 10 11 294
5 28 10 11 294
5 28 10 11 294
5 28 10 11 294
5 28 10 11 294
5 28 10 11 294
5 28 10 11 294
5 28 10 11 294
5 28 10 11 294
5 28 10 11 294
5 28 10 11 294
5 28 10 11 294
5 28 10 11 294
5 28 10 11 294
5 28 10 11 294
5 28 10 11 294
5 28 10 11 294
5 28 10 11 294
5 28 10 11 294
5 28 10 11 294
5 28 10 11 294
5 28 10 11 294
5 28 10 11 294
5 28 10 11 294
5 28 10 11 294
5 28 10 11 294
5 28 10 11 294
5 28 10 11 294
5 28 10 11 294
5 28 10 11 294
5 28 10 11 294
5 28 10 11 294
5 28 10 11 294
5 28 10 11 294
5 28 10 11 294
5 28 10 11 294
5 28 10 11 294
5 28 10 11 294
5 28 10 11 294
5 28 10 11 294
5 28 10 11 294
5 28 10 11 294
5 28 10 11 294
5 28 10 11 294
5 28 10 11 294
5 28 10 11 294
5 28 10 11 294
5 28 10 11 294
5 28 10 11 294
5 28 10 11 294
5 28 10 11 294
5 28 10 11 294
5 28 10 11 294
5 28 10 11 294
5 28 10 11 294
5 28 10 11 294
5 28 10 11 294
5 28 10 11 294
5 28 10 11 294
5 28 10 11 294
5 28 10 11 294
5 28 10 11 294
5 28 10 11 294
5 28 10 11 294
5 28 10 11 294
5 28 10 11 294
5 28 10 11 294
5 28 10 11 294
5 28 10 11 294
5 28 10 11 294
5 28 10 11 294
5 28 11 12 294
5 28 11 12 294
5 28 11 12 294
5 28 11 12 294
5 28 11 12 294
5 28 11 12 294
5 28 11 12 294
5 28 11 12 294
5 28 11 12 294
5 28 11 12 294
5 28 11 12 294
5 28 11 12 294
5 28 11 12 294
5 28 11 12 294
5 28 11 12 294
5 28 11 12 294
5 28 11 12 294
5 28 11 12 294
5 28 11 12 294
5 28 11 12 294
5 28 11 12 294
5 28 11 12 294
5 28 11 12 294
5 28 11 12 294
5 28 11 12 294
5 28 11 12 294
5 28 11 12 294
5 28 11 12 294
5 28 11 12 294
5 28 11 12 294
5 28 11 12 294
5 28 11 12 294
5 28 11 12 294
5 28 11 12 294
5 28 11 12 294
5 28 11 12 294
5 28 11 12 294
5 28 11 12 294
5 28 11 12 294
5 28 11 12 294
5 28 11 12 294
5 28 11 12 294
5 28 11 12 294
5 28 11 12 294
5 28 11 12 294
5 28 11 12 294
5 28 11 12 294
5 28 11 12 294
5 28 11 12 294
5 28 11 12 294
5 28 11 12 294
5 28 11 12 294
5 28 11 12 294
5 28 11 12 294
5 28 11 12 294
5 28 11 12 294
5 28 11 12 294
5 28 11 12 294
5 28 11 12 294
5 28 11 12 294
5 28 11 12 294
5 28 11 12 294
5 28 11 12 294
5 28 11 12 294
5 28 11 12 294
5 28 11 12 294
5 28 11 12 294
5 28 11 12 294
5 28 11 12 294
5 28 11 12 294
5 28 11 12 294
5 28 11 12 294
5 28 11 12 294
5 28 11 12 294
5 28 11 12 294
5 28 11 12 294
5 28 11 12 294
5 28 11 12 294
5 28 11 12 294
5 28 12 13 294
5 28 12 13 294
5 28 12 13 294
5 28 12 13 294
5 28 12 13 294
5 28 12 13 294
5 28 12 13 294
5 28 12 13 294
5 28 12 13 294
5 28 12 13 294
5 28 12 13 294
5 28 12 13 294
5 28 12 13 294
5 28 12 13 294
5 28 12 13 294
5 28 12 13 294
5 28 12 13 294
5 28 12 13 294
5 28 12 13 294
5 28 12 13 294
5 28 12 13 294
5 28 13 14 294
5 28 13 14 294
5 28 13 14 294
5 28 13 14 294
5 28 13 14 294
5 28 13 14 294
5 28 13 14 294
5 28 13 14 294
5 28 13 14 294
5 28 13 14 294
5 28 13 14 294
5 28 13 14 294
5 28 13 14 294
5 28 13 14 294
5 28 13 14 294
5 28 13 14 294
5 28 13 14 294
5 28 13 14 294
5 28 13 14 294
5 28 14 15 294
5 28 15 16 294
5 28 16 17 294
6 28.01 9 10 321
6 28.01 9 10 321
6 28.01 9 10 321
6 28.01 9 10 321
6 28.01 9 10 321
6 28.01 9 10 321
6 28.01 9 10 321
6 28.01 9 10 321
6 28.01 9 10 321
6 28.01 9 10 321
6 28.01 9 10 321
6 28.01 9 10 321
6 28.01 9 10 321
6 28.01 9 10 321
6 28.01 9 10 321
6 28.01 9 10 321
6 28.01 9 10 321
6 28.01 9 10 321
6 28.01 9 10 321
6 28.01 9 10 321
6 28.01 9 10 321
6 28.01 9 10 321
6 28.01 9 10 321
6 28.01 9 10 321
6 28.01 9 10 321
6 28.01 9 10 321
6 28.01 9 10 321
6 28.01 9 10 321
6 28.01 9 10 321
6 28.01 9 10 321
6 28.01 9 10 321
6 28.01 9 10 321
6 28.01 9 10 321
6 28.01 9 10 321
6 28.01 9 10 321
6 28.01 9 10 321
6 28.01 9 10 321
6 28.01 9 10 321
6 28.01 9 10 321
6 28.01 9 10 321
6 28.01 9 10 321
6 28.01 9 10 321
6 28.01 9 10 321
6 28.01 9 10 321
6 28.01 9 10 321
6 28.01 9 10 321
6 28.01 9 10 321
6 28.01 9 10 321
6 28.01 9 10 321
6 28.01 9 10 321
6 28.01 9 10 321
6 28.01 9 10 321
6 28.01 9 10 321
6 28.01 9 10 321
6 28.01 9 10 321
6 28.01 9 10 321
6 28.01 9 10 321
6 28.01 9 10 321
6 28.01 9 10 321
6 28.01 9 10 321
6 28.01 9 10 321
6 28.01 9 10 321
6 28.01 9 10 321
6 28.01 9 10 321
6 28.01 9 10 321
6 28.01 9 10 321
6 28.01 9 10 321
6 28.01 9 10 321
6 28.01 9 10 321
6 28.01 9 10 321
6 28.01 9 10 321
6 28.01 9 10 321
6 28.01 9 10 321
6 28.01 9 10 321
6 28.01 9 10 321
6 28.01 9 10 321
6 28.01 9 10 321
6 28.01 9 10 321
6 28.01 9 10 321
6 28.01 9 10 321
6 28.01 9 10 321
6 28.01 9 10 321
6 28.01 9 10 321
6 28.01 9 10 321
6 28.01 9 10 321
6 28.01 9 10 321
6 28.01 9 10 321
6 28.01 9 10 321
6 28.01 9 10 321
6 28.01 9 10 321
6 28.01 9 10 321
6 28.01 9 10 321
6 28.01 9 10 321
6 28.01 9 10 321
6 28.01 9 10 321
6 28.01 9 10 321
6 28.01 9 10 321
6 28.01 9 10 321
6 28.01 9 10 321
6 28.01 9 10 321
6 28.01 10 11 321
6 28.01 10 11 321
6 28.01 10 11 321
6 28.01 10 11 321
6 28.01 10 11 321
6 28.01 10 11 321
6 28.01 10 11 321
6 28.01 10 11 321
6 28.01 10 11 321
6 28.01 10 11 321
6 28.01 10 11 321
6 28.01 10 11 321
6 28.01 10 11 321
6 28.01 10 11 321
6 28.01 10 11 321
6 28.01 10 11 321
6 28.01 10 11 321
6 28.01 10 11 321
6 28.01 10 11 321
6 28.01 10 11 321
6 28.01 10 11 321
6 28.01 10 11 321
6 28.01 10 11 321
6 28.01 10 11 321
6 28.01 10 11 321
6 28.01 10 11 321
6 28.01 10 11 321
6 28.01 10 11 321
6 28.01 10 11 321
6 28.01 10 11 321
6 28.01 10 11 321
6 28.01 10 11 321
6 28.01 10 11 321
6 28.01 10 11 321
6 28.01 10 11 321
6 28.01 10 11 321
6 28.01 10 11 321
6 28.01 10 11 321
6 28.01 10 11 321
6 28.01 10 11 321
6 28.01 10 11 321
6 28.01 10 11 321
6 28.01 10 11 321
6 28.01 10 11 321
6 28.01 10 11 321
6 28.01 10 11 321
6 28.01 10 11 321
6 28.01 10 11 321
6 28.01 10 11 321
6 28.01 10 11 321
6 28.01 10 11 321
6 28.01 10 11 321
6 28.01 10 11 321
6 28.01 10 11 321
6 28.01 10 11 321
6 28.01 10 11 321
6 28.01 11 12 321
6 28.01 11 12 321
6 28.01 11 12 321
6 28.01 11 12 321
6 28.01 11 12 321
6 28.01 11 12 321
6 28.01 11 12 321
6 28.01 11 12 321
6 28.01 11 12 321
6 28.01 11 12 321
6 28.01 11 12 321
6 28.01 11 12 321
6 28.01 11 12 321
6 28.01 11 12 321
6 28.01 11 12 321
6 28.01 11 12 321
6 28.01 11 12 321
6 28.01 11 12 321
6 28.01 11 12 321
6 28.01 11 12 321
6 28.01 11 12 321
6 28.01 11 12 321
6 28.01 11 12 321
6 28.01 11 12 321
6 28.01 11 12 321
6 28.01 11 12 321
6 28.01 11 12 321
6 28.01 11 12 321
6 28.01 11 12 321
6 28.01 11 12 321
6 28.01 11 12 321
6 28.01 11 12 321
6 28.01 11 12 321
6 28.01 11 12 321
6 28.01 11 12 321
6 28.01 11 12 321
6 28.01 11 12 321
6 28.01 11 12 321
6 28.01 11 12 321
6 28.01 11 12 321
6 28.01 11 12 321
6 28.01 11 12 321
6 28.01 11 12 321
6 28.01 11 12 321
6 28.01 11 12 321
6 28.01 11 12 321
6 28.01 11 12 321
6 28.01 11 12 321
6 28.01 11 12 321
6 28.01 11 12 321
6 28.01 11 12 321
6 28.01 11 12 321
6 28.01 11 12 321
6 28.01 11 12 321
6 28.01 11 12 321
6 28.01 11 12 321
6 28.01 11 12 321
6 28.01 11 12 321
6 28.01 11 12 321
6 28.01 11 12 321
6 28.01 11 12 321
6 28.01 11 12 321
6 28.01 11 12 321
6 28.01 11 12 321
6 28.01 11 12 321
6 28.01 11 12 321
6 28.01 11 12 321
6 28.01 11 12 321
6 28.01 11 12 321
6 28.01 11 12 321
6 28.01 11 12 321
6 28.01 12 13 321
6 28.01 12 13 321
6 28.01 12 13 321
6 28.01 12 13 321
6 28.01 12 13 321
6 28.01 12 13 321
6 28.01 12 13 321
6 28.01 12 13 321
6 28.01 12 13 321
6 28.01 12 13 321
6 28.01 12 13 321
6 28.01 12 13 321
6 28.01 12 13 321
6 28.01 12 13 321
6 28.01 12 13 321
6 28.01 12 13 321
6 28.01 12 13 321
6 28.01 12 13 321
6 28.01 13 14 321
6 28.01 13 14 321
6 28.01 13 14 321
6 28.01 13 14 321
6 28.01 13 14 321
6 28.01 13 14 321
6 28.01 13 14 321
6 28.01 13 14 321
6 28.01 13 14 321
6 28.01 13 14 321
6 28.01 13 14 321
6 28.01 13 14 321
6 28.01 13 14 321
6 28.01 14 15 321
6 28.01 14 15 321
6 28.01 14 15 321
6 28.01 15 16 321
6 28.01 15 16 321
6 28.01 15 16 321
7 30 8 9 441
7 30 8 9 441
7 30 8 9 441
7 30 8 9 441
7 30 8 9 441
7 30 8 9 441
7 30 8 9 441
7 30 8 9 441
7 30 8 9 441
7 30 8 9 441
7 30 8 9 441
7 30 8 9 441
7 30 8 9 441
7 30 8 9 441
7 30 8 9 441
7 30 8 9 441
7 30 8 9 441
7 30 8 9 441
7 30 8 9 441
7 30 8 9 441
7 30 8 9 441
7 30 8 9 441
7 30 8 9 441
7 30 8 9 441
7 30 8 9 441
7 30 8 9 441
7 30 8 9 441
7 30 8 9 441
7 30 8 9 441
7 30 8 9 441
7 30 8 9 441
7 30 8 9 441
7 30 8 9 441
7 30 8 9 441
7 30 8 9 441
7 30 8 9 441
7 30 8 9 441
7 30 8 9 441
7 30 8 9 441
7 30 8 9 441
7 30 8 9 441
7 30 8 9 441
7 30 8 9 441
7 30 8 9 441
7 30 8 9 441
7 30 8 9 441
7 30 8 9 441
7 30 8 9 441
7 30 8 9 441
7 30 8 9 441
7 30 8 9 441
7 30 8 9 441
7 30 8 9 441
7 30 8 9 441
7 30 8 9 441
7 30 8 9 441
7 30 8 9 441
7 30 8 9 441
7 30 8 9 441
7 30 8 9 441
7 30 8 9 441
7 30 8 9 441
7 30 8 9 441
7 30 8 9 441
7 30 8 9 441
7 30 8 9 441
7 30 8 9 441
7 30 8 9 441
7 30 9 10 441
7 30 9 10 441
7 30 9 10 441
7 30 9 10 441
7 30 9 10 441
7 30 9 10 441
7 30 9 10 441
7 30 9 10 441
7 30 9 10 441
7 30 9 10 441
7 30 9 10 441
7 30 9 10 441
7 30 9 10 441
7 30 9 10 441
7 30 9 10 441
7 30 9 10 441
7 30 9 10 441
7 30 9 10 441
7 30 9 10 441
7 30 9 10 441
7 30 9 10 441
7 30 9 10 441
7 30 9 10 441
7 30 9 10 441
7 30 9 10 441
7 30 9 10 441
7 30 9 10 441
7 30 9 10 441
7 30 9 10 441
7 30 9 10 441
7 30 9 10 441
7 30 9 10 441
7 30 9 10 441
7 30 9 10 441
7 30 9 10 441
7 30 9 10 441
7 30 9 10 441
7 30 9 10 441
7 30 9 10 441
7 30 9 10 441
7 30 9 10 441
7 30 9 10 441
7 30 9 10 441
7 30 9 10 441
7 30 9 10 441
7 30 9 10 441
7 30 9 10 441
7 30 9 10 441
7 30 9 10 441
7 30 9 10 441
7 30 9 10 441
7 30 9 10 441
7 30 9 10 441
7 30 9 10 441
7 30 9 10 441
7 30 9 10 441
7 30 9 10 441
7 30 9 10 441
7 30 9 10 441
7 30 9 10 441
7 30 9 10 441
7 30 9 10 441
7 30 9 10 441
7 30 9 10 441
7 30 9 10 441
7 30 9 10 441
7 30 9 10 441
7 30 9 10 441
7 30 9 10 441
7 30 9 10 441
7 30 9 10 441
7 30 9 10 441
7 30 9 10 441
7 30 9 10 441
7 30 9 10 441
7 30 9 10 441
7 30 9 10 441
7 30 9 10 441
7 30 9 10 441
7 30 9 10 441
7 30 9 10 441
7 30 9 10 441
7 30 9 10 441
7 30 9 10 441
7 30 9 10 441
7 30 9 10 441
7 30 9 10 441
7 30 9 10 441
7 30 9 10 441
7 30 9 10 441
7 30 9 10 441
7 30 9 10 441
7 30 9 10 441
7 30 9 10 441
7 30 9 10 441
7 30 9 10 441
7 30 9 10 441
7 30 9 10 441
7 30 9 10 441
7 30 9 10 441
7 30 9 10 441
7 30 9 10 441
7 30 9 10 441
7 30 9 10 441
7 30 9 10 441
7 30 9 10 441
7 30 9 10 441
7 30 9 10 441
7 30 9 10 441
7 30 9 10 441
7 30 9 10 441
7 30 9 10 441
7 30 9 10 441
7 30 9 10 441
7 30 9 10 441
7 30 9 10 441
7 30 9 10 441
7 30 9 10 441
7 30 9 10 441
7 30 9 10 441
7 30 9 10 441
7 30 9 10 441
7 30 9 10 441
7 30 9 10 441
7 30 9 10 441
7 30 9 10 441
7 30 9 10 441
7 30 9 10 441
7 30 9 10 441
7 30 9 10 441
7 30 9 10 441
7 30 9 10 441
7 30 9 10 441
7 30 9 10 441
7 30 9 10 441
7 30 9 10 441
7 30 9 10 441
7 30 9 10 441
7 30 9 10 441
7 30 10 11 441
7 30 10 11 441
7 30 10 11 441
7 30 10 11 441
7 30 10 11 441
7 30 10 11 441
7 30 10 11 441
7 30 10 11 441
7 30 10 11 441
7 30 10 11 441
7 30 10 11 441
7 30 10 11 441
7 30 10 11 441
7 30 10 11 441
7 30 10 11 441
7 30 10 11 441
7 30 10 11 441
7 30 10 11 441
7 30 10 11 441
7 30 10 11 441
7 30 10 11 441
7 30 10 11 441
7 30 10 11 441
7 30 10 11 441
7 30 10 11 441
7 30 10 11 441
7 30 10 11 441
7 30 10 11 441
7 30 10 11 441
7 30 10 11 441
7 30 10 11 441
7 30 10 11 441
7 30 10 11 441
7 30 10 11 441
7 30 10 11 441
7 30 10 11 441
7 30 10 11 441
7 30 10 11 441
7 30 10 11 441
7 30 10 11 441
7 30 10 11 441
7 30 10 11 441
7 30 10 11 441
7 30 10 11 441
7 30 10 11 441
7 30 10 11 441
7 30 10 11 441
7 30 10 11 441
7 30 10 11 441
7 30 10 11 441
7 30 10 11 441
7 30 10 11 441
7 30 10 11 441
7 30 10 11 441
7 30 10 11 441
7 30 10 11 441
7 30 10 11 441
7 30 10 11 441
7 30 10 11 441
7 30 10 11 441
7 30 10 11 441
7 30 10 11 441
7 30 10 11 441
7 30 10 11 441
7 30 10 11 441
7 30 10 11 441
7 30 10 11 441
7 30 10 11 441
7 30 10 11 441
7 30 10 11 441
7 30 10 11 441
7 30 10 11 441
7 30 10 11 441
7 30 10 11 441
7 30 10 11 441
7 30 10 11 441
7 30 10 11 441
7 30 10 11 441
7 30 10 11 441
7 30 10 11 441
7 30 10 11 441
7 30 10 11 441
7 30 10 11 441
7 30 10 11 441
7 30 10 11 441
7 30 10 11 441
7 30 10 11 441
7 30 10 11 441
7 30 10 11 441
7 30 11 12 441
7 30 11 12 441
7 30 11 12 441
7 30 11 12 441
7 30 11 12 441
7 30 11 12 441
7 30 11 12 441
7 30 11 12 441
7 30 11 12 441
7 30 11 12 441
7 30 11 12 441
7 30 11 12 441
7 30 11 12 441
7 30 11 12 441
7 30 11 12 441
7 30 11 12 441
7 30 11 12 441
7 30 11 12 441
7 30 11 12 441
7 30 11 12 441
7 30 11 12 441
7 30 11 12 441
7 30 11 12 441
7 30 11 12 441
7 30 11 12 441
7 30 11 12 441
7 30 11 12 441
7 30 11 12 441
7 30 11 12 441
7 30 11 12 441
7 30 11 12 441
7 30 11 12 441
7 30 11 12 441
7 30 11 12 441
7 30 11 12 441
7 30 11 12 441
7 30 11 12 441
7 30 11 12 441
7 30 11 12 441
7 30 11 12 441
7 30 12 13 441
8 30.01 8 9 296
8 30.01 8 9 296
8 30.01 8 9 296
8 30.01 8 9 296
8 30.01 8 9 296
8 30.01 8 9 296
8 30.01 8 9 296
8 30.01 8 9 296
8 30.01 8 9 296
8 30.01 8 9 296
8 30.01 8 9 296
8 30.01 8 9 296
8 30.01 8 9 296
8 30.01 8 9 296
8 30.01 8 9 296
8 30.01 8 9 296
8 30.01 8 9 296
8 30.01 8 9 296
8 30.01 8 9 296
8 30.01 8 9 296
8 30.01 8 9 296
8 30.01 8 9 296
8 30.01 8 9 296
8 30.01 8 9 296
8 30.01 8 9 296
8 30.01 8 9 296
8 30.01 8 9 296
8 30.01 8 9 296
8 30.01 8 9 296
8 30.01 8 9 296
8 30.01 8 9 296
8 30.01 8 9 296
8 30.01 8 9 296
8 30.01 8 9 296
8 30.01 8 9 296
8 30.01 8 9 296
8 30.01 8 9 296
8 30.01 8 9 296
8 30.01 8 9 296
8 30.01 8 9 296
8 30.01 8 9 296
8 30.01 8 9 296
8 30.01 8 9 296
8 30.01 8 9 296
8 30.01 8 9 296
8 30.01 8 9 296
8 30.01 8 9 296
8 30.01 8 9 296
8 30.01 8 9 296
8 30.01 8 9 296
8 30.01 8 9 296
8 30.01 8 9 296
8 30.01 8 9 296
8 30.01 8 9 296
8 30.01 8 9 296
8 30.01 8 9 296
8 30.01 8 9 296
8 30.01 8 9 296
8 30.01 8 9 296
8 30.01 8 9 296
8 30.01 8 9 296
8 30.01 8 9 296
8 30.01 8 9 296
8 30.01 8 9 296
8 30.01 8 9 296
8 30.01 9 10 296
8 30.01 9 10 296
8 30.01 9 10 296
8 30.01 9 10 296
8 30.01 9 10 296
8 30.01 9 10 296
8 30.01 9 10 296
8 30.01 9 10 296
8 30.01 9 10 296
8 30.01 9 10 296
8 30.01 9 10 296
8 30.01 9 10 296
8 30.01 9 10 296
8 30.01 9 10 296
8 30.01 9 10 296
8 30.01 9 10 296
8 30.01 9 10 296
8 30.01 9 10 296
8 30.01 9 10 296
8 30.01 9 10 296
8 30.01 9 10 296
8 30.01 9 10 296
8 30.01 9 10 296
8 30.01 9 10 296
8 30.01 9 10 296
8 30.01 9 10 296
8 30.01 9 10 296
8 30.01 9 10 296
8 30.01 9 10 296
8 30.01 9 10 296
8 30.01 9 10 296
8 30.01 9 10 296
8 30.01 9 10 296
8 30.01 9 10 296
8 30.01 9 10 296
8 30.01 9 10 296
8 30.01 9 10 296
8 30.01 9 10 296
8 30.01 9 10 296
8 30.01 9 10 296
8 30.01 9 10 296
8 30.01 9 10 296
8 30.01 9 10 296
8 30.01 10 11 296
8 30.01 10 11 296
8 30.01 10 11 296
8 30.01 10 11 296
8 30.01 10 11 296
8 30.01 10 11 296
8 30.01 10 11 296
8 30.01 10 11 296
8 30.01 10 11 296
8 30.01 10 11 296
8 30.01 10 11 296
8 30.01 10 11 296
8 30.01 10 11 296
8 30.01 10 11 296
8 30.01 10 11 296
8 30.01 10 11 296
8 30.01 10 11 296
8 30.01 10 11 296
8 30.01 10 11 296
8 30.01 10 11 296
8 30.01 10 11 296
8 30.01 10 11 296
8 30.01 10 11 296
8 30.01 10 11 296
8 30.01 10 11 296
8 30.01 10 11 296
8 30.01 10 11 296
8 30.01 10 11 296
8 30.01 10 11 296
8 30.01 10 11 296
8 30.01 10 11 296
8 30.01 10 11 296
8 30.01 10 11 296
8 30.01 10 11 296
8 30.01 10 11 296
8 30.01 10 11 296
8 30.01 10 11 296
8 30.01 10 11 296
8 30.01 10 11 296
8 30.01 10 11 296
8 30.01 10 11 296
8 30.01 10 11 296
8 30.01 10 11 296
8 30.01 10 11 296
8 30.01 10 11 296
8 30.01 10 11 296
8 30.01 10 11 296
8 30.01 10 11 296
8 30.01 10 11 296
8 30.01 10 11 296
8 30.01 10 11 296
8 30.01 10 11 296
8 30.01 10 11 296
8 30.01 10 11 296
8 30.01 10 11 296
8 30.01 10 11 296
8 30.01 10 11 296
8 30.01 10 11 296
8 30.01 10 11 296
8 30.01 10 11 296
8 30.01 10 11 296
8 30.01 10 11 296
8 30.01 10 11 296
8 30.01 10 11 296
8 30.01 10 11 296
8 30.01 11 12 296
8 30.01 11 12 296
8 30.01 11 12 296
8 30.01 11 12 296
8 30.01 11 12 296
8 30.01 11 12 296
8 30.01 11 12 296
8 30.01 11 12 296
8 30.01 11 12 296
8 30.01 11 12 296
8 30.01 11 12 296
8 30.01 11 12 296
8 30.01 11 12 296
8 30.01 11 12 296
8 30.01 11 12 296
8 30.01 11 12 296
8 30.01 11 12 296
8 30.01 11 12 296
8 30.01 11 12 296
8 30.01 11 12 296
8 30.01 11 12 296
8 30.01 11 12 296
8 30.01 11 12 296
8 30.01 12 13 296
8 30.01 12 13 296
8 30.01 12 13 296
8 30.01 12 13 296
8 30.01 12 13 296
8 30.01 12 13 296
8 30.01 12 13 296
8 30.01 12 13 296
8 30.01 12 13 296
8 30.01 12 13 296
8 30.01 12 13 296
8 30.01 12 13 296
8 30.01 12 13 296
8 30.01 12 13 296
8 30.01 12 13 296
8 30.01 12 13 296
8 30.01 13 14 296
8 30.01 13 14 296
8 30.01 13 14 296
8 30.01 13 14 296
8 30.01 13 14 296
8 30.01 13 14 296
8 30.01 13 14 296
8 30.01 13 14 296
