1 20 14 15 237
1 20 15 16 237
1 20 15 16 237
1 20 16 17 237
1 20 16 17 237
1 20 16 17 237
1 20 16 17 237
1 20 16 17 237
1 20 16 17 237
1 20 16 17 237
1 20 16 17 237
1 20 16 17 237
1 20 17 18 237
1 20 17 18 237
1 20 17 18 237
1 20 17 18 237
1 20 17 18 237
1 20 17 18 237
1 20 17 18 237
1 20 17 18 237
1 20 17 18 237
1 20 17 18 237
1 20 17 18 237
1 20 17 18 237
1 20 17 18 237
1 20 17 18 237
1 20 17 18 237
1 20 17 18 237
1 20 17 18 237
1 20 17 18 237
1 20 17 18 237
1 20 17 18 237
1 20 17 18 237
1 20 17 18 237
1 20 17 18 237
1 20 17 18 237
1 20 17 18 237
1 20 17 18 237
1 20 17 18 237
1 20 17 18 237
1 20 17 18 237
1 20 17 18 237
1 20 17 18 237
1 20 17 18 237
1 20 17 18 237
1 20 17 18 237
1 20 17 18 237
1 20 17 18 237
1 20 17 18 237
1 20 17 18 237
1 20 17 18 237
1 20 17 18 237
1 20 17 18 237
1 20 17 18 237
1 20 17 18 237
1 20 17 18 237
1 20 17 18 237
1 20 17 18 237
1 20 17 18 237
1 20 17 18 237
1 20 17 18 237
1 20 18 19 237
1 20 18 19 237
1 20 18 19 237
1 20 18 19 237
1 20 18 19 237
1 20 18 19 237
1 20 18 19 237
1 20 18 19 237
1 20 18 19 237
1 20 18 19 237
1 20 18 19 237
1 20 18 19 237
1 20 18 19 237
1 20 18 19 237
1 20 18 19 237
1 20 18 19 237
1 20 18 19 237
1 20 18 19 237
1 20 18 19 237
1 20 18 19 237
1 20 18 19 237
1 20 18 19 237
1 20 18 19 237
1 20 18 19 237
1 20 18 19 237
1 20 18 19 237
1 20 18 19 237
1 20 18 19 237
1 20 18 19 237
1 20 18 19 237
1 20 18 19 237
1 20 18 19 237
1 20 18 19 237
1 20 18 19 237
1 20 18 19 237
1 20 18 19 237
1 20 18 19 237
1 20 18 19 237
1 20 18 19 237
1 20 18 19 237
1 20 18 19 237
1 20 18 19 237
1 20 18 19 237
1 20 18 19 237
1 20 18 19 237
1 20 18 19 237
1 20 18 19 237
1 20 18 19 237
1 20 18 19 237
1 20 18 19 237
1 20 18 19 237
1 20 18 19 237
1 20 18 19 237
1 20 18 19 237
1 20 18 19 237
1 20 18 19 237
1 20 18 19 237
1 20 18 19 237
1 20 18 19 237
1 20 18 19 237
1 20 18 19 237
1 20 18 19 237
1 20 18 19 237
1 20 18 19 237
1 20 18 19 237
1 20 18 19 237
1 20 18 19 237
1 20 18 19 237
1 20 18 19 237
1 20 18 19 237
1 20 18 19 237
1 20 18 19 237
1 20 18 19 237
1 20 18 19 237
1 20 18 19 237
1 20 18 19 237
1 20 18 19 237
1 20 18 19 237
1 20 18 19 237
1 20 18 19 237
1 20 18 19 237
1 20 18 19 237
1 20 18 19 237
1 20 18 19 237
1 20 18 19 237
1 20 18 19 237
1 20 18 19 237
1 20 18 19 237
1 20 18 19 237
1 20 18 19 237
1 20 18 19 237
1 20 18 19 237
1 20 18 19 237
1 20 18 19 237
1 20 18 19 237
1 20 18 19 237
1 20 18 19 237
1 20 18 19 237
1 20 18 19 237
1 20 18 19 237
1 20 18 19 237
1 20 19 20 237
1 20 19 20 237
1 20 19 20 237
1 20 19 20 237
1 20 19 20 237
1 20 19 20 237
1 20 19 20 237
1 20 19 20 237
1 20 19 20 237
1 20 19 20 237
1 20 19 20 237
1 20 19 20 237
1 20 19 20 237
1 20 19 20 237
1 20 19 20 237
1 20 19 20 237
1 20 19 20 237
1 20 19 20 237
1 20 19 20 237
1 20 19 20 237
1 20 19 20 237
1 20 19 20 237
1 20 19 20 237
1 20 19 20 237
1 20 19 20 237
1 20 19 20 237
1 20 19 20 237
1 20 19 20 237
1 20 19 20 237
1 20 19 20 237
1 20 19 20 237
1 20 19 20 237
1 20 19 20 237
1 20 19 20 237
1 20 19 20 237
1 20 19 20 237
1 20 19 20 237
1 20 19 20 237
1 20 19 20 237
1 20 19 20 237
1 20 19 20 237
1 20 19 20 237
1 20 19 20 237
1 20 19 20 237
1 20 20 21 237
1 20 20 21 237
1 20 20 21 237
1 20 20 21 237
1 20 20 21 237
1 20 20 21 237
1 20 20 21 237
1 20 20 21 237
1 20 20 21 237
1 20 20 21 237
1 20 20 21 237
1 20 20 21 237
1 20 20 21 237
1 20 20 21 237
1 20 20 21 237
1 20 20 21 237
1 20 20 21 237
1 20 20 21 237
1 20 20 21 237
1 20 20 21 237
1 20 21 22 237
1 20 21 22 237
1 20 21 22 237
1 20 21 22 237
1 20 23 24 237
2 20.01 17 18 207
2 20.01 17 18 207
2 20.01 17 18 207
2 20.01 17 18 207
2 20.01 17 18 207
2 20.01 17 18 207
2 20.01 18 19 207
2 20.01 18 19 207
2 20.01 18 19 207
2 20.01 18 19 207
2 20.01 18 19 207
2 20.01 18 19 207
2 20.01 18 19 207
2 20.01 18 19 207
2 20.01 18 19 207
2 20.01 18 19 207
2 20.01 18 19 207
2 20.01 18 19 207
2 20.01 18 19 207
2 20.01 18 19 207
2 20.01 18 19 207
2 20.01 18 19 207
2 20.01 18 19 207
2 20.01 18 19 207
2 20.01 18 19 207
2 20.01 18 19 207
2 20.01 18 19 207
2 20.01 18 19 207
2 20.01 18 19 207
2 20.01 18 19 207
2 20.01 18 19 207
2 20.01 18 19 207
2 20.01 18 19 207
2 20.01 18 19 207
2 20.01 18 19 207
2 20.01 19 20 207
2 20.01 19 20 207
2 20.01 19 20 207
2 20.01 19 20 207
2 20.01 19 20 207
2 20.01 19 20 207
2 20.01 19 20 207
2 20.01 19 20 207
2 20.01 19 20 207
2 20.01 19 20 207
2 20.01 19 20 207
2 20.01 19 20 207
2 20.01 19 20 207
2 20.01 19 20 207
2 20.01 19 20 207
2 20.01 19 20 207
2 20.01 19 20 207
2 20.01 19 20 207
2 20.01 19 20 207
2 20.01 19 20 207
2 20.01 19 20 207
2 20.01 19 20 207
2 20.01 19 20 207
2 20.01 19 20 207
2 20.01 19 20 207
2 20.01 19 20 207
2 20.01 19 20 207
2 20.01 19 20 207
2 20.01 19 20 207
2 20.01 19 20 207
2 20.01 19 20 207
2 20.01 19 20 207
2 20.01 19 20 207
2 20.01 19 20 207
2 20.01 19 20 207
2 20.01 19 20 207
2 20.01 19 20 207
2 20.01 19 20 207
2 20.01 19 20 207
2 20.01 19 20 207
2 20.01 19 20 207
2 20.01 19 20 207
2 20.01 19 20 207
2 20.01 19 20 207
2 20.01 19 20 207
2 20.01 19 20 207
2 20.01 19 20 207
2 20.01 19 20 207
2 20.01 19 20 207
2 20.01 19 20 207
2 20.01 19 20 207
2 20.01 19 20 207
2 20.01 19 20 207
2 20.01 19 20 207
2 20.01 19 20 207
2 20.01 19 20 207
2 20.01 19 20 207
2 20.01 19 20 207
2 20.01 19 20 207
2 20.01 19 20 207
2 20.01 19 20 207
2 20.01 19 20 207
2 20.01 19 20 207
2 20.01 19 20 207
2 20.01 19 20 207
2 20.01 19 20 207
2 20.01 19 20 207
2 20.01 19 20 207
2 20.01 19 20 207
2 20.01 19 20 207
2 20.01 19 20 207
2 20.01 19 20 207
2 20.01 19 20 207
2 20.01 19 20 207
2 20.01 19 20 207
2 20.01 19 20 207
2 20.01 19 20 207
2 20.01 19 20 207
2 20.01 19 20 207
2 20.01 19 20 207
2 20.01 19 20 207
2 20.01 19 20 207
2 20.01 19 20 207
2 20.01 19 20 207
2 20.01 19 20 207
2 20.01 19 20 207
2 20.01 20 21 207
2 20.01 20 21 207
2 20.01 20 21 207
2 20.01 20 21 207
2 20.01 20 21 207
2 20.01 20 21 207
2 20.01 20 21 207
2 20.01 20 21 207
2 20.01 20 21 207
2 20.01 20 21 207
2 20.01 20 21 207
2 20.01 20 21 207
2 20.01 20 21 207
2 20.01 20 21 207
2 20.01 20 21 207
2 20.01 20 21 207
2 20.01 20 21 207
2 20.01 20 21 207
2 20.01 20 21 207
2 20.01 20 21 207
2 20.01 20 21 207
2 20.01 20 21 207
2 20.01 20 21 207
2 20.01 20 21 207
2 20.01 20 21 207
2 20.01 20 21 207
2 20.01 20 21 207
2 20.01 20 21 207
2 20.01 20 21 207
2 20.01 20 21 207
2 20.01 20 21 207
2 20.01 20 21 207
2 20.01 20 21 207
2 20.01 20 21 207
2 20.01 20 21 207
2 20.01 20 21 207
2 20.01 20 21 207
2 20.01 20 21 207
2 20.01 20 21 207
2 20.01 20 21 207
2 20.01 20 21 207
2 20.01 20 21 207
2 20.01 20 21 207
2 20.01 20 21 207
2 20.01 20 21 207
2 20.01 20 21 207
2 20.01 20 21 207
2 20.01 20 21 207
2 20.01 20 21 207
2 20.01 20 21 207
2 20.01 20 21 207
2 20.01 20 21 207
2 20.01 20 21 207
2 20.01 20 21 207
2 20.01 20 21 207
2 20.01 20 21 207
2 20.01 20 21 207
2 20.01 20 21 207
2 20.01 20 21 207
2 20.01 20 21 207
2 20.01 20 21 207
2 20.01 20 21 207
2 20.01 20 21 207
2 20.01 20 21 207
2 20.01 20 21 207
2 20.01 20 21 207
2 20.01 20 21 207
2 20.01 20 21 207
2 20.01 20 21 207
2 20.01 20 21 207
2 20.01 20 21 207
2 20.01 20 21 207
2 20.01 20 21 207
2 20.01 20 21 207
2 20.01 20 21 207
2 20.01 21 22 207
2 20.01 21 22 207
3 25 8 9 349
3 25 9 10 349
3 25 9 10 349
3 25 10 11 349
3 25 10 11 349
3 25 10 11 349
3 25 10 11 349
3 25 10 11 349
3 25 10 11 349
3 25 10 11 349
3 25 10 11 349
3 25 10 11 349
3 25 10 11 349
3 25 10 11 349
3 25 10 11 349
3 25 10 11 349
3 25 10 11 349
3 25 10 11 349
3 25 10 11 349
3 25 10 11 349
3 25 10 11 349
3 25 10 11 349
3 25 10 11 349
3 25 10 11 349
3 25 10 11 349
3 25 10 11 349
3 25 10 11 349
3 25 10 11 349
3 25 10 11 349
3 25 10 11 349
3 25 10 11 349
3 25 10 11 349
3 25 11 12 349
3 25 11 12 349
3 25 11 12 349
3 25 11 12 349
3 25 11 12 349
3 25 11 12 349
3 25 11 12 349
3 25 11 12 349
3 25 11 12 349
3 25 11 12 349
3 25 11 12 349
3 25 11 12 349
3 25 11 12 349
3 25 11 12 349
3 25 11 12 349
3 25 11 12 349
3 25 11 12 349
3 25 11 12 349
3 25 11 12 349
3 25 11 12 349
3 25 11 12 349
3 25 11 12 349
3 25 11 12 349
3 25 11 12 349
3 25 11 12 349
3 25 11 12 349
3 25 11 12 349
3 25 11 12 349
3 25 11 12 349
3 25 11 12 349
3 25 11 12 349
3 25 11 12 349
3 25 11 12 349
3 25 11 12 349
3 25 11 12 349
3 25 11 12 349
3 25 11 12 349
3 25 11 12 349
3 25 11 12 349
3 25 11 12 349
3 25 11 12 349
3 25 11 12 349
3 25 11 12 349
3 25 11 12 349
3 25 11 12 349
3 25 11 12 349
3 25 11 12 349
3 25 11 12 349
3 25 11 12 349
3 25 11 12 349
3 25 11 12 349
3 25 11 12 349
3 25 11 12 349
3 25 11 12 349
3 25 11 12 349
3 25 11 12 349
3 25 11 12 349
3 25 11 12 349
3 25 11 12 349
3 25 11 12 349
3 25 11 12 349
3 25 11 12 349
3 25 11 12 349
3 25 11 12 349
3 25 11 12 349
3 25 11 12 349
3 25 11 12 349
3 25 11 12 349
3 25 11 12 349
3 25 11 12 349
3 25 11 12 349
3 25 11 12 349
3 25 11 12 349
3 25 11 12 349
3 25 11 12 349
3 25 11 12 349
3 25 11 12 349
3 25 11 12 349
3 25 11 12 349
3 25 11 12 349
3 25 11 12 349
3 25 11 12 349
3 25 11 12 349
3 25 11 12 349
3 25 11 12 349
3 25 11 12 349
3 25 11 12 349
3 25 11 12 349
3 25 11 12 349
3 25 11 12 349
3 25 11 12 349
3 25 11 12 349
3 25 11 12 349
3 25 11 12 349
3 25 11 12 349
3 25 11 12 349
3 25 11 12 349
3 25 11 12 349
3 25 11 12 349
3 25 11 12 349
3 25 11 12 349
3 25 11 12 349
3 25 11 12 349
3 25 11 12 349
3 25 11 12 349
3 25 11 12 349
3 25 11 12 349
3 25 11 12 349
3 25 11 12 349
3 25 11 12 349
3 25 11 12 349
3 25 11 12 349
3 25 11 12 349
3 25 11 12 349
3 25 11 12 349
3 25 11 12 349
3 25 11 12 349
3 25 11 12 349
3 25 11 12 349
3 25 11 12 349
3 25 11 12 349
3 25 11 12 349
3 25 11 12 349
3 25 11 12 349
3 25 11 12 349
3 25 11 12 349
3 25 11 12 349
3 25 11 12 349
3 25 11 12 349
3 25 11 12 349
3 25 11 12 349
3 25 11 12 349
3 25 11 12 349
3 25 11 12 349
3 25 11 12 349
3 25 11 12 349
3 25 11 12 349
3 25 11 12 349
3 25 11 12 349
3 25 11 12 349
3 25 11 12 349
3 25 11 12 349
3 25 11 12 349
3 25 11 12 349
3 25 11 12 349
3 25 11 12 349
3 25 11 12 349
3 25 11 12 349
3 25 11 12 349
3 25 11 12 349
3 25 11 12 349
3 25 11 12 349
3 25 11 12 349
3 25 11 12 349
3 25 11 12 349
3 25 11 12 349
3 25 11 12 349
3 25 11 12 349
3 25 11 12 349
3 25 11 12 349
3 25 11 12 349
3 25 11 12 349
3 25 11 12 349
3 25 11 12 349
3 25 11 12 349
3 25 11 12 349
3 25 11 12 349
3 25 11 12 349
3 25 11 12 349
3 25 11 12 349
3 25 11 12 349
3 25 11 12 349
3 25 11 12 349
3 25 11 12 349
3 25 11 12 349
3 25 11 12 349
3 25 11 12 349
3 25 11 12 349
3 25 11 12 349
3 25 11 12 349
3 25 11 12 349
3 25 11 12 349
3 25 11 12 349
3 25 11 12 349
3 25 11 12 349
3 25 11 12 349
3 25 11 12 349
3 25 11 12 349
3 25 12 13 349
3 25 12 13 349
3 25 12 13 349
3 25 12 13 349
3 25 12 13 349
3 25 12 13 349
3 25 12 13 349
3 25 12 13 349
3 25 12 13 349
3 25 12 13 349
3 25 12 13 349
3 25 12 13 349
3 25 12 13 349
3 25 12 13 349
3 25 12 13 349
3 25 12 13 349
3 25 12 13 349
3 25 12 13 349
3 25 12 13 349
3 25 12 13 349
3 25 12 13 349
3 25 12 13 349
3 25 12 13 349
3 25 12 13 349
3 25 12 13 349
3 25 12 13 349
3 25 12 13 349
3 25 12 13 349
3 25 12 13 349
3 25 12 13 349
3 25 12 13 349
3 25 12 13 349
3 25 12 13 349
3 25 12 13 349
3 25 12 13 349
3 25 12 13 349
3 25 12 13 349
3 25 12 13 349
3 25 12 13 349
3 25 12 13 349
3 25 12 13 349
3 25 12 13 349
3 25 12 13 349
3 25 12 13 349
3 25 12 13 349
3 25 12 13 349
3 25 12 13 349
3 25 12 13 349
3 25 12 13 349
3 25 12 13 349
3 25 12 13 349
3 25 12 13 349
3 25 12 13 349
3 25 12 13 349
3 25 12 13 349
3 25 12 13 349
3 25 12 13 349
3 25 12 13 349
3 25 12 13 349
3 25 12 13 349
3 25 12 13 349
3 25 12 13 349
3 25 12 13 349
3 25 12 13 349
3 25 12 13 349
3 25 12 13 349
3 25 12 13 349
3 25 12 13 349
3 25 12 13 349
3 25 12 13 349
3 25 12 13 349
3 25 12 13 349
3 25 12 13 349
3 25 12 13 349
3 25 12 13 349
3 25 12 13 349
3 25 12 13 349
3 25 12 13 349
3 25 12 13 349
3 25 12 13 349
3 25 12 13 349
3 25 12 13 349
3 25 12 13 349
3 25 12 13 349
3 25 12 13 349
3 25 12 13 349
3 25 12 13 349
3 25 12 13 349
3 25 12 13 349
3 25 12 13 349
3 25 12 13 349
3 25 12 13 349
3 25 12 13 349
3 25 12 13 349
3 25 12 13 349
3 25 12 13 349
3 25 13 14 349
3 25 13 14 349
3 25 13 14 349
3 25 13 14 349
3 25 13 14 349
3 25 13 14 349
3 25 13 14 349
3 25 13 14 349
3 25 14 15 349
3 25 16 17 349
4 25.01 8 9 244
4 25.01 9 10 244
4 25.01 9 10 244
4 25.01 9 10 244
4 25.01 10 11 244
4 25.01 10 11 244
4 25.01 10 11 244
4 25.01 10 11 244
4 25.01 10 11 244
4 25.01 10 11 244
4 25.01 10 11 244
4 25.01 10 11 244
4 25.01 10 11 244
4 25.01 10 11 244
4 25.01 10 11 244
4 25.01 10 11 244
4 25.01 10 11 244
4 25.01 10 11 244
4 25.01 10 11 244
4 25.01 10 11 244
4 25.01 10 11 244
4 25.01 10 11 244
4 25.01 10 11 244
4 25.01 10 11 244
4 25.01 10 11 244
4 25.01 10 11 244
4 25.01 10 11 244
4 25.01 10 11 244
4 25.01 11 12 244
4 25.01 11 12 244
4 25.01 11 12 244
4 25.01 11 12 244
4 25.01 11 12 244
4 25.01 11 12 244
4 25.01 11 12 244
4 25.01 11 12 244
4 25.01 11 12 244
4 25.01 11 12 244
4 25.01 11 12 244
4 25.01 11 12 244
4 25.01 11 12 244
4 25.01 11 12 244
4 25.01 11 12 244
4 25.01 11 12 244
4 25.01 11 12 244
4 25.01 11 12 244
4 25.01 11 12 244
4 25.01 11 12 244
4 25.01 11 12 244
4 25.01 11 12 244
4 25.01 11 12 244
4 25.01 11 12 244
4 25.01 11 12 244
4 25.01 11 12 244
4 25.01 11 12 244
4 25.01 11 12 244
4 25.01 11 12 244
4 25.01 11 12 244
4 25.01 11 12 244
4 25.01 11 12 244
4 25.01 11 12 244
4 25.01 11 12 244
4 25.01 11 12 244
4 25.01 11 12 244
4 25.01 11 12 244
4 25.01 11 12 244
4 25.01 11 12 244
4 25.01 11 12 244
4 25.01 11 12 244
4 25.01 11 12 244
4 25.01 11 12 244
4 25.01 11 12 244
4 25.01 11 12 244
4 25.01 11 12 244
4 25.01 11 12 244
4 25.01 11 12 244
4 25.01 11 12 244
4 25.01 11 12 244
4 25.01 11 12 244
4 25.01 11 12 244
4 25.01 11 12 244
4 25.01 11 12 244
4 25.01 11 12 244
4 25.01 11 12 244
4 25.01 11 12 244
4 25.01 11 12 244
4 25.01 11 12 244
4 25.01 11 12 244
4 25.01 11 12 244
4 25.01 11 12 244
4 25.01 11 12 244
4 25.01 11 12 244
4 25.01 11 12 244
4 25.01 11 12 244
4 25.01 11 12 244
4 25.01 11 12 244
4 25.01 11 12 244
4 25.01 11 12 244
4 25.01 11 12 244
4 25.01 11 12 244
4 25.01 11 12 244
4 25.01 11 12 244
4 25.01 11 12 244
4 25.01 11 12 244
4 25.01 11 12 244
4 25.01 11 12 244
4 25.01 11 12 244
4 25.01 11 12 244
4 25.01 11 12 244
4 25.01 11 12 244
4 25.01 11 12 244
4 25.01 11 12 244
4 25.01 11 12 244
4 25.01 11 12 244
4 25.01 11 12 244
4 25.01 11 12 244
4 25.01 11 12 244
4 25.01 11 12 244
4 25.01 11 12 244
4 25.01 11 12 244
4 25.01 11 12 244
4 25.01 11 12 244
4 25.01 11 12 244
4 25.01 11 12 244
4 25.01 11 12 244
4 25.01 11 12 244
4 25.01 11 12 244
4 25.01 11 12 244
4 25.01 11 12 244
4 25.01 11 12 244
4 25.01 11 12 244
4 25.01 11 12 244
4 25.01 11 12 244
4 25.01 11 12 244
4 25.01 11 12 244
4 25.01 11 12 244
4 25.01 11 12 244
4 25.01 11 12 244
4 25.01 11 12 244
4 25.01 11 12 244
4 25.01 11 12 244
4 25.01 11 12 244
4 25.01 11 12 244
4 25.01 11 12 244
4 25.01 11 12 244
4 25.01 11 12 244
4 25.01 11 12 244
4 25.01 11 12 244
4 25.01 11 12 244
4 25.01 11 12 244
4 25.01 11 12 244
4 25.01 11 12 244
4 25.01 11 12 244
4 25.01 11 12 244
4 25.01 11 12 244
4 25.01 11 12 244
4 25.01 11 12 244
4 25.01 11 12 244
4 25.01 11 12 244
4 25.01 11 12 244
4 25.01 11 12 244
4 25.01 11 12 244
4 25.01 11 12 244
4 25.01 11 12 244
4 25.01 11 12 244
4 25.01 11 12 244
4 25.01 11 12 244
4 25.01 11 12 244
4 25.01 11 12 244
4 25.01 11 12 244
4 25.01 11 12 244
4 25.01 11 12 244
4 25.01 11 12 244
4 25.01 11 12 244
4 25.01 11 12 244
4 25.01 11 12 244
4 25.01 12 13 244
4 25.01 12 13 244
4 25.01 12 13 244
4 25.01 12 13 244
4 25.01 12 13 244
4 25.01 12 13 244
4 25.01 12 13 244
4 25.01 12 13 244
4 25.01 12 13 244
4 25.01 12 13 244
4 25.01 12 13 244
4 25.01 12 13 244
4 25.01 12 13 244
4 25.01 12 13 244
4 25.01 12 13 244
4 25.01 12 13 244
4 25.01 12 13 244
4 25.01 12 13 244
4 25.01 12 13 244
4 25.01 12 13 244
4 25.01 12 13 244
4 25.01 12 13 244
4 25.01 12 13 244
4 25.01 12 13 244
4 25.01 12 13 244
4 25.01 12 13 244
4 25.01 12 13 244
4 25.01 12 13 244
4 25.01 12 13 244
4 25.01 12 13 244
4 25.01 12 13 244
4 25.01 12 13 244
4 25.01 12 13 244
4 25.01 12 13 244
4 25.01 12 13 244
4 25.01 12 13 244
4 25.01 12 13 244
4 25.01 12 13 244
4 25.01 12 13 244
4 25.01 12 13 244
4 25.01 12 13 244
4 25.01 12 13 244
4 25.01 12 13 244
4 25.01 13 14 244
4 25.01 13 14 244
4 25.01 13 14 244
4 25.01 13 14 244
4 25.01 14 15 244
4 25.01 18 19 244
5 28 7 8 212
5 28 7 8 212
5 28 7 8 212
5 28 7 8 212
5 28 7 8 212
5 28 7 8 212
5 28 7 8 212
5 28 8 9 212
5 28 8 9 212
5 28 8 9 212
5 28 8 9 212
5 28 8 9 212
5 28 8 9 212
5 28 8 9 212
5 28 8 9 212
5 28 8 9 212
5 28 8 9 212
5 28 8 9 212
5 28 8 9 212
5 28 8 9 212
5 28 8 9 212
5 28 8 9 212
5 28 8 9 212
5 28 8 9 212
5 28 8 9 212
5 28 8 9 212
5 28 8 9 212
5 28 8 9 212
5 28 8 9 212
5 28 8 9 212
5 28 8 9 212
5 28 8 9 212
5 28 8 9 212
5 28 8 9 212
5 28 8 9 212
5 28 8 9 212
5 28 8 9 212
5 28 8 9 212
5 28 8 9 212
5 28 8 9 212
5 28 8 9 212
5 28 8 9 212
5 28 8 9 212
5 28 8 9 212
5 28 8 9 212
5 28 8 9 212
5 28 8 9 212
5 28 8 9 212
5 28 8 9 212
5 28 8 9 212
5 28 8 9 212
5 28 8 9 212
5 28 8 9 212
5 28 8 9 212
5 28 8 9 212
5 28 8 9 212
5 28 8 9 212
5 28 8 9 212
5 28 8 9 212
5 28 8 9 212
5 28 8 9 212
5 28 8 9 212
5 28 8 9 212
5 28 8 9 212
5 28 8 9 212
5 28 8 9 212
5 28 8 9 212
5 28 8 9 212
5 28 8 9 212
5 28 8 9 212
5 28 8 9 212
5 28 8 9 212
5 28 8 9 212
5 28 8 9 212
5 28 8 9 212
5 28 9 10 212
5 28 9 10 212
5 28 9 10 212
5 28 9 10 212
5 28 9 10 212
5 28 9 10 212
5 28 9 10 212
5 28 9 10 212
5 28 9 10 212
5 28 9 10 212
5 28 9 10 212
5 28 9 10 212
5 28 9 10 212
5 28 9 10 212
5 28 9 10 212
5 28 9 10 212
5 28 9 10 212
5 28 9 10 212
5 28 9 10 212
5 28 9 10 212
5 28 9 10 212
5 28 9 10 212
5 28 9 10 212
5 28 9 10 212
5 28 9 10 212
5 28 9 10 212
5 28 9 10 212
5 28 9 10 212
5 28 9 10 212
5 28 9 10 212
5 28 9 10 212
5 28 9 10 212
5 28 9 10 212
5 28 9 10 212
5 28 9 10 212
5 28 9 10 212
5 28 9 10 212
5 28 9 10 212
5 28 9 10 212
5 28 9 10 212
5 28 9 10 212
5 28 9 10 212
5 28 9 10 212
5 28 9 10 212
5 28 9 10 212
5 28 9 10 212
5 28 9 10 212
5 28 9 10 212
5 28 9 10 212
5 28 9 10 212
5 28 9 10 212
5 28 9 10 212
5 28 9 10 212
5 28 9 10 212
5 28 9 10 212
5 28 9 10 212
5 28 9 10 212
5 28 9 10 212
5 28 9 10 212
5 28 9 10 212
5 28 9 10 212
5 28 9 10 212
5 28 9 10 212
5 28 9 10 212
5 28 9 10 212
5 28 9 10 212
5 28 9 10 212
5 28 9 10 212
5 28 9 10 212
5 28 9 10 212
5 28 9 10 212
5 28 9 10 212
5 28 9 10 212
5 28 9 10 212
5 28 9 10 212
5 28 9 10 212
5 28 9 10 212
5 28 9 10 212
5 28 9 10 212
5 28 9 10 212
5 28 9 10 212
5 28 9 10 212
5 28 9 10 212
5 28 9 10 212
5 28 9 10 212
5 28 9 10 212
5 28 9 10 212
5 28 9 10 212
5 28 9 10 212
5 28 9 10 212
5 28 9 10 212
5 28 9 10 212
5 28 9 10 212
5 28 9 10 212
5 28 9 10 212
5 28 10 11 212
5 28 10 11 212
5 28 10 11 212
5 28 10 11 212
5 28 10 11 212
5 28 10 11 212
5 28 10 11 212
5 28 10 11 212
5 28 10 11 212
5 28 10 11 212
5 28 10 11 212
5 28 10 11 212
5 28 10 11 212
5 28 10 11 212
5 28 10 11 212
5 28 10 11 212
5 28 10 11 212
5 28 10 11 212
5 28 10 11 212
5 28 10 11 212
5 28 10 11 212
5 28 10 11 212
5 28 10 11 212
5 28 10 11 212
5 28 10 11 212
5 28 10 11 212
5 28 10 11 212
5 28 10 11 212
5 28 10 11 212
5 28 10 11 212
5 28 10 11 212
5 28 10 11 212
5 28 11 12 212
5 28 11 12 212
6 28.01 7 8 264
6 28.01 8 9 264
6 28.01 8 9 264
6 28.01 8 9 264
6 28.01 8 9 264
6 28.01 8 9 264
6 28.01 8 9 264
6 28.01 8 9 264
6 28.01 8 9 264
6 28.01 8 9 264
6 28.01 8 9 264
6 28.01 8 9 264
6 28.01 8 9 264
6 28.01 8 9 264
6 28.01 9 10 264
6 28.01 9 10 264
6 28.01 9 10 264
6 28.01 9 10 264
6 28.01 9 10 264
6 28.01 9 10 264
6 28.01 9 10 264
6 28.01 9 10 264
6 28.01 9 10 264
6 28.01 9 10 264
6 28.01 9 10 264
6 28.01 9 10 264
6 28.01 9 10 264
6 28.01 9 10 264
6 28.01 9 10 264
6 28.01 9 10 264
6 28.01 9 10 264
6 28.01 9 10 264
6 28.01 9 10 264
6 28.01 9 10 264
6 28.01 9 10 264
6 28.01 9 10 264
6 28.01 9 10 264
6 28.01 9 10 264
6 28.01 9 10 264
6 28.01 9 10 264
6 28.01 9 10 264
6 28.01 9 10 264
6 28.01 9 10 264
6 28.01 9 10 264
6 28.01 9 10 264
6 28.01 9 10 264
6 28.01 9 10 264
6 28.01 9 10 264
6 28.01 9 10 264
6 28.01 9 10 264
6 28.01 9 10 264
6 28.01 9 10 264
6 28.01 9 10 264
6 28.01 9 10 264
6 28.01 9 10 264
6 28.01 9 10 264
6 28.01 9 10 264
6 28.01 9 10 264
6 28.01 9 10 264
6 28.01 9 10 264
6 28.01 9 10 264
6 28.01 9 10 264
6 28.01 9 10 264
6 28.01 9 10 264
6 28.01 9 10 264
6 28.01 9 10 264
6 28.01 9 10 264
6 28.01 9 10 264
6 28.01 9 10 264
6 28.01 9 10 264
6 28.01 9 10 264
6 28.01 9 10 264
6 28.01 9 10 264
6 28.01 9 10 264
6 28.01 9 10 264
6 28.01 9 10 264
6 28.01 9 10 264
6 28.01 9 10 264
6 28.01 9 10 264
6 28.01 9 10 264
6 28.01 9 10 264
6 28.01 9 10 264
6 28.01 9 10 264
6 28.01 9 10 264
6 28.01 9 10 264
6 28.01 9 10 264
6 28.01 9 10 264
6 28.01 9 10 264
6 28.01 9 10 264
6 28.01 9 10 264
6 28.01 9 10 264
6 28.01 9 10 264
6 28.01 9 10 264
6 28.01 9 10 264
6 28.01 9 10 264
6 28.01 10 11 264
6 28.01 10 11 264
6 28.01 10 11 264
6 28.01 10 11 264
6 28.01 10 11 264
6 28.01 10 11 264
6 28.01 10 11 264
6 28.01 10 11 264
6 28.01 10 11 264
6 28.01 10 11 264
6 28.01 10 11 264
6 28.01 10 11 264
6 28.01 10 11 264
6 28.01 10 11 264
6 28.01 10 11 264
6 28.01 10 11 264
6 28.01 10 11 264
6 28.01 10 11 264
6 28.01 10 11 264
6 28.01 10 11 264
6 28.01 10 11 264
6 28.01 10 11 264
6 28.01 10 11 264
6 28.01 10 11 264
6 28.01 10 11 264
6 28.01 10 11 264
6 28.01 10 11 264
6 28.01 10 11 264
6 28.01 10 11 264
6 28.01 10 11 264
6 28.01 10 11 264
6 28.01 10 11 264
6 28.01 10 11 264
6 28.01 10 11 264
6 28.01 10 11 264
6 28.01 10 11 264
6 28.01 10 11 264
6 28.01 10 11 264
6 28.01 10 11 264
6 28.01 10 11 264
6 28.01 10 11 264
6 28.01 10 11 264
6 28.01 10 11 264
6 28.01 10 11 264
6 28.01 10 11 264
6 28.01 10 11 264
6 28.01 10 11 264
6 28.01 10 11 264
6 28.01 10 11 264
6 28.01 10 11 264
6 28.01 10 11 264
6 28.01 10 11 264
6 28.01 10 11 264
6 28.01 10 11 264
6 28.01 10 11 264
6 28.01 10 11 264
6 28.01 10 11 264
6 28.01 10 11 264
6 28.01 10 11 264
6 28.01 10 11 264
6 28.01 10 11 264
6 28.01 10 11 264
6 28.01 10 11 264
6 28.01 10 11 264
6 28.01 10 11 264
6 28.01 10 11 264
6 28.01 10 11 264
6 28.01 10 11 264
6 28.01 10 11 264
6 28.01 10 11 264
6 28.01 10 11 264
6 28.01 10 11 264
6 28.01 10 11 264
6 28.01 10 11 264
6 28.01 10 11 264
6 28.01 10 11 264
6 28.01 10 11 264
6 28.01 10 11 264
6 28.01 10 11 264
6 28.01 10 11 264
6 28.01 10 11 264
6 28.01 10 11 264
6 28.01 10 11 264
6 28.01 10 11 264
6 28.01 10 11 264
6 28.01 10 11 264
6 28.01 11 12 264
6 28.01 11 12 264
6 28.01 11 12 264
6 28.01 11 12 264
6 28.01 11 12 264
6 28.01 11 12 264
6 28.01 11 12 264
6 28.01 11 12 264
6 28.01 11 12 264
6 28.01 11 12 264
6 28.01 11 12 264
6 28.01 11 12 264
6 28.01 11 12 264
6 28.01 11 12 264
6 28.01 11 12 264
6 28.01 11 12 264
6 28.01 11 12 264
6 28.01 11 12 264
6 28.01 11 12 264
6 28.01 11 12 264
6 28.01 11 12 264
6 28.01 11 12 264
6 28.01 11 12 264
6 28.01 11 12 264
6 28.01 11 12 264
6 28.01 11 12 264
6 28.01 11 12 264
6 28.01 11 12 264
6 28.01 11 12 264
6 28.01 11 12 264
6 28.01 11 12 264
6 28.01 11 12 264
6 28.01 11 12 264
6 28.01 11 12 264
6 28.01 11 12 264
6 28.01 11 12 264
6 28.01 11 12 264
6 28.01 11 12 264
6 28.01 11 12 264
6 28.01 11 12 264
6 28.01 11 12 264
6 28.01 11 12 264
6 28.01 11 12 264
6 28.01 11 12 264
6 28.01 11 12 264
6 28.01 11 12 264
6 28.01 11 12 264
6 28.01 11 12 264
6 28.01 11 12 264
6 28.01 11 12 264
6 28.01 11 12 264
6 28.01 11 12 264
6 28.01 11 12 264
6 28.01 11 12 264
6 28.01 11 12 264
6 28.01 11 12 264
6 28.01 11 12 264
6 28.01 11 12 264
6 28.01 11 12 264
6 28.01 12 13 264
6 28.01 12 13 264
6 28.01 12 13 264
6 28.01 12 13 264
6 28.01 13 14 264
7 30 6 7 337
7 30 6 7 337
7 30 6 7 337
7 30 6 7 337
7 30 6 7 337
7 30 7 8 337
7 30 7 8 337
7 30 7 8 337
7 30 7 8 337
7 30 7 8 337
7 30 7 8 337
7 30 7 8 337
7 30 7 8 337
7 30 7 8 337
7 30 7 8 337
7 30 7 8 337
7 30 7 8 337
7 30 7 8 337
7 30 7 8 337
7 30 7 8 337
7 30 7 8 337
7 30 7 8 337
7 30 7 8 337
7 30 7 8 337
7 30 7 8 337
7 30 7 8 337
7 30 7 8 337
7 30 7 8 337
7 30 7 8 337
7 30 7 8 337
7 30 7 8 337
7 30 7 8 337
7 30 7 8 337
7 30 7 8 337
7 30 7 8 337
7 30 7 8 337
7 30 7 8 337
7 30 7 8 337
7 30 8 9 337
7 30 8 9 337
7 30 8 9 337
7 30 8 9 337
7 30 8 9 337
7 30 8 9 337
7 30 8 9 337
7 30 8 9 337
7 30 8 9 337
7 30 8 9 337
7 30 8 9 337
7 30 8 9 337
7 30 8 9 337
7 30 8 9 337
7 30 8 9 337
7 30 8 9 337
7 30 8 9 337
7 30 8 9 337
7 30 8 9 337
7 30 8 9 337
7 30 8 9 337
7 30 8 9 337
7 30 8 9 337
7 30 8 9 337
7 30 8 9 337
7 30 8 9 337
7 30 8 9 337
7 30 8 9 337
7 30 8 9 337
7 30 8 9 337
7 30 8 9 337
7 30 8 9 337
7 30 8 9 337
7 30 8 9 337
7 30 8 9 337
7 30 8 9 337
7 30 8 9 337
7 30 8 9 337
7 30 8 9 337
7 30 8 9 337
7 30 8 9 337
7 30 8 9 337
7 30 8 9 337
7 30 8 9 337
7 30 8 9 337
7 30 8 9 337
7 30 8 9 337
7 30 8 9 337
7 30 8 9 337
7 30 8 9 337
7 30 8 9 337
7 30 8 9 337
7 30 8 9 337
7 30 8 9 337
7 30 8 9 337
7 30 8 9 337
7 30 8 9 337
7 30 8 9 337
7 30 8 9 337
7 30 8 9 337
7 30 8 9 337
7 30 8 9 337
7 30 8 9 337
7 30 8 9 337
7 30 8 9 337
7 30 8 9 337
7 30 8 9 337
7 30 8 9 337
7 30 8 9 337
7 30 8 9 337
7 30 8 9 337
7 30 8 9 337
7 30 8 9 337
7 30 8 9 337
7 30 8 9 337
7 30 8 9 337
7 30 8 9 337
7 30 8 9 337
7 30 8 9 337
7 30 8 9 337
7 30 8 9 337
7 30 8 9 337
7 30 8 9 337
7 30 8 9 337
7 30 8 9 337
7 30 8 9 337
7 30 8 9 337
7 30 8 9 337
7 30 8 9 337
7 30 8 9 337
7 30 8 9 337
7 30 8 9 337
7 30 8 9 337
7 30 8 9 337
7 30 8 9 337
7 30 8 9 337
7 30 8 9 337
7 30 8 9 337
7 30 8 9 337
7 30 8 9 337
7 30 8 9 337
7 30 8 9 337
7 30 8 9 337
7 30 8 9 337
7 30 8 9 337
7 30 8 9 337
7 30 8 9 337
7 30 8 9 337
7 30 8 9 337
7 30 8 9 337
7 30 8 9 337
7 30 8 9 337
7 30 8 9 337
7 30 8 9 337
7 30 8 9 337
7 30 8 9 337
7 30 8 9 337
7 30 8 9 337
7 30 8 9 337
7 30 8 9 337
7 30 8 9 337
7 30 8 9 337
7 30 8 9 337
7 30 8 9 337
7 30 8 9 337
7 30 8 9 337
7 30 8 9 337
7 30 8 9 337
7 30 8 9 337
7 30 8 9 337
7 30 8 9 337
7 30 8 9 337
7 30 8 9 337
7 30 8 9 337
7 30 8 9 337
7 30 8 9 337
7 30 8 9 337
7 30 8 9 337
7 30 8 9 337
7 30 8 9 337
7 30 8 9 337
7 30 8 9 337
7 30 8 9 337
7 30 8 9 337
7 30 8 9 337
7 30 8 9 337
7 30 8 9 337
7 30 8 9 337
7 30 8 9 337
7 30 8 9 337
7 30 8 9 337
7 30 8 9 337
7 30 8 9 337
7 30 8 9 337
7 30 8 9 337
7 30 8 9 337
7 30 8 9 337
7 30 8 9 337
7 30 8 9 337
7 30 8 9 337
7 30 8 9 337
7 30 8 9 337
7 30 8 9 337
7 30 8 9 337
7 30 8 9 337
7 30 8 9 337
7 30 8 9 337
7 30 8 9 337
7 30 8 9 337
7 30 8 9 337
7 30 8 9 337
7 30 8 9 337
7 30 8 9 337
7 30 8 9 337
7 30 8 9 337
7 30 8 9 337
7 30 8 9 337
7 30 8 9 337
7 30 8 9 337
7 30 8 9 337
7 30 8 9 337
7 30 8 9 337
7 30 8 9 337
7 30 8 9 337
7 30 8 9 337
7 30 8 9 337
7 30 8 9 337
7 30 8 9 337
7 30 8 9 337
7 30 8 9 337
7 30 8 9 337
7 30 8 9 337
7 30 8 9 337
7 30 8 9 337
7 30 8 9 337
7 30 8 9 337
7 30 8 9 337
7 30 9 10 337
7 30 9 10 337
7 30 9 10 337
7 30 9 10 337
7 30 9 10 337
7 30 9 10 337
7 30 9 10 337
7 30 9 10 337
7 30 9 10 337
7 30 9 10 337
7 30 9 10 337
7 30 9 10 337
7 30 9 10 337
7 30 9 10 337
7 30 9 10 337
7 30 9 10 337
7 30 9 10 337
7 30 9 10 337
7 30 9 10 337
7 30 9 10 337
7 30 9 10 337
7 30 9 10 337
7 30 9 10 337
7 30 9 10 337
7 30 9 10 337
7 30 9 10 337
7 30 9 10 337
7 30 9 10 337
7 30 9 10 337
7 30 9 10 337
7 30 9 10 337
7 30 9 10 337
7 30 9 10 337
7 30 9 10 337
7 30 9 10 337
7 30 9 10 337
7 30 9 10 337
7 30 9 10 337
7 30 9 10 337
7 30 9 10 337
7 30 9 10 337
7 30 9 10 337
7 30 9 10 337
7 30 9 10 337
7 30 9 10 337
7 30 9 10 337
7 30 9 10 337
7 30 9 10 337
7 30 9 10 337
7 30 9 10 337
7 30 9 10 337
7 30 9 10 337
7 30 9 10 337
7 30 9 10 337
7 30 9 10 337
7 30 9 10 337
7 30 9 10 337
7 30 9 10 337
7 30 9 10 337
7 30 9 10 337
7 30 9 10 337
7 30 9 10 337
7 30 9 10 337
7 30 9 10 337
7 30 9 10 337
7 30 9 10 337
7 30 9 10 337
7 30 9 10 337
7 30 9 10 337
7 30 9 10 337
7 30 9 10 337
7 30 9 10 337
7 30 9 10 337
7 30 9 10 337
7 30 9 10 337
7 30 10 11 337
7 30 10 11 337
8 30.01 6 7 220
8 30.01 6 7 220
8 30.01 6 7 220
8 30.01 7 8 220
8 30.01 7 8 220
8 30.01 7 8 220
8 30.01 7 8 220
8 30.01 7 8 220
8 30.01 7 8 220
8 30.01 7 8 220
8 30.01 7 8 220
8 30.01 7 8 220
8 30.01 7 8 220
8 30.01 7 8 220
8 30.01 7 8 220
8 30.01 8 9 220
8 30.01 8 9 220
8 30.01 8 9 220
8 30.01 8 9 220
8 30.01 8 9 220
8 30.01 8 9 220
8 30.01 8 9 220
8 30.01 8 9 220
8 30.01 8 9 220
8 30.01 8 9 220
8 30.01 8 9 220
8 30.01 8 9 220
8 30.01 8 9 220
8 30.01 8 9 220
8 30.01 8 9 220
8 30.01 8 9 220
8 30.01 8 9 220
8 30.01 8 9 220
8 30.01 8 9 220
8 30.01 8 9 220
8 30.01 8 9 220
8 30.01 8 9 220
8 30.01 8 9 220
8 30.01 8 9 220
8 30.01 8 9 220
8 30.01 8 9 220
8 30.01 8 9 220
8 30.01 8 9 220
8 30.01 8 9 220
8 30.01 8 9 220
8 30.01 8 9 220
8 30.01 8 9 220
8 30.01 8 9 220
8 30.01 8 9 220
8 30.01 8 9 220
8 30.01 8 9 220
8 30.01 8 9 220
8 30.01 8 9 220
8 30.01 8 9 220
8 30.01 8 9 220
8 30.01 8 9 220
8 30.01 8 9 220
8 30.01 8 9 220
8 30.01 8 9 220
8 30.01 8 9 220
8 30.01 8 9 220
8 30.01 8 9 220
8 30.01 8 9 220
8 30.01 8 9 220
8 30.01 8 9 220
8 30.01 8 9 220
8 30.01 8 9 220
8 30.01 8 9 220
8 30.01 8 9 220
8 30.01 8 9 220
8 30.01 8 9 220
8 30.01 8 9 220
8 30.01 8 9 220
8 30.01 8 9 220
8 30.01 8 9 220
8 30.01 8 9 220
8 30.01 8 9 220
8 30.01 8 9 220
8 30.01 8 9 220
8 30.01 8 9 220
8 30.01 8 9 220
8 30.01 8 9 220
8 30.01 8 9 220
8 30.01 8 9 220
8 30.01 8 9 220
8 30.01 8 9 220
8 30.01 8 9 220
8 30.01 8 9 220
8 30.01 8 9 220
8 30.01 8 9 220
8 30.01 8 9 220
8 30.01 8 9 220
8 30.01 8 9 220
8 30.01 8 9 220
8 30.01 8 9 220
8 30.01 8 9 220
8 30.01 8 9 220
8 30.01 8 9 220
8 30.01 8 9 220
8 30.01 8 9 220
8 30.01 8 9 220
8 30.01 8 9 220
8 30.01 8 9 220
8 30.01 8 9 220
8 30.01 8 9 220
8 30.01 8 9 220
8 30.01 8 9 220
8 30.01 8 9 220
8 30.01 8 9 220
8 30.01 8 9 220
8 30.01 8 9 220
8 30.01 8 9 220
8 30.01 8 9 220
8 30.01 8 9 220
8 30.01 8 9 220
8 30.01 8 9 220
8 30.01 8 9 220
8 30.01 8 9 220
8 30.01 8 9 220
8 30.01 8 9 220
8 30.01 8 9 220
8 30.01 8 9 220
8 30.01 8 9 220
8 30.01 8 9 220
8 30.01 8 9 220
8 30.01 8 9 220
8 30.01 8 9 220
8 30.01 8 9 220
8 30.01 8 9 220
8 30.01 8 9 220
8 30.01 8 9 220
8 30.01 8 9 220
8 30.01 8 9 220
8 30.01 8 9 220
8 30.01 8 9 220
8 30.01 8 9 220
8 30.01 8 9 220
8 30.01 8 9 220
8 30.01 8 9 220
8 30.01 8 9 220
8 30.01 8 9 220
8 30.01 8 9 220
8 30.01 8 9 220
8 30.01 8 9 220
8 30.01 8 9 220
8 30.01 8 9 220
8 30.01 8 9 220
8 30.01 8 9 220
8 30.01 8 9 220
8 30.01 8 9 220
8 30.01 9 10 220
8 30.01 9 10 220
8 30.01 9 10 220
8 30.01 9 10 220
8 30.01 9 10 220
8 30.01 9 10 220
8 30.01 9 10 220
8 30.01 9 10 220
8 30.01 9 10 220
8 30.01 9 10 220
8 30.01 9 10 220
8 30.01 9 10 220
8 30.01 9 10 220
8 30.01 9 10 220
8 30.01 9 10 220
8 30.01 9 10 220
8 30.01 9 10 220
8 30.01 9 10 220
8 30.01 9 10 220
8 30.01 9 10 220
8 30.01 9 10 220
8 30.01 9 10 220
8 30.01 9 10 220
8 30.01 9 10 220
8 30.01 9 10 220
8 30.01 9 10 220
8 30.01 9 10 220
8 30.01 9 10 220
8 30.01 9 10 220
8 30.01 9 10 220
8 30.01 9 10 220
8 30.01 9 10 220
8 30.01 9 10 220
8 30.01 9 10 220
8 30.01 9 10 220
8 30.01 9 10 220
8 30.01 9 10 220
8 30.01 9 10 220
8 30.01 9 10 220
8 30.01 9 10 220
8 30.01 9 10 220
8 30.01 10 11 220
8 30.01 10 11 220
8 30.01 10 11 220
8 30.01 10 11 220
8 30.01 10 11 220
8 30.01 10 11 220
8 30.01 10 11 220
8 30.01 10 11 220
8 30.01 11 12 220
