1 11 27 28 31
1 11 27 28 31
1 11 27 28 31
1 11 33 34 31
1 11 33 34 31
1 11 33 34 31
1 11 33 34 31
1 11 33 34 31
1 11 33 34 31
1 11 41 42 31
1 11 41 42 31
1 11 41 42 31
1 11 41 42 31
1 11 41 42 31
1 11 41 42 31
1 11 41 42 31
1 11 51 52 31
1 11 51 52 31
1 11 51 52 31
1 11 51 52 31
1 11 51 52 31
1 11 61 62 31
1 11 61 62 31
1 11 61 62 31
1 11 61 62 31
1 11 61 62 31
1 11 71 72 31
1 11 71 72 31
1 11 71 72 31
1 11 71 72 31
1 11 71 72 31
2 15 9 10 20
2 15 10 11 20
2 15 10 11 20
2 15 22 23 20
2 15 32 33 20
2 15 32 33 20
2 15 32 33 20
2 15 32 33 20
2 15 32 33 20
2 15 34 35 20
2 15 34 35 20
2 15 34 35 20
2 15 34 35 20
2 15 34 35 20
2 15 35 36 20
2 15 35 36 20
2 15 35 36 20
2 15 36 37 20
2 15 36 37 20
2 15 36 37 20
3 16 12 13 12
3 16 18 19 12
3 16 18 19 12
3 16 31 32 12
3 16 31 32 12
3 16 31 32 12
3 16 32 33 12
3 16 45 46 12
3 16 45 46 12
3 16 45 46 12
3 16 46 47 12
3 16 49 50 12
4 20 4 5 41
4 20 4 5 41
4 20 5 6 41
4 20 6 7 41
4 20 6 7 41
4 20 7 8 41
4 20 8 9 41
4 20 9 10 41
4 20 10 11 41
4 20 11 12 41
4 20 11 12 41
4 20 11 12 41
4 20 13 14 41
4 20 15 16 41
4 20 15 16 41
4 20 16 17 41
4 20 17 18 41
4 20 17 18 41
4 20 17 18 41
4 20 17 18 41
4 20 18 19 41
4 20 18 19 41
4 20 20 21 41
4 20 21 22 41
4 20 21 22 41
4 20 22 23 41
4 20 24 25 41
4 20 24 25 41
4 20 27 28 41
4 20 27 28 41
4 20 27 28 41
4 20 27 28 41
4 20 27 28 41
4 20 28 29 41
4 20 28 29 41
4 20 28 29 41
4 20 28 29 41
4 20 32 33 41
4 20 33 34 41
4 20 34 35 41
4 20 34 35 41
5 23 6 7 20
5 23 6 7 20
5 23 8 9 20
5 23 9 10 20
5 23 9 10 20
5 23 10 11 20
5 23 11 12 20
5 23 14 15 20
5 23 15 16 20
5 23 16 17 20
5 23 16 17 20
5 23 19 20 20
5 23 19 20 20
5 23 20 21 20
5 23 20 21 20
5 23 20 21 20
5 23 26 27 20
5 23 26 27 20
5 23 26 27 20
5 23 26 27 20
6 26.2 10 11 24
6 26.2 11 12 24
6 26.2 11 12 24
6 26.2 11 12 24
6 26.2 11 12 24
6 26.2 11 12 24
6 26.2 11 12 24
6 26.2 17 18 24
6 26.2 17 18 24
6 26.2 17 18 24
6 26.2 17 18 24
6 26.2 17 18 24
6 26.2 17 18 24
6 26.2 17 18 24
6 26.2 17 18 24
6 26.2 17 18 24
6 26.2 20 21 24
6 26.2 20 21 24
6 26.2 25 26 24
6 26.2 25 26 24
6 26.2 27 28 24
6 26.2 27 28 24
7 28 2 3 20
7 28 3 4 20
7 28 3 4 20
7 28 3 4 20
7 28 3 4 20
7 28 3 4 20
7 28 3 4 20
7 28 3 4 20
7 28 4 5 20
7 28 4 5 20
7 28 4 5 20
7 28 4 5 20
7 28 4 5 20
7 28 5 6 20
7 28 5 6 20
7 28 6 7 20
7 28 6 7 20
7 28 6 7 20
7 28 9 10 20
7 28 16 17 20
8 30 6 7 27
8 30 6 7 27
8 30 6 7 27
8 30 7 8 27
8 30 7 8 27
8 30 7 8 27
8 30 7 8 27
8 30 7 8 27
8 30 7 8 27
8 30 7 8 27
8 30 11 12 27
8 30 11 12 27
8 30 11 12 27
8 30 11 12 27
8 30 11 12 27
8 30 11 12 27
8 30 11 12 27
8 30 13 14 27
8 30 13 14 27
8 30 13 14 27
8 30 13 14 27
8 30 13 14 27
8 30 13 14 27
8 30 13 14 27
8 30 13 14 27
8 30 13 14 27
8 30 13 14 27
