1 10.6 63 64 400
1 10.6 63 64 400
1 10.6 63 64 400
1 10.6 63 64 400
1 10.6 63 64 400
1 10.6 63 64 400
1 10.6 63 64 400
1 10.6 81 82 400
1 10.6 81 82 400
1 10.6 81 82 400
1 10.6 81 82 400
1 10.6 81 82 400
1 10.6 81 82 400
1 10.6 98 99 400
1 10.6 105 106 400
1 10.6 105 106 400
1 10.6 105 106 400
1 10.6 105 106 400
1 10.6 105 106 400
1 10.6 105 106 400
1 10.6 105 106 400
1 10.6 105 106 400
1 10.6 105 106 400
1 10.6 105 106 400
1 10.6 105 106 400
1 10.6 105 106 400
1 10.6 105 106 400
1 10.6 105 106 400
1 10.6 105 106 400
1 10.6 105 106 400
1 10.6 105 106 400
1 10.6 105 106 400
1 10.6 123 124 400
1 10.6 123 124 400
1 10.6 123 124 400
1 10.6 123 124 400
1 10.6 123 124 400
1 10.6 123 124 400
1 10.6 123 124 400
1 10.6 123 124 400
1 10.6 123 124 400
1 10.6 123 124 400
1 10.6 123 124 400
1 10.6 123 124 400
1 10.6 123 124 400
1 10.6 123 124 400
1 10.6 123 124 400
1 10.6 123 124 400
1 10.6 123 124 400
1 10.6 123 124 400
1 10.6 123 124 400
1 10.6 123 124 400
1 10.6 123 124 400
1 10.6 123 124 400
1 10.6 123 124 400
1 10.6 123 124 400
1 10.6 123 124 400
1 10.6 123 124 400
1 10.6 123 124 400
2 16.1 46 47 550
2 16.1 46 47 550
2 16.1 46 47 550
2 16.1 46 47 550
2 16.1 46 47 550
2 16.1 46 47 550
2 16.1 46 47 550
2 16.1 46 47 550
2 16.1 46 47 550
2 16.1 46 47 550
2 16.1 46 47 550
2 16.1 46 47 550
2 16.1 46 47 550
2 16.1 46 47 550
2 16.1 46 47 550
2 16.1 46 47 550
2 16.1 46 47 550
2 16.1 46 47 550
2 16.1 46 47 550
2 16.1 46 47 550
2 16.1 46 47 550
2 16.1 47 48 550
2 16.1 47 48 550
2 16.1 49 50 550
2 16.1 49 50 550
2 16.1 49 50 550
2 16.1 49 50 550
2 16.1 49 50 550
2 16.1 49 50 550
2 16.1 49 50 550
2 16.1 49 50 550
2 16.1 49 50 550
2 16.1 52 53 550
2 16.1 52 53 550
2 16.1 52 53 550
2 16.1 52 53 550
2 16.1 52 53 550
2 16.1 52 53 550
2 16.1 52 53 550
2 16.1 52 53 550
2 16.1 52 53 550
2 16.1 52 53 550
2 16.1 52 53 550
2 16.1 52 53 550
2 16.1 52 53 550
2 16.1 52 53 550
2 16.1 52 53 550
2 16.1 52 53 550
2 16.1 52 53 550
2 16.1 52 53 550
2 16.1 53 54 550
2 16.1 53 54 550
2 16.1 53 54 550
2 16.1 53 54 550
2 16.1 53 54 550
2 16.1 53 54 550
2 16.1 53 54 550
2 16.1 53 54 550
2 16.1 53 54 550
2 16.1 53 54 550
2 16.1 53 54 550
2 16.1 53 54 550
2 16.1 53 54 550
2 16.1 53 54 550
2 16.1 53 54 550
2 16.1 53 54 550
2 16.1 53 54 550
2 16.1 53 54 550
2 16.1 53 54 550
2 16.1 53 54 550
2 16.1 53 54 550
2 16.1 53 54 550
2 16.1 53 54 550
2 16.1 53 54 550
2 16.1 53 54 550
2 16.1 53 54 550
2 16.1 53 54 550
2 16.1 53 54 550
2 16.1 53 54 550
2 16.1 53 54 550
2 16.1 53 54 550
2 16.1 53 54 550
2 16.1 53 54 550
2 16.1 53 54 550
2 16.1 53 54 550
2 16.1 53 54 550
2 16.1 53 54 550
2 16.1 53 54 550
2 16.1 53 54 550
2 16.1 53 54 550
2 16.1 53 54 550
2 16.1 53 54 550
2 16.1 53 54 550
2 16.1 53 54 550
2 16.1 53 54 550
2 16.1 53 54 550
2 16.1 53 54 550
2 16.1 53 54 550
2 16.1 53 54 550
2 16.1 55 56 550
2 16.1 55 56 550
2 16.1 55 56 550
2 16.1 55 56 550
2 16.1 55 56 550
2 16.1 55 56 550
2 16.1 55 56 550
2 16.1 55 56 550
2 16.1 55 56 550
2 16.1 55 56 550
2 16.1 55 56 550
2 16.1 55 56 550
2 16.1 55 56 550
2 16.1 55 56 550
2 16.1 55 56 550
2 16.1 55 56 550
2 16.1 58 59 550
2 16.1 58 59 550
2 16.1 61 62 550
2 16.1 61 62 550
2 16.1 61 62 550
2 16.1 61 62 550
2 16.1 61 62 550
2 16.1 62 63 550
2 16.1 62 63 550
2 16.1 62 63 550
2 16.1 62 63 550
2 16.1 62 63 550
2 16.1 62 63 550
2 16.1 62 63 550
2 16.1 62 63 550
2 16.1 62 63 550
2 16.1 62 63 550
2 16.1 62 63 550
2 16.1 62 63 550
2 16.1 62 63 550
2 16.1 62 63 550
2 16.1 62 63 550
2 16.1 62 63 550
2 16.1 62 63 550
2 16.1 62 63 550
2 16.1 62 63 550
2 16.1 62 63 550
2 16.1 62 63 550
2 16.1 62 63 550
2 16.1 62 63 550
2 16.1 62 63 550
2 16.1 62 63 550
2 16.1 62 63 550
2 16.1 62 63 550
2 16.1 62 63 550
2 16.1 62 63 550
2 16.1 62 63 550
2 16.1 62 63 550
2 16.1 62 63 550
2 16.1 62 63 550
2 16.1 62 63 550
2 16.1 62 63 550
2 16.1 62 63 550
2 16.1 62 63 550
2 16.1 62 63 550
2 16.1 62 63 550
2 16.1 62 63 550
2 16.1 62 63 550
2 16.1 62 63 550
2 16.1 62 63 550
2 16.1 62 63 550
2 16.1 62 63 550
2 16.1 62 63 550
2 16.1 62 63 550
2 16.1 62 63 550
2 16.1 62 63 550
2 16.1 62 63 550
2 16.1 62 63 550
2 16.1 62 63 550
2 16.1 62 63 550
2 16.1 62 63 550
2 16.1 62 63 550
2 16.1 62 63 550
2 16.1 62 63 550
2 16.1 62 63 550
2 16.1 62 63 550
2 16.1 62 63 550
2 16.1 62 63 550
2 16.1 62 63 550
2 16.1 62 63 550
2 16.1 62 63 550
2 16.1 62 63 550
2 16.1 62 63 550
2 16.1 62 63 550
2 16.1 62 63 550
2 16.1 62 63 550
2 16.1 62 63 550
2 16.1 62 63 550
2 16.1 62 63 550
2 16.1 62 63 550
2 16.1 62 63 550
2 16.1 62 63 550
2 16.1 62 63 550
2 16.1 62 63 550
2 16.1 62 63 550
2 16.1 62 63 550
2 16.1 62 63 550
2 16.1 62 63 550
2 16.1 62 63 550
2 16.1 62 63 550
2 16.1 62 63 550
2 16.1 62 63 550
2 16.1 62 63 550
2 16.1 62 63 550
2 16.1 62 63 550
2 16.1 62 63 550
2 16.1 62 63 550
2 16.1 62 63 550
2 16.1 62 63 550
2 16.1 62 63 550
2 16.1 62 63 550
2 16.1 62 63 550
2 16.1 62 63 550
2 16.1 64 65 550
2 16.1 64 65 550
2 16.1 64 65 550
2 16.1 64 65 550
2 16.1 64 65 550
2 16.1 64 65 550
2 16.1 64 65 550
2 16.1 64 65 550
2 16.1 64 65 550
2 16.1 64 65 550
2 16.1 64 65 550
2 16.1 64 65 550
2 16.1 65 66 550
2 16.1 65 66 550
2 16.1 65 66 550
2 16.1 65 66 550
2 16.1 66 67 550
2 16.1 66 67 550
2 16.1 66 67 550
2 16.1 66 67 550
2 16.1 70 71 550
2 16.1 70 71 550
2 16.1 70 71 550
2 16.1 70 71 550
2 16.1 70 71 550
2 16.1 70 71 550
2 16.1 70 71 550
2 16.1 70 71 550
2 16.1 70 71 550
2 16.1 70 71 550
2 16.1 70 71 550
2 16.1 70 71 550
2 16.1 70 71 550
2 16.1 70 71 550
2 16.1 70 71 550
2 16.1 70 71 550
2 16.1 70 71 550
2 16.1 70 71 550
2 16.1 70 71 550
2 16.1 70 71 550
2 16.1 70 71 550
2 16.1 72 73 550
2 16.1 75 76 550
3 20.3 16 17 600
3 20.3 16 17 600
3 20.3 17 18 600
3 20.3 17 18 600
3 20.3 17 18 600
3 20.3 17 18 600
3 20.3 17 18 600
3 20.3 17 18 600
3 20.3 17 18 600
3 20.3 17 18 600
3 20.3 17 18 600
3 20.3 17 18 600
3 20.3 17 18 600
3 20.3 17 18 600
3 20.3 17 18 600
3 20.3 17 18 600
3 20.3 17 18 600
3 20.3 18 19 600
3 20.3 18 19 600
3 20.3 18 19 600
3 20.3 18 19 600
3 20.3 18 19 600
3 20.3 18 19 600
3 20.3 18 19 600
3 20.3 18 19 600
3 20.3 18 19 600
3 20.3 18 19 600
3 20.3 18 19 600
3 20.3 18 19 600
3 20.3 18 19 600
3 20.3 18 19 600
3 20.3 18 19 600
3 20.3 18 19 600
3 20.3 18 19 600
3 20.3 18 19 600
3 20.3 18 19 600
3 20.3 18 19 600
3 20.3 18 19 600
3 20.3 18 19 600
3 20.3 18 19 600
3 20.3 18 19 600
3 20.3 18 19 600
3 20.3 18 19 600
3 20.3 18 19 600
3 20.3 18 19 600
3 20.3 18 19 600
3 20.3 18 19 600
3 20.3 18 19 600
3 20.3 18 19 600
3 20.3 18 19 600
3 20.3 18 19 600
3 20.3 18 19 600
3 20.3 18 19 600
3 20.3 18 19 600
3 20.3 18 19 600
3 20.3 18 19 600
3 20.3 18 19 600
3 20.3 19 20 600
3 20.3 19 20 600
3 20.3 19 20 600
3 20.3 19 20 600
3 20.3 19 20 600
3 20.3 19 20 600
3 20.3 20 21 600
3 20.3 20 21 600
3 20.3 20 21 600
3 20.3 20 21 600
3 20.3 20 21 600
3 20.3 20 21 600
3 20.3 20 21 600
3 20.3 20 21 600
3 20.3 20 21 600
3 20.3 20 21 600
3 20.3 20 21 600
3 20.3 20 21 600
3 20.3 20 21 600
3 20.3 20 21 600
3 20.3 20 21 600
3 20.3 20 21 600
3 20.3 20 21 600
3 20.3 20 21 600
3 20.3 20 21 600
3 20.3 20 21 600
3 20.3 20 21 600
3 20.3 20 21 600
3 20.3 20 21 600
3 20.3 20 21 600
3 20.3 20 21 600
3 20.3 20 21 600
3 20.3 20 21 600
3 20.3 20 21 600
3 20.3 20 21 600
3 20.3 20 21 600
3 20.3 20 21 600
3 20.3 21 22 600
3 20.3 21 22 600
3 20.3 21 22 600
3 20.3 21 22 600
3 20.3 21 22 600
3 20.3 22 23 600
3 20.3 22 23 600
3 20.3 22 23 600
3 20.3 22 23 600
3 20.3 22 23 600
3 20.3 22 23 600
3 20.3 22 23 600
3 20.3 22 23 600
3 20.3 22 23 600
3 20.3 22 23 600
3 20.3 22 23 600
3 20.3 22 23 600
3 20.3 22 23 600
3 20.3 22 23 600
3 20.3 22 23 600
3 20.3 22 23 600
3 20.3 22 23 600
3 20.3 22 23 600
3 20.3 22 23 600
3 20.3 22 23 600
3 20.3 22 23 600
3 20.3 22 23 600
3 20.3 22 23 600
3 20.3 22 23 600
3 20.3 22 23 600
3 20.3 22 23 600
3 20.3 22 23 600
3 20.3 22 23 600
3 20.3 22 23 600
3 20.3 22 23 600
3 20.3 22 23 600
3 20.3 22 23 600
3 20.3 22 23 600
3 20.3 22 23 600
3 20.3 22 23 600
3 20.3 22 23 600
3 20.3 22 23 600
3 20.3 22 23 600
3 20.3 22 23 600
3 20.3 22 23 600
3 20.3 22 23 600
3 20.3 22 23 600
3 20.3 22 23 600
3 20.3 22 23 600
3 20.3 22 23 600
3 20.3 22 23 600
3 20.3 22 23 600
3 20.3 22 23 600
3 20.3 22 23 600
3 20.3 22 23 600
3 20.3 22 23 600
3 20.3 22 23 600
3 20.3 22 23 600
3 20.3 22 23 600
3 20.3 22 23 600
3 20.3 22 23 600
3 20.3 22 23 600
3 20.3 22 23 600
3 20.3 22 23 600
3 20.3 22 23 600
3 20.3 22 23 600
3 20.3 22 23 600
3 20.3 22 23 600
3 20.3 22 23 600
3 20.3 22 23 600
3 20.3 22 23 600
3 20.3 22 23 600
3 20.3 22 23 600
3 20.3 22 23 600
3 20.3 22 23 600
3 20.3 22 23 600
3 20.3 22 23 600
3 20.3 22 23 600
3 20.3 22 23 600
3 20.3 22 23 600
3 20.3 22 23 600
3 20.3 22 23 600
3 20.3 22 23 600
3 20.3 22 23 600
3 20.3 22 23 600
3 20.3 22 23 600
3 20.3 22 23 600
3 20.3 22 23 600
3 20.3 22 23 600
3 20.3 25 26 600
3 20.3 25 26 600
3 20.3 25 26 600
3 20.3 25 26 600
3 20.3 25 26 600
3 20.3 25 26 600
3 20.3 25 26 600
3 20.3 25 26 600
3 20.3 25 26 600
3 20.3 25 26 600
3 20.3 25 26 600
3 20.3 25 26 600
3 20.3 25 26 600
3 20.3 25 26 600
3 20.3 25 26 600
3 20.3 25 26 600
3 20.3 25 26 600
3 20.3 25 26 600
3 20.3 25 26 600
3 20.3 25 26 600
3 20.3 25 26 600
3 20.3 25 26 600
3 20.3 25 26 600
3 20.3 25 26 600
3 20.3 25 26 600
3 20.3 25 26 600
3 20.3 25 26 600
3 20.3 25 26 600
3 20.3 25 26 600
3 20.3 25 26 600
3 20.3 25 26 600
3 20.3 25 26 600
3 20.3 25 26 600
3 20.3 25 26 600
3 20.3 25 26 600
3 20.3 25 26 600
3 20.3 25 26 600
3 20.3 25 26 600
3 20.3 25 26 600
3 20.3 25 26 600
3 20.3 25 26 600
3 20.3 25 26 600
3 20.3 25 26 600
3 20.3 25 26 600
3 20.3 25 26 600
3 20.3 25 26 600
3 20.3 25 26 600
3 20.3 25 26 600
3 20.3 25 26 600
3 20.3 25 26 600
3 20.3 25 26 600
3 20.3 25 26 600
3 20.3 25 26 600
3 20.3 25 26 600
3 20.3 25 26 600
3 20.3 25 26 600
3 20.3 25 26 600
3 20.3 25 26 600
3 20.3 25 26 600
3 20.3 25 26 600
3 20.3 25 26 600
3 20.3 25 26 600
3 20.3 25 26 600
3 20.3 25 26 600
3 20.3 25 26 600
3 20.3 25 26 600
3 20.3 25 26 600
3 20.3 25 26 600
3 20.3 25 26 600
3 20.3 25 26 600
3 20.3 25 26 600
3 20.3 25 26 600
3 20.3 25 26 600
3 20.3 25 26 600
3 20.3 25 26 600
3 20.3 25 26 600
3 20.3 25 26 600
3 20.3 25 26 600
3 20.3 25 26 600
3 20.3 25 26 600
3 20.3 25 26 600
3 20.3 25 26 600
3 20.3 25 26 600
3 20.3 25 26 600
3 20.3 25 26 600
3 20.3 25 26 600
3 20.3 25 26 600
3 20.3 25 26 600
3 20.3 25 26 600
3 20.3 25 26 600
3 20.3 25 26 600
3 20.3 25 26 600
3 20.3 25 26 600
3 20.3 25 26 600
3 20.3 25 26 600
3 20.3 25 26 600
3 20.3 25 26 600
3 20.3 25 26 600
3 20.3 25 26 600
3 20.3 25 26 600
3 20.3 25 26 600
3 20.3 25 26 600
3 20.3 25 26 600
3 20.3 25 26 600
3 20.3 25 26 600
3 20.3 25 26 600
3 20.3 25 26 600
3 20.3 25 26 600
3 20.3 25 26 600
3 20.3 25 26 600
3 20.3 25 26 600
3 20.3 27 28 600
3 20.3 27 28 600
3 20.3 27 28 600
3 20.3 27 28 600
3 20.3 27 28 600
3 20.3 27 28 600
3 20.3 27 28 600
3 20.3 27 28 600
3 20.3 27 28 600
3 20.3 27 28 600
3 20.3 27 28 600
3 20.3 27 28 600
3 20.3 27 28 600
3 20.3 27 28 600
3 20.3 27 28 600
3 20.3 27 28 600
3 20.3 27 28 600
3 20.3 27 28 600
3 20.3 27 28 600
3 20.3 27 28 600
3 20.3 27 28 600
3 20.3 27 28 600
3 20.3 27 28 600
3 20.3 27 28 600
3 20.3 27 28 600
3 20.3 27 28 600
3 20.3 27 28 600
3 20.3 27 28 600
3 20.3 27 28 600
3 20.3 27 28 600
3 20.3 27 28 600
3 20.3 27 28 600
3 20.3 27 28 600
3 20.3 27 28 600
3 20.3 27 28 600
3 20.3 27 28 600
3 20.3 27 28 600
3 20.3 27 28 600
3 20.3 27 28 600
3 20.3 27 28 600
3 20.3 27 28 600
3 20.3 27 28 600
3 20.3 27 28 600
3 20.3 27 28 600
3 20.3 27 28 600
3 20.3 27 28 600
3 20.3 27 28 600
3 20.3 27 28 600
3 20.3 27 28 600
3 20.3 27 28 600
3 20.3 27 28 600
3 20.3 27 28 600
3 20.3 27 28 600
3 20.3 27 28 600
3 20.3 27 28 600
3 20.3 27 28 600
3 20.3 27 28 600
3 20.3 27 28 600
3 20.3 27 28 600
3 20.3 27 28 600
3 20.3 27 28 600
3 20.3 27 28 600
3 20.3 27 28 600
3 20.3 27 28 600
3 20.3 27 28 600
3 20.3 30 31 600
3 20.3 30 31 600
3 20.3 30 31 600
3 20.3 30 31 600
3 20.3 30 31 600
3 20.3 30 31 600
3 20.3 30 31 600
3 20.3 30 31 600
3 20.3 30 31 600
3 20.3 30 31 600
3 20.3 30 31 600
3 20.3 30 31 600
3 20.3 30 31 600
3 20.3 30 31 600
3 20.3 30 31 600
3 20.3 31 32 600
3 20.3 31 32 600
3 20.3 31 32 600
3 20.3 31 32 600
3 20.3 31 32 600
3 20.3 31 32 600
3 20.3 31 32 600
3 20.3 31 32 600
3 20.3 31 32 600
3 20.3 31 32 600
3 20.3 31 32 600
3 20.3 31 32 600
3 20.3 31 32 600
3 20.3 31 32 600
3 20.3 33 34 600
3 20.3 33 34 600
3 20.3 33 34 600
3 20.3 33 34 600
3 20.3 33 34 600
3 20.3 33 34 600
3 20.3 33 34 600
3 20.3 33 34 600
3 20.3 33 34 600
3 20.3 33 34 600
3 20.3 34 35 600
3 20.3 34 35 600
3 20.3 34 35 600
3 20.3 34 35 600
3 20.3 34 35 600
3 20.3 34 35 600
3 20.3 34 35 600
3 20.3 34 35 600
3 20.3 34 35 600
3 20.3 34 35 600
3 20.3 34 35 600
3 20.3 34 35 600
3 20.3 39 40 600
4 23 12 13 500
4 23 13 14 500
4 23 13 14 500
4 23 13 14 500
4 23 13 14 500
4 23 13 14 500
4 23 13 14 500
4 23 13 14 500
4 23 13 14 500
4 23 13 14 500
4 23 13 14 500
4 23 13 14 500
4 23 14 15 500
4 23 14 15 500
4 23 14 15 500
4 23 14 15 500
4 23 14 15 500
4 23 14 15 500
4 23 14 15 500
4 23 14 15 500
4 23 15 16 500
4 23 15 16 500
4 23 15 16 500
4 23 15 16 500
4 23 15 16 500
4 23 15 16 500
4 23 15 16 500
4 23 15 16 500
4 23 15 16 500
4 23 15 16 500
4 23 15 16 500
4 23 15 16 500
4 23 15 16 500
4 23 15 16 500
4 23 15 16 500
4 23 15 16 500
4 23 15 16 500
4 23 15 16 500
4 23 15 16 500
4 23 15 16 500
4 23 15 16 500
4 23 15 16 500
4 23 15 16 500
4 23 15 16 500
4 23 15 16 500
4 23 15 16 500
4 23 15 16 500
4 23 15 16 500
4 23 15 16 500
4 23 15 16 500
4 23 15 16 500
4 23 15 16 500
4 23 15 16 500
4 23 15 16 500
4 23 15 16 500
4 23 15 16 500
4 23 15 16 500
4 23 15 16 500
4 23 15 16 500
4 23 15 16 500
4 23 15 16 500
4 23 15 16 500
4 23 15 16 500
4 23 15 16 500
4 23 15 16 500
4 23 15 16 500
4 23 15 16 500
4 23 15 16 500
4 23 15 16 500
4 23 15 16 500
4 23 15 16 500
4 23 15 16 500
4 23 15 16 500
4 23 15 16 500
4 23 15 16 500
4 23 15 16 500
4 23 15 16 500
4 23 15 16 500
4 23 15 16 500
4 23 15 16 500
4 23 15 16 500
4 23 15 16 500
4 23 15 16 500
4 23 15 16 500
4 23 15 16 500
4 23 15 16 500
4 23 15 16 500
4 23 15 16 500
4 23 15 16 500
4 23 15 16 500
4 23 15 16 500
4 23 15 16 500
4 23 15 16 500
4 23 15 16 500
4 23 15 16 500
4 23 15 16 500
4 23 15 16 500
4 23 15 16 500
4 23 15 16 500
4 23 15 16 500
4 23 15 16 500
4 23 15 16 500
4 23 15 16 500
4 23 15 16 500
4 23 15 16 500
4 23 15 16 500
4 23 15 16 500
4 23 15 16 500
4 23 15 16 500
4 23 15 16 500
4 23 15 16 500
4 23 15 16 500
4 23 15 16 500
4 23 15 16 500
4 23 15 16 500
4 23 15 16 500
4 23 15 16 500
4 23 15 16 500
4 23 15 16 500
4 23 15 16 500
4 23 15 16 500
4 23 15 16 500
4 23 15 16 500
4 23 15 16 500
4 23 15 16 500
4 23 15 16 500
4 23 15 16 500
4 23 15 16 500
4 23 15 16 500
4 23 15 16 500
4 23 15 16 500
4 23 15 16 500
4 23 15 16 500
4 23 15 16 500
4 23 15 16 500
4 23 15 16 500
4 23 15 16 500
4 23 15 16 500
4 23 15 16 500
4 23 15 16 500
4 23 15 16 500
4 23 15 16 500
4 23 15 16 500
4 23 15 16 500
4 23 15 16 500
4 23 15 16 500
4 23 15 16 500
4 23 15 16 500
4 23 15 16 500
4 23 15 16 500
4 23 15 16 500
4 23 15 16 500
4 23 15 16 500
4 23 15 16 500
4 23 15 16 500
4 23 15 16 500
4 23 15 16 500
4 23 15 16 500
4 23 15 16 500
4 23 15 16 500
4 23 15 16 500
4 23 15 16 500
4 23 15 16 500
4 23 15 16 500
4 23 15 16 500
4 23 15 16 500
4 23 15 16 500
4 23 15 16 500
4 23 15 16 500
4 23 15 16 500
4 23 15 16 500
4 23 15 16 500
4 23 15 16 500
4 23 15 16 500
4 23 15 16 500
4 23 15 16 500
4 23 15 16 500
4 23 15 16 500
4 23 15 16 500
4 23 15 16 500
4 23 15 16 500
4 23 15 16 500
4 23 15 16 500
4 23 15 16 500
4 23 15 16 500
4 23 15 16 500
4 23 15 16 500
4 23 15 16 500
4 23 15 16 500
4 23 15 16 500
4 23 15 16 500
4 23 15 16 500
4 23 15 16 500
4 23 15 16 500
4 23 15 16 500
4 23 15 16 500
4 23 15 16 500
4 23 15 16 500
4 23 15 16 500
4 23 15 16 500
4 23 15 16 500
4 23 15 16 500
4 23 15 16 500
4 23 15 16 500
4 23 15 16 500
4 23 15 16 500
4 23 15 16 500
4 23 15 16 500
4 23 15 16 500
4 23 15 16 500
4 23 15 16 500
4 23 15 16 500
4 23 15 16 500
4 23 15 16 500
4 23 15 16 500
4 23 15 16 500
4 23 15 16 500
4 23 15 16 500
4 23 15 16 500
4 23 15 16 500
4 23 15 16 500
4 23 15 16 500
4 23 15 16 500
4 23 15 16 500
4 23 15 16 500
4 23 15 16 500
4 23 15 16 500
4 23 15 16 500
4 23 15 16 500
4 23 15 16 500
4 23 15 16 500
4 23 15 16 500
4 23 15 16 500
4 23 15 16 500
4 23 15 16 500
4 23 15 16 500
4 23 15 16 500
4 23 15 16 500
4 23 15 16 500
4 23 15 16 500
4 23 15 16 500
4 23 15 16 500
4 23 15 16 500
4 23 15 16 500
4 23 15 16 500
4 23 15 16 500
4 23 15 16 500
4 23 15 16 500
4 23 16 17 500
4 23 16 17 500
4 23 16 17 500
4 23 16 17 500
4 23 16 17 500
4 23 16 17 500
4 23 16 17 500
4 23 16 17 500
4 23 16 17 500
4 23 16 17 500
4 23 16 17 500
4 23 16 17 500
4 23 16 17 500
4 23 16 17 500
4 23 16 17 500
4 23 16 17 500
4 23 16 17 500
4 23 16 17 500
4 23 16 17 500
4 23 16 17 500
4 23 16 17 500
4 23 16 17 500
4 23 16 17 500
4 23 16 17 500
4 23 16 17 500
4 23 16 17 500
4 23 16 17 500
4 23 16 17 500
4 23 16 17 500
4 23 16 17 500
4 23 16 17 500
4 23 16 17 500
4 23 16 17 500
4 23 16 17 500
4 23 16 17 500
4 23 16 17 500
4 23 16 17 500
4 23 16 17 500
4 23 16 17 500
4 23 16 17 500
4 23 16 17 500
4 23 16 17 500
4 23 16 17 500
4 23 16 17 500
4 23 16 17 500
4 23 16 17 500
4 23 16 17 500
4 23 16 17 500
4 23 16 17 500
4 23 16 17 500
4 23 16 17 500
4 23 16 17 500
4 23 16 17 500
4 23 16 17 500
4 23 16 17 500
4 23 16 17 500
4 23 16 17 500
4 23 16 17 500
4 23 17 18 500
4 23 17 18 500
4 23 17 18 500
4 23 17 18 500
4 23 17 18 500
4 23 17 18 500
4 23 17 18 500
4 23 17 18 500
4 23 17 18 500
4 23 17 18 500
4 23 17 18 500
4 23 17 18 500
4 23 17 18 500
4 23 17 18 500
4 23 17 18 500
4 23 17 18 500
4 23 17 18 500
4 23 17 18 500
4 23 17 18 500
4 23 17 18 500
4 23 18 19 500
4 23 18 19 500
4 23 18 19 500
4 23 18 19 500
4 23 18 19 500
4 23 18 19 500
4 23 18 19 500
4 23 18 19 500
4 23 18 19 500
4 23 18 19 500
4 23 18 19 500
4 23 18 19 500
4 23 18 19 500
4 23 18 19 500
4 23 18 19 500
4 23 18 19 500
4 23 18 19 500
4 23 18 19 500
4 23 18 19 500
4 23 18 19 500
4 23 18 19 500
4 23 18 19 500
4 23 18 19 500
4 23 18 19 500
4 23 18 19 500
4 23 18 19 500
4 23 18 19 500
4 23 18 19 500
4 23 18 19 500
4 23 18 19 500
4 23 18 19 500
4 23 18 19 500
4 23 18 19 500
4 23 18 19 500
4 23 18 19 500
4 23 18 19 500
4 23 18 19 500
4 23 18 19 500
4 23 19 20 500
4 23 19 20 500
4 23 19 20 500
4 23 19 20 500
4 23 19 20 500
4 23 20 21 500
4 23 20 21 500
4 23 20 21 500
4 23 20 21 500
4 23 20 21 500
4 23 20 21 500
4 23 20 21 500
4 23 20 21 500
4 23 20 21 500
4 23 20 21 500
4 23 20 21 500
4 23 20 21 500
5 24 16 17 200
5 24 16 17 200
5 24 16 17 200
5 24 16 17 200
5 24 16 17 200
5 24 16 17 200
5 24 16 17 200
5 24 16 17 200
5 24 16 17 200
5 24 16 17 200
5 24 16 17 200
5 24 16 17 200
5 24 16 17 200
5 24 16 17 200
5 24 16 17 200
5 24 16 17 200
5 24 16 17 200
5 24 16 17 200
5 24 16 17 200
5 24 16 17 200
5 24 16 17 200
5 24 16 17 200
5 24 16 17 200
5 24 16 17 200
5 24 16 17 200
5 24 16 17 200
5 24 16 17 200
5 24 16 17 200
5 24 16 17 200
5 24 16 17 200
5 24 16 17 200
5 24 16 17 200
5 24 16 17 200
5 24 16 17 200
5 24 16 17 200
5 24 16 17 200
5 24 16 17 200
5 24 16 17 200
5 24 16 17 200
5 24 16 17 200
5 24 16 17 200
5 24 16 17 200
5 24 16 17 200
5 24 16 17 200
5 24 16 17 200
5 24 16 17 200
5 24 16 17 200
5 24 16 17 200
5 24 16 17 200
5 24 16 17 200
5 24 16 17 200
5 24 16 17 200
5 24 16 17 200
5 24 16 17 200
5 24 16 17 200
5 24 16 17 200
5 24 16 17 200
5 24 16 17 200
5 24 16 17 200
5 24 16 17 200
5 24 16 17 200
5 24 16 17 200
5 24 16 17 200
5 24 16 17 200
5 24 16 17 200
5 24 16 17 200
5 24 16 17 200
5 24 16 17 200
5 24 16 17 200
5 24 16 17 200
5 24 16 17 200
5 24 16 17 200
5 24 16 17 200
5 24 16 17 200
5 24 16 17 200
5 24 16 17 200
5 24 16 17 200
5 24 16 17 200
5 24 16 17 200
5 24 16 17 200
5 24 16 17 200
5 24 16 17 200
5 24 16 17 200
5 24 16 17 200
5 24 16 17 200
5 24 16 17 200
5 24 16 17 200
5 24 16 17 200
5 24 16 17 200
5 24 16 17 200
5 24 16 17 200
5 24 16 17 200
5 24 16 17 200
5 24 16 17 200
5 24 16 17 200
5 24 16 17 200
5 24 16 17 200
5 24 16 17 200
5 24 16 17 200
5 24 16 17 200
5 24 16 17 200
5 24 16 17 200
5 24 16 17 200
5 24 16 17 200
5 24 16 17 200
5 24 16 17 200
5 24 16 17 200
5 24 16 17 200
5 24 16 17 200
5 24 16 17 200
5 24 16 17 200
5 24 16 17 200
5 24 16 17 200
5 24 16 17 200
5 24 16 17 200
5 24 16 17 200
5 24 16 17 200
5 24 16 17 200
5 24 16 17 200
5 24 16 17 200
5 24 16 17 200
5 24 16 17 200
5 24 16 17 200
5 24 16 17 200
5 24 16 17 200
5 24 16 17 200
5 24 16 17 200
5 24 16 17 200
5 24 16 17 200
5 24 16 17 200
5 24 16 17 200
5 24 16 17 200
5 24 16 17 200
5 24 16 17 200
5 24 16 17 200
5 24 17 18 200
5 24 17 18 200
5 24 17 18 200
5 24 17 18 200
5 24 17 18 200
5 24 17 18 200
5 24 17 18 200
5 24 20 21 200
5 24 20 21 200
5 24 20 21 200
5 24 20 21 200
5 24 20 21 200
5 24 20 21 200
5 24 20 21 200
5 24 20 21 200
5 24 20 21 200
5 24 22 23 200
5 24 22 23 200
5 24 22 23 200
5 24 22 23 200
5 24 22 23 200
5 24 22 23 200
5 24 22 23 200
5 24 22 23 200
5 24 22 23 200
5 24 22 23 200
6 25 12 13 400
6 25 12 13 400
6 25 13 14 400
6 25 13 14 400
6 25 13 14 400
6 25 13 14 400
6 25 13 14 400
6 25 13 14 400
6 25 13 14 400
6 25 13 14 400
6 25 13 14 400
6 25 13 14 400
6 25 13 14 400
6 25 13 14 400
6 25 13 14 400
6 25 13 14 400
6 25 13 14 400
6 25 13 14 400
6 25 13 14 400
6 25 13 14 400
6 25 13 14 400
6 25 13 14 400
6 25 13 14 400
6 25 13 14 400
6 25 13 14 400
6 25 13 14 400
6 25 13 14 400
6 25 13 14 400
6 25 13 14 400
6 25 13 14 400
6 25 13 14 400
6 25 13 14 400
6 25 13 14 400
6 25 13 14 400
6 25 13 14 400
6 25 13 14 400
6 25 13 14 400
6 25 14 15 400
6 25 14 15 400
6 25 14 15 400
6 25 14 15 400
6 25 14 15 400
6 25 14 15 400
6 25 14 15 400
6 25 14 15 400
6 25 14 15 400
6 25 14 15 400
6 25 14 15 400
6 25 14 15 400
6 25 14 15 400
6 25 14 15 400
6 25 14 15 400
6 25 14 15 400
6 25 14 15 400
6 25 14 15 400
6 25 14 15 400
6 25 14 15 400
6 25 14 15 400
6 25 14 15 400
6 25 14 15 400
6 25 15 16 400
6 25 15 16 400
6 25 15 16 400
6 25 15 16 400
6 25 15 16 400
6 25 15 16 400
6 25 15 16 400
6 25 15 16 400
6 25 15 16 400
6 25 15 16 400
6 25 15 16 400
6 25 15 16 400
6 25 15 16 400
6 25 15 16 400
6 25 15 16 400
6 25 15 16 400
6 25 16 17 400
6 25 16 17 400
6 25 16 17 400
6 25 16 17 400
6 25 16 17 400
6 25 16 17 400
6 25 16 17 400
6 25 16 17 400
6 25 16 17 400
6 25 16 17 400
6 25 16 17 400
6 25 16 17 400
6 25 16 17 400
6 25 16 17 400
6 25 16 17 400
6 25 16 17 400
6 25 16 17 400
6 25 16 17 400
6 25 16 17 400
6 25 16 17 400
6 25 16 17 400
6 25 16 17 400
6 25 16 17 400
6 25 16 17 400
6 25 16 17 400
6 25 16 17 400
6 25 16 17 400
6 25 16 17 400
6 25 16 17 400
6 25 16 17 400
6 25 16 17 400
6 25 16 17 400
6 25 16 17 400
6 25 16 17 400
6 25 16 17 400
6 25 16 17 400
6 25 16 17 400
6 25 16 17 400
6 25 16 17 400
6 25 16 17 400
6 25 16 17 400
6 25 16 17 400
6 25 16 17 400
6 25 16 17 400
6 25 16 17 400
6 25 16 17 400
6 25 16 17 400
6 25 16 17 400
6 25 16 17 400
6 25 16 17 400
6 25 16 17 400
6 25 16 17 400
6 25 16 17 400
6 25 16 17 400
6 25 16 17 400
6 25 16 17 400
6 25 16 17 400
6 25 16 17 400
6 25 16 17 400
6 25 16 17 400
6 25 16 17 400
6 25 16 17 400
6 25 16 17 400
6 25 16 17 400
6 25 16 17 400
6 25 16 17 400
6 25 16 17 400
6 25 16 17 400
6 25 16 17 400
6 25 16 17 400
6 25 16 17 400
6 25 16 17 400
6 25 16 17 400
6 25 16 17 400
6 25 16 17 400
6 25 16 17 400
6 25 16 17 400
6 25 16 17 400
6 25 16 17 400
6 25 16 17 400
6 25 16 17 400
6 25 16 17 400
6 25 16 17 400
6 25 16 17 400
6 25 16 17 400
6 25 16 17 400
6 25 16 17 400
6 25 16 17 400
6 25 16 17 400
6 25 16 17 400
6 25 16 17 400
6 25 16 17 400
6 25 16 17 400
6 25 16 17 400
6 25 16 17 400
6 25 16 17 400
6 25 16 17 400
6 25 16 17 400
6 25 16 17 400
6 25 16 17 400
6 25 16 17 400
6 25 16 17 400
6 25 16 17 400
6 25 16 17 400
6 25 16 17 400
6 25 16 17 400
6 25 16 17 400
6 25 16 17 400
6 25 16 17 400
6 25 16 17 400
6 25 16 17 400
6 25 16 17 400
6 25 16 17 400
6 25 16 17 400
6 25 16 17 400
6 25 16 17 400
6 25 16 17 400
6 25 16 17 400
6 25 16 17 400
6 25 16 17 400
6 25 16 17 400
6 25 16 17 400
6 25 16 17 400
6 25 16 17 400
6 25 16 17 400
6 25 16 17 400
6 25 16 17 400
6 25 16 17 400
6 25 16 17 400
6 25 16 17 400
6 25 16 17 400
6 25 16 17 400
6 25 16 17 400
6 25 16 17 400
6 25 16 17 400
6 25 16 17 400
6 25 16 17 400
6 25 16 17 400
6 25 16 17 400
6 25 16 17 400
6 25 16 17 400
6 25 16 17 400
6 25 16 17 400
6 25 16 17 400
6 25 16 17 400
6 25 16 17 400
6 25 16 17 400
6 25 16 17 400
6 25 16 17 400
6 25 16 17 400
6 25 16 17 400
6 25 16 17 400
6 25 16 17 400
6 25 16 17 400
6 25 16 17 400
6 25 16 17 400
6 25 16 17 400
6 25 16 17 400
6 25 16 17 400
6 25 16 17 400
6 25 16 17 400
6 25 16 17 400
6 25 16 17 400
6 25 16 17 400
6 25 16 17 400
6 25 16 17 400
6 25 16 17 400
6 25 16 17 400
6 25 16 17 400
6 25 16 17 400
6 25 16 17 400
6 25 16 17 400
6 25 16 17 400
6 25 16 17 400
6 25 16 17 400
6 25 16 17 400
6 25 16 17 400
6 25 16 17 400
6 25 16 17 400
6 25 16 17 400
6 25 16 17 400
6 25 16 17 400
6 25 16 17 400
6 25 16 17 400
6 25 17 18 400
6 25 17 18 400
6 25 17 18 400
6 25 17 18 400
6 25 17 18 400
6 25 17 18 400
6 25 17 18 400
6 25 17 18 400
6 25 17 18 400
6 25 17 18 400
6 25 17 18 400
6 25 17 18 400
6 25 17 18 400
6 25 17 18 400
6 25 17 18 400
6 25 17 18 400
6 25 18 19 400
6 25 18 19 400
6 25 18 19 400
6 25 18 19 400
6 25 18 19 400
6 25 18 19 400
6 25 18 19 400
6 25 18 19 400
6 25 18 19 400
6 25 18 19 400
6 25 18 19 400
6 25 19 20 400
6 25 19 20 400
6 25 19 20 400
6 25 19 20 400
6 25 19 20 400
6 25 19 20 400
6 25 19 20 400
6 25 19 20 400
6 25 20 21 400
6 25 20 21 400
6 25 20 21 400
6 25 20 21 400
6 25 20 21 400
6 25 20 21 400
6 25 20 21 400
6 25 20 21 400
6 25 20 21 400
7 26.3 11 12 200
7 26.3 11 12 200
7 26.3 11 12 200
7 26.3 13 14 200
7 26.3 13 14 200
7 26.3 13 14 200
7 26.3 13 14 200
7 26.3 13 14 200
7 26.3 13 14 200
7 26.3 13 14 200
7 26.3 13 14 200
7 26.3 13 14 200
7 26.3 13 14 200
7 26.3 13 14 200
7 26.3 13 14 200
7 26.3 13 14 200
7 26.3 13 14 200
7 26.3 13 14 200
7 26.3 13 14 200
7 26.3 13 14 200
7 26.3 13 14 200
7 26.3 13 14 200
7 26.3 13 14 200
7 26.3 13 14 200
7 26.3 13 14 200
7 26.3 13 14 200
7 26.3 13 14 200
7 26.3 13 14 200
7 26.3 13 14 200
7 26.3 13 14 200
7 26.3 13 14 200
7 26.3 13 14 200
7 26.3 13 14 200
7 26.3 13 14 200
7 26.3 13 14 200
7 26.3 13 14 200
7 26.3 13 14 200
7 26.3 13 14 200
7 26.3 13 14 200
7 26.3 13 14 200
7 26.3 13 14 200
7 26.3 13 14 200
7 26.3 13 14 200
7 26.3 13 14 200
7 26.3 13 14 200
7 26.3 13 14 200
7 26.3 13 14 200
7 26.3 13 14 200
7 26.3 13 14 200
7 26.3 13 14 200
7 26.3 13 14 200
7 26.3 13 14 200
7 26.3 13 14 200
7 26.3 13 14 200
7 26.3 13 14 200
7 26.3 13 14 200
7 26.3 13 14 200
7 26.3 13 14 200
7 26.3 13 14 200
7 26.3 13 14 200
7 26.3 13 14 200
7 26.3 13 14 200
7 26.3 13 14 200
7 26.3 13 14 200
7 26.3 13 14 200
7 26.3 13 14 200
7 26.3 13 14 200
7 26.3 13 14 200
7 26.3 13 14 200
7 26.3 13 14 200
7 26.3 13 14 200
7 26.3 13 14 200
7 26.3 13 14 200
7 26.3 13 14 200
7 26.3 13 14 200
7 26.3 13 14 200
7 26.3 13 14 200
7 26.3 13 14 200
7 26.3 13 14 200
7 26.3 13 14 200
7 26.3 13 14 200
7 26.3 13 14 200
7 26.3 13 14 200
7 26.3 13 14 200
7 26.3 13 14 200
7 26.3 13 14 200
7 26.3 13 14 200
7 26.3 13 14 200
7 26.3 13 14 200
7 26.3 13 14 200
7 26.3 13 14 200
7 26.3 13 14 200
7 26.3 13 14 200
7 26.3 13 14 200
7 26.3 13 14 200
7 26.3 13 14 200
7 26.3 13 14 200
7 26.3 13 14 200
7 26.3 13 14 200
7 26.3 13 14 200
7 26.3 13 14 200
7 26.3 13 14 200
7 26.3 13 14 200
7 26.3 13 14 200
7 26.3 13 14 200
7 26.3 13 14 200
7 26.3 13 14 200
7 26.3 13 14 200
7 26.3 13 14 200
7 26.3 13 14 200
7 26.3 13 14 200
7 26.3 13 14 200
7 26.3 13 14 200
7 26.3 13 14 200
7 26.3 13 14 200
7 26.3 13 14 200
7 26.3 13 14 200
7 26.3 13 14 200
7 26.3 13 14 200
7 26.3 13 14 200
7 26.3 13 14 200
7 26.3 13 14 200
7 26.3 13 14 200
7 26.3 13 14 200
7 26.3 13 14 200
7 26.3 13 14 200
7 26.3 13 14 200
7 26.3 13 14 200
7 26.3 13 14 200
7 26.3 13 14 200
7 26.3 13 14 200
7 26.3 13 14 200
7 26.3 13 14 200
7 26.3 13 14 200
7 26.3 13 14 200
7 26.3 13 14 200
7 26.3 13 14 200
7 26.3 13 14 200
7 26.3 13 14 200
7 26.3 13 14 200
7 26.3 13 14 200
7 26.3 13 14 200
7 26.3 16 17 200
7 26.3 16 17 200
7 26.3 16 17 200
7 26.3 16 17 200
7 26.3 16 17 200
7 26.3 16 17 200
7 26.3 16 17 200
7 26.3 16 17 200
7 26.3 16 17 200
7 26.3 16 17 200
7 26.3 16 17 200
7 26.3 16 17 200
7 26.3 16 17 200
7 26.3 16 17 200
7 26.3 16 17 200
7 26.3 16 17 200
7 26.3 16 17 200
7 26.3 16 17 200
7 26.3 16 17 200
7 26.3 16 17 200
7 26.3 16 17 200
7 26.3 16 17 200
7 26.3 16 17 200
7 26.3 16 17 200
7 26.3 16 17 200
7 26.3 16 17 200
7 26.3 16 17 200
7 26.3 16 17 200
7 26.3 16 17 200
7 26.3 16 17 200
7 26.3 16 17 200
7 26.3 16 17 200
7 26.3 16 17 200
7 26.3 16 17 200
7 26.3 16 17 200
8 28 7 8 300
8 28 7 8 300
8 28 7 8 300
8 28 7 8 300
8 28 7 8 300
8 28 7 8 300
8 28 7 8 300
8 28 7 8 300
8 28 7 8 300
8 28 7 8 300
8 28 7 8 300
8 28 7 8 300
8 28 7 8 300
8 28 7 8 300
8 28 8 9 300
8 28 8 9 300
8 28 8 9 300
8 28 8 9 300
8 28 9 10 300
8 28 9 10 300
8 28 9 10 300
8 28 9 10 300
8 28 9 10 300
8 28 9 10 300
8 28 10 11 300
8 28 10 11 300
8 28 10 11 300
8 28 10 11 300
8 28 10 11 300
8 28 10 11 300
8 28 10 11 300
8 28 10 11 300
8 28 10 11 300
8 28 10 11 300
8 28 10 11 300
8 28 10 11 300
8 28 10 11 300
8 28 10 11 300
8 28 10 11 300
8 28 10 11 300
8 28 10 11 300
8 28 10 11 300
8 28 10 11 300
8 28 10 11 300
8 28 10 11 300
8 28 11 12 300
8 28 11 12 300
8 28 11 12 300
8 28 11 12 300
8 28 11 12 300
8 28 11 12 300
8 28 11 12 300
8 28 11 12 300
8 28 11 12 300
8 28 11 12 300
8 28 11 12 300
8 28 11 12 300
8 28 11 12 300
8 28 11 12 300
8 28 11 12 300
8 28 11 12 300
8 28 11 12 300
8 28 11 12 300
8 28 11 12 300
8 28 11 12 300
8 28 11 12 300
8 28 11 12 300
8 28 11 12 300
8 28 11 12 300
8 28 11 12 300
8 28 11 12 300
8 28 11 12 300
8 28 11 12 300
8 28 11 12 300
8 28 11 12 300
8 28 11 12 300
8 28 11 12 300
8 28 11 12 300
8 28 11 12 300
8 28 11 12 300
8 28 11 12 300
8 28 11 12 300
8 28 11 12 300
8 28 11 12 300
8 28 11 12 300
8 28 11 12 300
8 28 11 12 300
8 28 11 12 300
8 28 11 12 300
8 28 11 12 300
8 28 11 12 300
8 28 11 12 300
8 28 11 12 300
8 28 11 12 300
8 28 11 12 300
8 28 11 12 300
8 28 11 12 300
8 28 11 12 300
8 28 11 12 300
8 28 11 12 300
8 28 11 12 300
8 28 11 12 300
8 28 11 12 300
8 28 11 12 300
8 28 11 12 300
8 28 11 12 300
8 28 11 12 300
8 28 11 12 300
8 28 11 12 300
8 28 11 12 300
8 28 11 12 300
8 28 11 12 300
8 28 11 12 300
8 28 11 12 300
8 28 11 12 300
8 28 11 12 300
8 28 11 12 300
8 28 11 12 300
8 28 11 12 300
8 28 11 12 300
8 28 11 12 300
8 28 11 12 300
8 28 11 12 300
8 28 11 12 300
8 28 11 12 300
8 28 11 12 300
8 28 11 12 300
8 28 11 12 300
8 28 11 12 300
8 28 11 12 300
8 28 11 12 300
8 28 11 12 300
8 28 11 12 300
8 28 11 12 300
8 28 11 12 300
8 28 11 12 300
8 28 11 12 300
8 28 11 12 300
8 28 11 12 300
8 28 11 12 300
8 28 11 12 300
8 28 11 12 300
8 28 11 12 300
8 28 11 12 300
8 28 11 12 300
8 28 11 12 300
8 28 11 12 300
8 28 11 12 300
8 28 11 12 300
8 28 11 12 300
8 28 11 12 300
8 28 11 12 300
8 28 11 12 300
8 28 11 12 300
8 28 11 12 300
8 28 11 12 300
8 28 11 12 300
8 28 11 12 300
8 28 11 12 300
8 28 11 12 300
8 28 11 12 300
8 28 11 12 300
8 28 11 12 300
8 28 11 12 300
8 28 11 12 300
8 28 11 12 300
8 28 11 12 300
8 28 11 12 300
8 28 11 12 300
8 28 11 12 300
8 28 11 12 300
8 28 11 12 300
8 28 11 12 300
8 28 11 12 300
8 28 11 12 300
8 28 11 12 300
8 28 11 12 300
8 28 11 12 300
8 28 11 12 300
8 28 11 12 300
8 28 11 12 300
8 28 11 12 300
8 28 11 12 300
8 28 12 13 300
8 28 12 13 300
8 28 12 13 300
8 28 12 13 300
8 28 12 13 300
8 28 12 13 300
8 28 13 14 300
8 28 13 14 300
8 28 13 14 300
8 28 13 14 300
8 28 13 14 300
8 28 13 14 300
8 28 13 14 300
8 28 13 14 300
8 28 13 14 300
8 28 13 14 300
8 28 13 14 300
8 28 13 14 300
9 30 7 8 600
9 30 7 8 600
9 30 7 8 600
9 30 7 8 600
9 30 7 8 600
9 30 7 8 600
9 30 7 8 600
9 30 7 8 600
9 30 7 8 600
9 30 7 8 600
9 30 7 8 600
9 30 7 8 600
9 30 7 8 600
9 30 7 8 600
9 30 7 8 600
9 30 7 8 600
9 30 7 8 600
9 30 7 8 600
9 30 7 8 600
9 30 7 8 600
9 30 7 8 600
9 30 7 8 600
9 30 7 8 600
9 30 7 8 600
9 30 8 9 600
9 30 8 9 600
9 30 8 9 600
9 30 8 9 600
9 30 8 9 600
9 30 8 9 600
9 30 8 9 600
9 30 8 9 600
9 30 8 9 600
9 30 8 9 600
9 30 8 9 600
9 30 8 9 600
9 30 8 9 600
9 30 8 9 600
9 30 8 9 600
9 30 8 9 600
9 30 8 9 600
9 30 8 9 600
9 30 8 9 600
9 30 8 9 600
9 30 8 9 600
9 30 8 9 600
9 30 8 9 600
9 30 8 9 600
9 30 8 9 600
9 30 8 9 600
9 30 8 9 600
9 30 8 9 600
9 30 8 9 600
9 30 8 9 600
9 30 8 9 600
9 30 8 9 600
9 30 8 9 600
9 30 8 9 600
9 30 8 9 600
9 30 8 9 600
9 30 8 9 600
9 30 8 9 600
9 30 8 9 600
9 30 8 9 600
9 30 8 9 600
9 30 8 9 600
9 30 8 9 600
9 30 8 9 600
9 30 8 9 600
9 30 8 9 600
9 30 8 9 600
9 30 8 9 600
9 30 8 9 600
9 30 8 9 600
9 30 8 9 600
9 30 8 9 600
9 30 8 9 600
9 30 8 9 600
9 30 8 9 600
9 30 8 9 600
9 30 8 9 600
9 30 8 9 600
9 30 8 9 600
9 30 8 9 600
9 30 8 9 600
9 30 8 9 600
9 30 8 9 600
9 30 8 9 600
9 30 8 9 600
9 30 8 9 600
9 30 8 9 600
9 30 8 9 600
9 30 8 9 600
9 30 8 9 600
9 30 8 9 600
9 30 8 9 600
9 30 8 9 600
9 30 8 9 600
9 30 8 9 600
9 30 8 9 600
9 30 8 9 600
9 30 8 9 600
9 30 8 9 600
9 30 8 9 600
9 30 8 9 600
9 30 8 9 600
9 30 8 9 600
9 30 8 9 600
9 30 8 9 600
9 30 8 9 600
9 30 8 9 600
9 30 8 9 600
9 30 8 9 600
9 30 8 9 600
9 30 8 9 600
9 30 8 9 600
9 30 8 9 600
9 30 8 9 600
9 30 8 9 600
9 30 8 9 600
9 30 8 9 600
9 30 8 9 600
9 30 8 9 600
9 30 8 9 600
9 30 8 9 600
9 30 8 9 600
9 30 8 9 600
9 30 8 9 600
9 30 8 9 600
9 30 9 10 600
9 30 9 10 600
9 30 9 10 600
9 30 9 10 600
9 30 9 10 600
9 30 9 10 600
9 30 9 10 600
9 30 9 10 600
9 30 9 10 600
9 30 9 10 600
9 30 9 10 600
9 30 9 10 600
9 30 9 10 600
9 30 9 10 600
9 30 9 10 600
9 30 9 10 600
9 30 9 10 600
9 30 9 10 600
9 30 9 10 600
9 30 9 10 600
9 30 9 10 600
9 30 9 10 600
9 30 9 10 600
9 30 9 10 600
9 30 9 10 600
9 30 9 10 600
9 30 9 10 600
9 30 9 10 600
9 30 9 10 600
9 30 9 10 600
9 30 9 10 600
9 30 9 10 600
9 30 9 10 600
9 30 9 10 600
9 30 9 10 600
9 30 9 10 600
9 30 9 10 600
9 30 9 10 600
9 30 9 10 600
9 30 9 10 600
9 30 9 10 600
9 30 9 10 600
9 30 9 10 600
9 30 9 10 600
9 30 9 10 600
9 30 9 10 600
9 30 9 10 600
9 30 9 10 600
9 30 9 10 600
9 30 9 10 600
9 30 9 10 600
9 30 9 10 600
9 30 9 10 600
9 30 9 10 600
9 30 9 10 600
9 30 9 10 600
9 30 9 10 600
9 30 9 10 600
9 30 9 10 600
9 30 9 10 600
9 30 9 10 600
9 30 9 10 600
9 30 9 10 600
9 30 9 10 600
9 30 9 10 600
9 30 9 10 600
9 30 9 10 600
9 30 9 10 600
9 30 9 10 600
9 30 9 10 600
9 30 9 10 600
9 30 9 10 600
9 30 9 10 600
9 30 9 10 600
9 30 9 10 600
9 30 9 10 600
9 30 9 10 600
9 30 9 10 600
9 30 9 10 600
9 30 9 10 600
9 30 9 10 600
9 30 9 10 600
9 30 9 10 600
9 30 9 10 600
9 30 9 10 600
9 30 9 10 600
9 30 9 10 600
9 30 9 10 600
9 30 9 10 600
9 30 9 10 600
9 30 9 10 600
9 30 9 10 600
9 30 9 10 600
9 30 9 10 600
9 30 9 10 600
9 30 9 10 600
9 30 9 10 600
9 30 9 10 600
9 30 9 10 600
9 30 9 10 600
9 30 9 10 600
9 30 9 10 600
9 30 9 10 600
9 30 9 10 600
9 30 9 10 600
9 30 9 10 600
9 30 9 10 600
9 30 9 10 600
9 30 9 10 600
9 30 9 10 600
9 30 9 10 600
9 30 9 10 600
9 30 9 10 600
9 30 9 10 600
9 30 9 10 600
9 30 9 10 600
9 30 9 10 600
9 30 9 10 600
9 30 9 10 600
9 30 9 10 600
9 30 9 10 600
9 30 9 10 600
9 30 9 10 600
9 30 9 10 600
9 30 9 10 600
9 30 9 10 600
9 30 9 10 600
9 30 9 10 600
9 30 9 10 600
9 30 9 10 600
9 30 9 10 600
9 30 9 10 600
9 30 9 10 600
9 30 9 10 600
9 30 9 10 600
9 30 9 10 600
9 30 9 10 600
9 30 9 10 600
9 30 9 10 600
9 30 9 10 600
9 30 9 10 600
9 30 9 10 600
9 30 9 10 600
9 30 9 10 600
9 30 9 10 600
9 30 9 10 600
9 30 9 10 600
9 30 9 10 600
9 30 9 10 600
9 30 9 10 600
9 30 9 10 600
9 30 9 10 600
9 30 9 10 600
9 30 9 10 600
9 30 9 10 600
9 30 9 10 600
9 30 9 10 600
9 30 9 10 600
9 30 9 10 600
9 30 9 10 600
9 30 9 10 600
9 30 9 10 600
9 30 9 10 600
9 30 9 10 600
9 30 9 10 600
9 30 9 10 600
9 30 9 10 600
9 30 9 10 600
9 30 9 10 600
9 30 9 10 600
9 30 9 10 600
9 30 9 10 600
9 30 9 10 600
9 30 9 10 600
9 30 9 10 600
9 30 9 10 600
9 30 9 10 600
9 30 9 10 600
9 30 9 10 600
9 30 9 10 600
9 30 9 10 600
9 30 9 10 600
9 30 9 10 600
9 30 9 10 600
9 30 9 10 600
9 30 9 10 600
9 30 9 10 600
9 30 9 10 600
9 30 9 10 600
9 30 9 10 600
9 30 9 10 600
9 30 9 10 600
9 30 9 10 600
9 30 9 10 600
9 30 9 10 600
9 30 9 10 600
9 30 9 10 600
9 30 9 10 600
9 30 9 10 600
9 30 9 10 600
9 30 9 10 600
9 30 9 10 600
9 30 9 10 600
9 30 9 10 600
9 30 9 10 600
9 30 9 10 600
9 30 9 10 600
9 30 9 10 600
9 30 9 10 600
9 30 9 10 600
9 30 9 10 600
9 30 9 10 600
9 30 9 10 600
9 30 9 10 600
9 30 9 10 600
9 30 9 10 600
9 30 9 10 600
9 30 9 10 600
9 30 9 10 600
9 30 9 10 600
9 30 9 10 600
9 30 9 10 600
9 30 9 10 600
9 30 9 10 600
9 30 9 10 600
9 30 9 10 600
9 30 9 10 600
9 30 9 10 600
9 30 9 10 600
9 30 9 10 600
9 30 9 10 600
9 30 9 10 600
9 30 9 10 600
9 30 9 10 600
9 30 9 10 600
9 30 9 10 600
9 30 9 10 600
9 30 9 10 600
9 30 9 10 600
9 30 9 10 600
9 30 9 10 600
9 30 9 10 600
9 30 9 10 600
9 30 9 10 600
9 30 9 10 600
9 30 9 10 600
9 30 9 10 600
9 30 9 10 600
9 30 9 10 600
9 30 9 10 600
9 30 9 10 600
9 30 9 10 600
9 30 9 10 600
9 30 10 11 600
9 30 10 11 600
9 30 10 11 600
9 30 10 11 600
9 30 10 11 600
9 30 10 11 600
9 30 10 11 600
9 30 10 11 600
9 30 10 11 600
9 30 10 11 600
9 30 10 11 600
9 30 10 11 600
9 30 10 11 600
9 30 10 11 600
9 30 10 11 600
9 30 10 11 600
9 30 10 11 600
9 30 10 11 600
9 30 10 11 600
9 30 10 11 600
9 30 10 11 600
9 30 10 11 600
9 30 11 12 600
9 30 11 12 600
9 30 11 12 600
9 30 11 12 600
9 30 11 12 600
9 30 11 12 600
9 30 11 12 600
9 30 11 12 600
9 30 11 12 600
9 30 11 12 600
9 30 11 12 600
9 30 11 12 600
9 30 11 12 600
9 30 12 13 600
9 30 12 13 600
9 30 12 13 600
9 30 12 13 600
9 30 12 13 600
9 30 12 13 600
9 30 12 13 600
9 30 12 13 600
9 30 12 13 600
9 30 12 13 600
9 30 12 13 600
9 30 12 13 600
9 30 12 13 600
9 30 12 13 600
9 30 12 13 600
9 30 12 13 600
9 30 12 13 600
9 30 12 13 600
9 30 12 13 600
9 30 12 13 600
9 30 12 13 600
9 30 12 13 600
9 30 12 13 600
9 30 12 13 600
9 30 12 13 600
9 30 12 13 600
9 30 12 13 600
9 30 12 13 600
9 30 12 13 600
9 30 12 13 600
9 30 12 13 600
9 30 12 13 600
9 30 13 14 600
9 30 13 14 600
9 30 13 14 600
9 30 13 14 600
9 30 13 14 600
9 30 13 14 600
9 30 13 14 600
9 30 13 14 600
9 30 13 14 600
9 30 13 14 600
9 30 13 14 600
9 30 13 14 600
9 30 13 14 600
9 30 13 14 600
9 30 13 14 600
9 30 13 14 600
9 30 13 14 600
9 30 13 14 600
