1 11 27 28 60
1 11 27 28 60
1 11 27 28 60
1 11 27 28 60
1 11 27 28 60
1 11 33 34 60
1 11 33 34 60
1 11 33 34 60
1 11 33 34 60
1 11 41 42 60
1 11 41 42 60
1 11 41 42 60
1 11 41 42 60
1 11 51 52 60
1 11 51 52 60
1 11 51 52 60
1 11 51 52 60
1 11 51 52 60
1 11 51 52 60
1 11 51 52 60
1 11 51 52 60
1 11 51 52 60
1 11 51 52 60
1 11 51 52 60
1 11 51 52 60
1 11 51 52 60
1 11 51 52 60
1 11 61 62 60
1 11 61 62 60
1 11 61 62 60
1 11 61 62 60
1 11 61 62 60
1 11 61 62 60
1 11 61 62 60
1 11 61 62 60
1 11 61 62 60
1 11 61 62 60
1 11 61 62 60
1 11 61 62 60
1 11 61 62 60
1 11 61 62 60
1 11 61 62 60
1 11 61 62 60
1 11 61 62 60
1 11 61 62 60
1 11 61 62 60
1 11 71 72 60
1 11 71 72 60
1 11 71 72 60
1 11 71 72 60
1 11 71 72 60
1 11 71 72 60
1 11 71 72 60
1 11 71 72 60
1 11 71 72 60
1 11 71 72 60
1 11 71 72 60
1 11 71 72 60
1 11 71 72 60
1 11 71 72 60
2 15 8 9 20
2 15 9 10 20
2 15 9 10 20
2 15 9 10 20
2 15 10 11 20
2 15 19 20 20
2 15 20 21 20
2 15 20 21 20
2 15 26 27 20
2 15 32 33 20
2 15 32 33 20
2 15 32 33 20
2 15 32 33 20
2 15 32 33 20
2 15 49 50 20
2 15 49 50 20
2 15 49 50 20
2 15 52 53 20
2 15 52 53 20
2 15 52 53 20
3 16 13 14 24
3 16 18 19 24
3 16 18 19 24
3 16 31 32 24
3 16 31 32 24
3 16 31 32 24
3 16 32 33 24
3 16 37 38 24
3 16 37 38 24
3 16 37 38 24
3 16 37 38 24
3 16 37 38 24
3 16 37 38 24
3 16 38 39 24
3 16 45 46 24
3 16 45 46 24
3 16 45 46 24
3 16 45 46 24
3 16 45 46 24
3 16 45 46 24
3 16 45 46 24
3 16 46 47 24
3 16 49 50 24
3 16 49 50 24
4 20 3 4 50
4 20 4 5 50
4 20 5 6 50
4 20 6 7 50
4 20 7 8 50
4 20 9 10 50
4 20 10 11 50
4 20 10 11 50
4 20 11 12 50
4 20 11 12 50
4 20 11 12 50
4 20 12 13 50
4 20 14 15 50
4 20 15 16 50
4 20 15 16 50
4 20 17 18 50
4 20 17 18 50
4 20 18 19 50
4 20 18 19 50
4 20 20 21 50
4 20 20 21 50
4 20 20 21 50
4 20 21 22 50
4 20 21 22 50
4 20 22 23 50
4 20 22 23 50
4 20 22 23 50
4 20 24 25 50
4 20 24 25 50
4 20 24 25 50
4 20 24 25 50
4 20 27 28 50
4 20 28 29 50
4 20 28 29 50
4 20 28 29 50
4 20 28 29 50
4 20 28 29 50
4 20 28 29 50
4 20 28 29 50
4 20 28 29 50
4 20 28 29 50
4 20 28 29 50
4 20 28 29 50
4 20 28 29 50
4 20 28 29 50
4 20 31 32 50
4 20 31 32 50
4 20 32 33 50
4 20 34 35 50
4 20 34 35 50
5 23 4 5 20
5 23 5 6 20
5 23 5 6 20
5 23 5 6 20
5 23 5 6 20
5 23 6 7 20
5 23 8 9 20
5 23 11 12 20
5 23 12 13 20
5 23 12 13 20
5 23 15 16 20
5 23 16 17 20
5 23 16 17 20
5 23 16 17 20
5 23 17 18 20
5 23 19 20 20
5 23 20 21 20
5 23 26 27 20
5 23 26 27 20
5 23 26 27 20
6 26.2 10 11 37
6 26.2 10 11 37
6 26.2 10 11 37
6 26.2 10 11 37
6 26.2 10 11 37
6 26.2 10 11 37
6 26.2 11 12 37
6 26.2 11 12 37
6 26.2 11 12 37
6 26.2 11 12 37
6 26.2 11 12 37
6 26.2 11 12 37
6 26.2 11 12 37
6 26.2 11 12 37
6 26.2 17 18 37
6 26.2 17 18 37
6 26.2 17 18 37
6 26.2 17 18 37
6 26.2 17 18 37
6 26.2 17 18 37
6 26.2 17 18 37
6 26.2 17 18 37
6 26.2 17 18 37
6 26.2 17 18 37
6 26.2 17 18 37
6 26.2 20 21 37
6 26.2 25 26 37
6 26.2 25 26 37
6 26.2 25 26 37
6 26.2 25 26 37
6 26.2 25 26 37
6 26.2 25 26 37
6 26.2 25 26 37
6 26.2 25 26 37
6 26.2 25 26 37
6 26.2 25 26 37
6 26.2 27 28 37
7 30 4 5 56
7 30 4 5 56
7 30 6 7 56
7 30 6 7 56
7 30 6 7 56
7 30 6 7 56
7 30 6 7 56
7 30 6 7 56
7 30 6 7 56
7 30 6 7 56
7 30 6 7 56
7 30 7 8 56
7 30 7 8 56
7 30 7 8 56
7 30 7 8 56
7 30 7 8 56
7 30 7 8 56
7 30 7 8 56
7 30 7 8 56
7 30 7 8 56
7 30 7 8 56
7 30 7 8 56
7 30 7 8 56
7 30 7 8 56
7 30 7 8 56
7 30 7 8 56
7 30 7 8 56
7 30 7 8 56
7 30 7 8 56
7 30 7 8 56
7 30 7 8 56
7 30 7 8 56
7 30 9 10 56
7 30 9 10 56
7 30 9 10 56
7 30 9 10 56
7 30 10 11 56
7 30 11 12 56
7 30 11 12 56
7 30 11 12 56
7 30 11 12 56
7 30 12 13 56
7 30 12 13 56
7 30 12 13 56
7 30 12 13 56
7 30 13 14 56
7 30 13 14 56
7 30 13 14 56
7 30 13 14 56
7 30 16 17 56
7 30 16 17 56
7 30 16 17 56
7 30 16 17 56
7 30 18 19 56
7 30 18 19 56
7 30 20 21 56
