1 11 2 3 10
1 11 3 4 10
1 11 3 4 10
1 11 3 4 10
1 11 3 4 10
1 11 3 4 10
1 11 3 4 10
1 11 3 4 10
1 11 3 4 10
1 11 3 4 10
1 11 3 4 10
1 11 3 4 10
1 11 3 4 10
1 11 5 6 10
1 11 5 6 10
1 11 5 6 10
1 11 5 6 10
1 11 5 6 10
1 11 5 6 10
1 11 5 6 10
1 11 5 6 10
1 11 5 6 10
1 11 5 6 10
1 11 5 6 10
1 11 5 6 10
1 11 5 6 10
1 11 5 6 10
1 11 5 6 10
1 11 6 7 10
1 11 6 7 10
1 11 6 7 10
1 11 6 7 10
1 11 7 8 10
1 11 8 9 10
1 11 8 9 10
1 11 8 9 10
1 11 8 9 10
1 11 9 10 10
1 11 9 10 10
1 11 9 10 10
1 11 9 10 10
1 11 9 10 10
1 11 12 13 10
1 11 12 13 10
1 11 12 13 10
1 11 12 13 10
1 11 13 14 10
1 11 13 14 10
1 11 15 16 10
1 11 15 16 10
1 11 15 16 10
1 11 15 16 10
1 11 17 18 10
1 11 17 18 10
1 11 17 18 10
1 11 20 21 10
1 11 20 21 10
1 11 20 21 10
1 11 20 21 10
1 11 20 21 10
1 11 23 24 10
1 11 24 25 10
1 11 24 25 10
1 11 26 27 10
1 11 26 27 10
1 11 32 33 10
1 11 2 3 10
1 11 2 3 10
1 11 2 3 10
1 11 2 3 10
1 11 2 3 10
1 11 2 3 10
1 11 5 6 10
1 11 5 6 10
1 11 5 6 10
1 11 5 6 10
1 11 5 6 10
1 11 5 6 10
1 11 5 6 10
1 11 6 7 10
1 11 6 7 10
1 11 12 13 10
1 11 12 13 10
1 11 12 13 10
1 11 12 13 10
1 11 12 13 10
1 11 12 13 10
1 11 12 13 10
1 11 12 13 10
1 11 12 13 10
1 11 12 13 10
1 11 12 13 10
1 11 12 13 10
1 11 12 13 10
1 11 13 14 10
1 11 13 14 10
1 11 13 14 10
1 11 13 14 10
1 11 13 14 10
1 11 13 14 10
1 11 13 14 10
1 11 14 15 10
1 11 14 15 10
1 11 14 15 10
1 11 14 15 10
1 11 15 16 10
1 11 15 16 10
1 11 15 16 10
1 11 16 17 10
1 11 16 17 10
1 11 17 18 10
1 11 17 18 10
1 11 17 18 10
1 11 23 24 10
1 11 23 24 10
1 11 23 24 10
1 11 1 2 10
1 11 1 2 10
1 11 2 3 10
1 11 3 4 10
1 11 3 4 10
1 11 3 4 10
1 11 3 4 10
1 11 3 4 10
1 11 3 4 10
1 11 3 4 10
1 11 3 4 10
1 11 3 4 10
1 11 3 4 10
1 11 3 4 10
1 11 5 6 10
1 11 5 6 10
1 11 5 6 10
1 11 5 6 10
1 11 5 6 10
1 11 5 6 10
1 11 5 6 10
1 11 5 6 10
1 11 5 6 10
1 11 5 6 10
1 11 5 6 10
1 11 5 6 10
1 11 5 6 10
1 11 5 6 10
1 11 5 6 10
1 11 5 6 10
1 11 6 7 10
1 11 6 7 10
1 11 6 7 10
1 11 6 7 10
1 11 6 7 10
1 11 7 8 10
1 11 7 8 10
1 11 7 8 10
1 11 8 9 10
1 11 8 9 10
1 11 8 9 10
1 11 8 9 10
1 11 8 9 10
1 11 8 9 10
1 11 9 10 10
1 11 9 10 10
1 11 9 10 10
1 11 9 10 10
1 11 9 10 10
1 11 9 10 10
1 11 10 11 10
1 11 10 11 10
1 11 10 11 10
1 11 10 11 10
1 11 10 11 10
1 11 10 11 10
1 11 10 11 10
1 11 10 11 10
1 11 12 13 10
1 11 12 13 10
1 11 12 13 10
1 11 12 13 10
1 11 12 13 10
1 11 12 13 10
1 11 12 13 10
1 11 12 13 10
1 11 12 13 10
1 11 12 13 10
1 11 13 14 10
1 11 13 14 10
1 11 15 16 10
1 11 15 16 10
1 11 15 16 10
1 11 15 16 10
1 11 16 17 10
1 11 16 17 10
1 11 16 17 10
1 11 17 18 10
1 11 17 18 10
1 11 17 18 10
1 11 17 18 10
1 11 20 21 10
1 11 23 24 10
1 11 24 25 10
1 11 24 25 10
1 11 32 33 10
1 11 34 35 10
1 11 34 35 10
1 11 35 36 10
1 11 56 57 10
1 11 1 2 10
1 11 1 2 10
1 11 1 2 10
1 11 1 2 10
1 11 1 2 10
1 11 1 2 10
1 11 1 2 10
1 11 1 2 10
1 11 1 2 10
1 11 1 2 10
1 11 1 2 10
1 11 1 2 10
1 11 1 2 10
1 11 1 2 10
1 11 1 2 10
1 11 1 2 10
1 11 1 2 10
1 11 1 2 10
1 11 1 2 10
1 11 1 2 10
1 11 1 2 10
1 11 1 2 10
1 11 1 2 10
1 11 1 2 10
1 11 1 2 10
1 11 1 2 10
1 11 1 2 10
1 11 1 2 10
1 11 1 2 10
1 11 1 2 10
1 11 1 2 10
1 11 1 2 10
1 11 1 2 10
1 11 1 2 10
1 11 1 2 10
1 11 1 2 10
1 11 1 2 10
1 11 1 2 10
1 11 1 2 10
1 11 1 2 10
1 11 1 2 10
1 11 1 2 10
1 11 1 2 10
1 11 1 2 10
1 11 2 3 10
1 11 2 3 10
1 11 2 3 10
1 11 2 3 10
1 11 2 3 10
1 11 2 3 10
1 11 2 3 10
1 11 2 3 10
1 11 2 3 10
1 11 4 5 10
1 11 4 5 10
1 11 4 5 10
1 11 4 5 10
1 11 4 5 10
1 11 6 7 10
1 11 6 7 10
1 11 8 9 10
1 11 8 9 10
1 11 8 9 10
1 11 8 9 10
1 11 8 9 10
1 11 8 9 10
1 11 9 10 10
1 11 9 10 10
1 11 9 10 10
1 11 9 10 10
1 11 9 10 10
1 11 9 10 10
1 11 10 11 10
1 11 10 11 10
1 11 10 11 10
1 11 10 11 10
1 11 12 13 10
1 11 12 13 10
1 11 15 16 10
1 11 15 16 10
1 11 15 16 10
1 11 15 16 10
1 11 15 16 10
1 11 15 16 10
1 11 15 16 10
1 11 17 18 10
1 11 17 18 10
1 11 20 21 10
1 11 33 34 10
1 11 37 38 10
1 11 55 56 10
1 11 55 56 10
1 11 55 56 10
1 11 55 56 10
1 11 60 61 10
1 11 60 61 10
1 11 60 61 10
1 11 1 2 10
1 11 1 2 10
1 11 1 2 10
1 11 1 2 10
1 11 1 2 10
1 11 1 2 10
1 11 1 2 10
1 11 1 2 10
1 11 1 2 10
1 11 1 2 10
1 11 1 2 10
1 11 1 2 10
1 11 1 2 10
1 11 1 2 10
1 11 1 2 10
1 11 1 2 10
1 11 1 2 10
1 11 1 2 10
1 11 2 3 10
1 11 2 3 10
1 11 2 3 10
1 11 2 3 10
1 11 3 4 10
1 11 3 4 10
1 11 3 4 10
1 11 3 4 10
1 11 3 4 10
1 11 4 5 10
1 11 4 5 10
1 11 4 5 10
1 11 4 5 10
1 11 4 5 10
1 11 4 5 10
1 11 6 7 10
1 11 6 7 10
1 11 6 7 10
1 11 6 7 10
1 11 6 7 10
1 11 6 7 10
1 11 6 7 10
1 11 6 7 10
1 11 6 7 10
1 11 6 7 10
1 11 6 7 10
1 11 6 7 10
1 11 6 7 10
1 11 6 7 10
1 11 6 7 10
1 11 6 7 10
1 11 6 7 10
1 11 6 7 10
1 11 6 7 10
1 11 6 7 10
1 11 6 7 10
1 11 6 7 10
1 11 6 7 10
1 11 8 9 10
1 11 8 9 10
1 11 8 9 10
1 11 8 9 10
1 11 8 9 10
1 11 9 10 10
1 11 9 10 10
1 11 9 10 10
1 11 9 10 10
1 11 9 10 10
1 11 9 10 10
1 11 9 10 10
1 11 10 11 10
1 11 10 11 10
1 11 10 11 10
1 11 10 11 10
1 11 10 11 10
1 11 10 11 10
1 11 10 11 10
1 11 10 11 10
1 11 12 13 10
1 11 12 13 10
1 11 12 13 10
1 11 12 13 10
1 11 15 16 10
1 11 15 16 10
1 11 15 16 10
1 11 15 16 10
1 11 15 16 10
1 11 15 16 10
1 11 15 16 10
1 11 15 16 10
1 11 15 16 10
1 11 15 16 10
1 11 15 16 10
1 11 15 16 10
1 11 17 18 10
1 11 17 18 10
1 11 17 18 10
1 11 17 18 10
1 11 17 18 10
1 11 17 18 10
1 11 17 18 10
1 11 17 18 10
1 11 20 21 10
1 11 20 21 10
1 11 20 21 10
1 11 26 27 10
1 11 26 27 10
1 11 26 27 10
1 11 26 27 10
1 11 26 27 10
1 11 26 27 10
1 11 26 27 10
1 11 26 27 10
1 11 27 28 10
1 11 27 28 10
1 11 27 28 10
1 11 27 28 10
1 11 33 34 10
1 11 33 34 10
1 11 33 34 10
1 11 37 38 10
1 11 37 38 10
1 11 37 38 10
1 11 37 38 10
1 11 37 38 10
1 11 37 38 10
1 11 37 38 10
1 11 1 2 10
1 11 1 2 10
1 11 1 2 10
1 11 1 2 10
1 11 1 2 10
1 11 1 2 10
1 11 1 2 10
1 11 1 2 10
1 11 1 2 10
1 11 3 4 10
1 11 3 4 10
1 11 3 4 10
1 11 4 5 10
1 11 6 7 10
1 11 6 7 10
1 11 6 7 10
1 11 6 7 10
1 11 6 7 10
1 11 6 7 10
1 11 6 7 10
1 11 6 7 10
1 11 6 7 10
1 11 8 9 10
1 11 8 9 10
1 11 9 10 10
1 11 9 10 10
1 11 9 10 10
1 11 9 10 10
1 11 9 10 10
1 11 9 10 10
1 11 9 10 10
1 11 9 10 10
1 11 9 10 10
1 11 9 10 10
1 11 9 10 10
1 11 10 11 10
1 11 10 11 10
1 11 10 11 10
1 11 12 13 10
1 11 12 13 10
1 11 12 13 10
1 11 12 13 10
1 11 15 16 10
1 11 15 16 10
1 11 15 16 10
1 11 15 16 10
1 11 15 16 10
1 11 15 16 10
1 11 17 18 10
1 11 17 18 10
1 11 17 18 10
1 11 17 18 10
1 11 17 18 10
1 11 17 18 10
1 11 17 18 10
1 11 17 18 10
1 11 17 18 10
1 11 17 18 10
1 11 20 21 10
1 11 20 21 10
1 11 20 21 10
1 11 20 21 10
1 11 20 21 10
1 11 26 27 10
1 11 27 28 10
1 11 33 34 10
1 11 33 34 10
1 11 33 34 10
1 11 33 34 10
1 11 33 34 10
1 11 33 34 10
1 11 33 34 10
1 11 33 34 10
1 11 33 34 10
1 11 33 34 10
1 11 33 34 10
1 11 33 34 10
1 11 33 34 10
1 11 33 34 10
1 11 33 34 10
1 11 33 34 10
1 11 33 34 10
1 11 37 38 10
1 11 37 38 10
1 11 37 38 10
1 11 37 38 10
1 11 46 47 10
1 11 46 47 10
1 11 46 47 10
1 11 46 47 10
1 11 46 47 10
1 11 46 47 10
1 11 46 47 10
1 11 46 47 10
1 11 46 47 10
1 11 46 47 10
1 11 46 47 10
1 11 55 56 10
1 11 1 2 10
1 11 1 2 10
1 11 1 2 10
1 11 1 2 10
1 11 1 2 10
1 11 1 2 10
1 11 1 2 10
1 11 1 2 10
1 11 1 2 10
1 11 1 2 10
1 11 1 2 10
1 11 1 2 10
1 11 1 2 10
1 11 1 2 10
1 11 1 2 10
1 11 1 2 10
1 11 1 2 10
1 11 1 2 10
1 11 1 2 10
1 11 1 2 10
1 11 1 2 10
1 11 1 2 10
1 11 2 3 10
1 11 2 3 10
1 11 2 3 10
1 11 2 3 10
1 11 3 4 10
1 11 4 5 10
1 11 4 5 10
1 11 4 5 10
1 11 4 5 10
1 11 4 5 10
1 11 6 7 10
1 11 6 7 10
1 11 8 9 10
1 11 8 9 10
1 11 8 9 10
1 11 9 10 10
1 11 9 10 10
1 11 10 11 10
1 11 10 11 10
1 11 10 11 10
1 11 10 11 10
1 11 10 11 10
1 11 10 11 10
1 11 12 13 10
1 11 12 13 10
1 11 12 13 10
1 11 12 13 10
1 11 15 16 10
1 11 15 16 10
1 11 15 16 10
1 11 17 18 10
1 11 17 18 10
1 11 17 18 10
1 11 17 18 10
1 11 1 2 10
1 11 1 2 10
1 11 2 3 10
1 11 2 3 10
1 11 2 3 10
1 11 2 3 10
1 11 2 3 10
1 11 2 3 10
1 11 2 3 10
1 11 2 3 10
1 11 2 3 10
1 11 2 3 10
1 11 2 3 10
1 11 2 3 10
1 11 2 3 10
1 11 2 3 10
1 11 2 3 10
1 11 2 3 10
1 11 2 3 10
1 11 2 3 10
1 11 2 3 10
1 11 2 3 10
1 11 2 3 10
1 11 2 3 10
1 11 2 3 10
1 11 2 3 10
1 11 2 3 10
1 11 2 3 10
1 11 2 3 10
1 11 2 3 10
1 11 3 4 10
1 11 3 4 10
1 11 3 4 10
1 11 4 5 10
1 11 4 5 10
1 11 6 7 10
1 11 6 7 10
1 11 8 9 10
1 11 8 9 10
1 11 8 9 10
1 11 8 9 10
1 11 8 9 10
1 11 8 9 10
1 11 8 9 10
1 11 9 10 10
1 11 9 10 10
1 11 10 11 10
1 11 10 11 10
1 11 12 13 10
1 11 12 13 10
1 11 12 13 10
1 11 15 16 10
1 11 15 16 10
1 11 15 16 10
1 11 1 2 10
1 11 1 2 10
1 11 1 2 10
1 11 1 2 10
1 11 1 2 10
1 11 1 2 10
1 11 1 2 10
1 11 1 2 10
1 11 1 2 10
1 11 1 2 10
1 11 1 2 10
1 11 1 2 10
1 11 1 2 10
1 11 1 2 10
1 11 1 2 10
1 11 1 2 10
1 11 1 2 10
1 11 1 2 10
1 11 1 2 10
1 11 1 2 10
1 11 1 2 10
1 11 1 2 10
1 11 1 2 10
1 11 1 2 10
1 11 1 2 10
1 11 3 4 10
1 11 3 4 10
1 11 3 4 10
1 11 4 5 10
1 11 4 5 10
1 11 6 7 10
1 11 6 7 10
1 11 6 7 10
1 11 6 7 10
1 11 6 7 10
1 11 6 7 10
1 11 8 9 10
1 11 8 9 10
1 11 8 9 10
1 11 8 9 10
1 11 8 9 10
1 11 8 9 10
1 11 9 10 10
1 11 9 10 10
1 11 9 10 10
1 11 9 10 10
1 11 10 11 10
1 11 10 11 10
1 11 10 11 10
1 11 10 11 10
1 11 12 13 10
1 11 12 13 10
1 11 12 13 10
1 11 12 13 10
1 11 12 13 10
1 11 12 13 10
1 11 12 13 10
1 11 12 13 10
1 11 15 16 10
1 11 15 16 10
1 11 15 16 10
1 11 15 16 10
1 11 15 16 10
1 11 15 16 10
1 11 15 16 10
1 11 15 16 10
1 11 17 18 10
1 11 17 18 10
1 11 17 18 10
1 11 17 18 10
1 11 17 18 10
1 11 20 21 10
1 11 20 21 10
1 11 20 21 10
1 11 20 21 10
1 11 33 34 10
1 11 37 38 10
1 11 37 38 10
1 11 37 38 10
1 11 37 38 10
1 11 37 38 10
1 11 37 38 10
1 11 37 38 10
1 11 60 61 10
1 11 1 2 10
1 11 1 2 10
1 11 1 2 10
1 11 1 2 10
1 11 1 2 10
1 11 1 2 10
1 11 1 2 10
1 11 2 3 10
1 11 4 5 10
1 11 6 7 10
1 11 6 7 10
1 11 8 9 10
1 11 8 9 10
1 11 8 9 10
1 11 9 10 10
1 11 9 10 10
1 11 9 10 10
1 11 9 10 10
1 11 9 10 10
1 11 10 11 10
1 11 12 13 10
1 11 12 13 10
1 11 12 13 10
1 11 15 16 10
1 11 15 16 10
1 11 15 16 10
1 11 15 16 10
1 11 15 16 10
1 11 15 16 10
1 11 17 18 10
1 11 17 18 10
1 11 20 21 10
1 11 20 21 10
1 11 27 28 10
2 15 1 1.01 4
2 15 1 1.01 4
2 15 1 1.01 4
2 15 1 1.01 4
2 15 1 1.01 4
2 15 1 1.01 4
2 15 1 1.01 4
2 15 1 1.01 4
2 15 1 1.01 4
2 15 1 1.01 4
2 15 1 1.01 4
2 15 1 1.01 4
2 15 1 1.01 4
2 15 1 1.01 4
2 15 1 1.01 4
2 15 1 1.01 4
2 15 1 1.01 4
2 15 1 1.01 4
2 15 1 1.01 4
2 15 1 1.01 4
2 15 1 1.01 4
2 15 1 1.01 4
2 15 1 1.01 4
2 15 1 1.01 4
2 15 1 2 4
2 15 1 2 4
2 15 1 2 4
2 15 1 2 4
2 15 1 2 4
2 15 1 2 4
2 15 1 2 4
2 15 1 2 4
2 15 1 2 4
2 15 1 2 4
2 15 1 2 4
2 15 1 2 4
2 15 1 2 4
2 15 1 2 4
2 15 1 2 4
2 15 1 2 4
2 15 1 2 4
2 15 1 2 4
2 15 1 2 4
2 15 1 2 4
2 15 2 3 4
2 15 2 3 4
2 15 2 3 4
2 15 2 3 4
2 15 2 3 4
2 15 2 3 4
2 15 2 3 4
2 15 2 3 4
2 15 2 3 4
2 15 2 3 4
2 15 2 3 4
2 15 2 3 4
2 15 2 3 4
2 15 2 3 4
2 15 2 3 4
2 15 2 3 4
2 15 2 3 4
2 15 2 3 4
2 15 2 3 4
2 15 3 4 4
2 15 3 4 4
2 15 3 4 4
2 15 3 4 4
2 15 3 4 4
2 15 3 4 4
2 15 3 4 4
2 15 3 4 4
2 15 3 4 4
2 15 3 4 4
2 15 3 4 4
2 15 3 4 4
2 15 3 4 4
2 15 3 4 4
2 15 3 4 4
2 15 3 4 4
2 15 3 4 4
2 15 3 4 4
2 15 3 4 4
2 15 3 4 4
2 15 3 4 4
2 15 4 5 4
2 15 4 5 4
2 15 4 5 4
2 15 4 5 4
2 15 4 5 4
2 15 4 5 4
2 15 4 5 4
2 15 4 5 4
2 15 4 5 4
2 15 4 5 4
2 15 4 5 4
2 15 4 5 4
2 15 4 5 4
2 15 4 5 4
2 15 4 5 4
2 15 4 5 4
2 15 4 5 4
2 15 4 5 4
2 15 4 5 4
2 15 5 6 4
2 15 5 6 4
2 15 5 6 4
2 15 5 6 4
2 15 5 6 4
2 15 6 7 4
2 15 6 7 4
2 15 6 7 4
2 15 6 7 4
2 15 7 8 4
2 15 7 8 4
2 15 7 8 4
2 15 8 9 4
2 15 8 9 4
2 15 8 9 4
2 15 8 9 4
2 15 9 10 4
2 15 9 10 4
2 15 9 10 4
2 15 9 10 4
2 15 9 10 4
2 15 9 10 4
2 15 9 10 4
2 15 9 10 4
2 15 9 10 4
2 15 9 10 4
2 15 9 10 4
2 15 10 11 4
2 15 10 11 4
2 15 10 11 4
2 15 10 11 4
2 15 10 11 4
2 15 10 11 4
2 15 10 11 4
2 15 10 11 4
2 15 10 11 4
2 15 10 11 4
2 15 10 11 4
2 15 10 11 4
2 15 10 11 4
2 15 10 11 4
2 15 11 12 4
2 15 11 12 4
2 15 13 14 4
2 15 14 15 4
2 15 14 15 4
2 15 14 15 4
2 15 14 15 4
2 15 15 16 4
2 15 15 16 4
2 15 15 16 4
2 15 15 16 4
2 15 15 16 4
2 15 15 16 4
2 15 15 16 4
2 15 15 16 4
2 15 32 33 4
2 15 32 33 4
2 15 32 33 4
2 15 32 33 4
2 15 32 33 4
2 15 32 33 4
2 15 32 33 4
2 15 32 33 4
2 15 32 33 4
2 15 32 33 4
2 15 32 33 4
2 15 33 34 4
2 15 33 34 4
2 15 1 2 4
2 15 1 2 4
2 15 1 2 4
2 15 1 2 4
2 15 1 2 4
2 15 1 2 4
2 15 1 2 4
2 15 1 2 4
2 15 1 2 4
2 15 1 2 4
2 15 1 2 4
2 15 1 2 4
2 15 1 2 4
2 15 1 2 4
2 15 1 2 4
2 15 1 2 4
2 15 1 2 4
2 15 1 2 4
2 15 1 2 4
2 15 1 2 4
2 15 1 2 4
2 15 1 2 4
2 15 1 2 4
2 15 1 2 4
2 15 1 2 4
2 15 1 2 4
2 15 1 2 4
2 15 1 2 4
2 15 1 2 4
2 15 1 2 4
2 15 1 2 4
2 15 1 2 4
2 15 1 2 4
2 15 1 2 4
2 15 2 3 4
2 15 2 3 4
2 15 2 3 4
2 15 2 3 4
2 15 2 3 4
2 15 2 3 4
2 15 2 3 4
2 15 2 3 4
2 15 2 3 4
2 15 2 3 4
2 15 2 3 4
2 15 2 3 4
2 15 2 3 4
2 15 2 3 4
2 15 2 3 4
2 15 2 3 4
2 15 2 3 4
2 15 2 3 4
2 15 2 3 4
2 15 2 3 4
2 15 2 3 4
2 15 2 3 4
2 15 3 4 4
2 15 3 4 4
2 15 3 4 4
2 15 3 4 4
2 15 3 4 4
2 15 3 4 4
2 15 3 4 4
2 15 3 4 4
2 15 3 4 4
2 15 3 4 4
2 15 3 4 4
2 15 3 4 4
2 15 3 4 4
2 15 3 4 4
2 15 3 4 4
2 15 3 4 4
2 15 3 4 4
2 15 3 4 4
2 15 3 4 4
2 15 3 4 4
2 15 3 4 4
2 15 3 4 4
2 15 3 4 4
2 15 3 4 4
2 15 3 4 4
2 15 3 4 4
2 15 4 5 4
2 15 4 5 4
2 15 4 5 4
2 15 4 5 4
2 15 4 5 4
2 15 4 5 4
2 15 4 5 4
2 15 4 5 4
2 15 4 5 4
2 15 4 5 4
2 15 4 5 4
2 15 4 5 4
2 15 4 5 4
2 15 4 5 4
2 15 4 5 4
2 15 4 5 4
2 15 4 5 4
2 15 4 5 4
2 15 4 5 4
2 15 4 5 4
2 15 4 5 4
2 15 4 5 4
2 15 4 5 4
2 15 4 5 4
2 15 5 6 4
2 15 5 6 4
2 15 5 6 4
2 15 5 6 4
2 15 5 6 4
2 15 5 6 4
2 15 5 6 4
2 15 5 6 4
2 15 6 7 4
2 15 6 7 4
2 15 6 7 4
2 15 6 7 4
2 15 6 7 4
2 15 6 7 4
2 15 6 7 4
2 15 7 8 4
2 15 7 8 4
2 15 7 8 4
2 15 7 8 4
2 15 7 8 4
2 15 7 8 4
2 15 7 8 4
2 15 8 9 4
2 15 8 9 4
2 15 8 9 4
2 15 8 9 4
2 15 8 9 4
2 15 8 9 4
2 15 8 9 4
2 15 8 9 4
2 15 9 10 4
2 15 9 10 4
2 15 9 10 4
2 15 9 10 4
2 15 9 10 4
2 15 9 10 4
2 15 9 10 4
2 15 9 10 4
2 15 9 10 4
2 15 9 10 4
2 15 10 11 4
2 15 10 11 4
2 15 10 11 4
2 15 10 11 4
2 15 11 12 4
2 15 11 12 4
2 15 11 12 4
2 15 11 12 4
2 15 11 12 4
2 15 11 12 4
2 15 11 12 4
2 15 11 12 4
2 15 11 12 4
2 15 11 12 4
2 15 11 12 4
2 15 11 12 4
2 15 12 13 4
2 15 12 13 4
2 15 12 13 4
2 15 12 13 4
2 15 12 13 4
2 15 12 13 4
2 15 12 13 4
2 15 13 14 4
2 15 13 14 4
2 15 13 14 4
2 15 13 14 4
2 15 13 14 4
2 15 13 14 4
2 15 14 15 4
2 15 14 15 4
2 15 14 15 4
2 15 14 15 4
2 15 15 16 4
2 15 15 16 4
2 15 15 16 4
2 15 16 17 4
2 15 16 17 4
2 15 16 17 4
2 15 16 17 4
2 15 16 17 4
2 15 16 17 4
2 15 17 18 4
2 15 17 18 4
2 15 17 18 4
2 15 18 19 4
2 15 18 19 4
2 15 20 21 4
2 15 20 21 4
2 15 20 21 4
2 15 20 21 4
2 15 20 21 4
2 15 26 27 4
2 15 26 27 4
2 15 33 34 4
2 15 33 34 4
2 15 33 34 4
2 15 33 34 4
2 15 33 34 4
2 15 33 34 4
2 15 33 34 4
2 15 33 34 4
2 15 33 34 4
2 15 33 34 4
2 15 33 34 4
2 15 33 34 4
2 15 33 34 4
2 15 33 34 4
2 15 33 34 4
2 15 33 34 4
2 15 33 34 4
2 15 1 1.01 4
2 15 1 1.01 4
2 15 1 1.01 4
2 15 1 1.01 4
2 15 1 1.01 4
2 15 1 1.01 4
2 15 1 1.01 4
2 15 1 1.01 4
2 15 1 1.01 4
2 15 1 1.01 4
2 15 1 1.01 4
2 15 1 1.01 4
2 15 1 1.01 4
2 15 1 1.01 4
2 15 1 1.01 4
2 15 1 1.01 4
2 15 1 1.01 4
2 15 1 1.01 4
2 15 1 1.01 4
2 15 1 1.01 4
2 15 1 1.01 4
2 15 1 1.01 4
2 15 1 1.01 4
2 15 1 1.01 4
2 15 1 1.01 4
2 15 1 1.01 4
2 15 1 1.01 4
2 15 1 1.01 4
2 15 1 1.01 4
2 15 1 1.01 4
2 15 1 1.01 4
2 15 1 1.01 4
2 15 1 1.01 4
2 15 1 1.01 4
2 15 1 1.01 4
2 15 1 1.01 4
2 15 1 1.01 4
2 15 1 1.01 4
2 15 1 1.01 4
2 15 1 1.01 4
2 15 1 1.01 4
2 15 1 1.01 4
2 15 1 2 4
2 15 1 2 4
2 15 1 2 4
2 15 1 2 4
2 15 1 2 4
2 15 1 2 4
2 15 1 2 4
2 15 1 2 4
2 15 2 3 4
2 15 2 3 4
2 15 2 3 4
2 15 2 3 4
2 15 2 3 4
2 15 2 3 4
2 15 2 3 4
2 15 2 3 4
2 15 2 3 4
2 15 2 3 4
2 15 2 3 4
2 15 2 3 4
2 15 2 3 4
2 15 2 3 4
2 15 2 3 4
2 15 2 3 4
2 15 2 3 4
2 15 2 3 4
2 15 2 3 4
2 15 3 4 4
2 15 3 4 4
2 15 3 4 4
2 15 3 4 4
2 15 3 4 4
2 15 3 4 4
2 15 3 4 4
2 15 3 4 4
2 15 3 4 4
2 15 3 4 4
2 15 3 4 4
2 15 3 4 4
2 15 4 5 4
2 15 4 5 4
2 15 4 5 4
2 15 4 5 4
2 15 4 5 4
2 15 4 5 4
2 15 4 5 4
2 15 5 6 4
2 15 5 6 4
2 15 5 6 4
2 15 5 6 4
2 15 6 7 4
2 15 6 7 4
2 15 6 7 4
2 15 7 8 4
2 15 7 8 4
2 15 7 8 4
2 15 8 9 4
2 15 8 9 4
2 15 8 9 4
2 15 8 9 4
2 15 8 9 4
2 15 8 9 4
2 15 8 9 4
2 15 8 9 4
2 15 8 9 4
2 15 8 9 4
2 15 8 9 4
2 15 8 9 4
2 15 8 9 4
2 15 12 13 4
2 15 12 13 4
2 15 12 13 4
2 15 12 13 4
2 15 15 16 4
2 15 15 16 4
2 15 15 16 4
2 15 15 16 4
2 15 15 16 4
2 15 15 16 4
2 15 17 18 4
2 15 17 18 4
2 15 17 18 4
2 15 17 18 4
2 15 18 19 4
2 15 23 24 4
2 15 23 24 4
2 15 23 24 4
2 15 23 24 4
2 15 23 24 4
2 15 1 1.01 4
2 15 1 1.01 4
2 15 1 1.01 4
2 15 1 1.01 4
2 15 1 1.01 4
2 15 1 1.01 4
2 15 1 1.01 4
2 15 1 1.01 4
2 15 1 1.01 4
2 15 1 1.01 4
2 15 1 1.01 4
2 15 1 1.01 4
2 15 1 1.01 4
2 15 1 1.01 4
2 15 1 1.01 4
2 15 1 1.01 4
2 15 1 1.01 4
2 15 1 1.01 4
2 15 1 1.01 4
2 15 1 1.01 4
2 15 1 1.01 4
2 15 1 1.01 4
2 15 1 1.01 4
2 15 1 1.01 4
2 15 1 1.01 4
2 15 1 1.01 4
2 15 1 1.01 4
2 15 1 1.01 4
2 15 1 1.01 4
2 15 1 1.01 4
2 15 1 1.01 4
2 15 1 1.01 4
2 15 1 1.01 4
2 15 1 1.01 4
2 15 1 1.01 4
2 15 1 1.01 4
2 15 1 2 4
2 15 1 2 4
2 15 1 2 4
2 15 1 2 4
2 15 1 2 4
2 15 1 2 4
2 15 1 2 4
2 15 1 2 4
2 15 1 2 4
2 15 1 2 4
2 15 2 3 4
2 15 2 3 4
2 15 2 3 4
2 15 2 3 4
2 15 2 3 4
2 15 2 3 4
2 15 2 3 4
2 15 2 3 4
2 15 2 3 4
2 15 2 3 4
2 15 2 3 4
2 15 2 3 4
2 15 2 3 4
2 15 2 3 4
2 15 2 3 4
2 15 2 3 4
2 15 2 3 4
2 15 3 4 4
2 15 3 4 4
2 15 3 4 4
2 15 3 4 4
2 15 3 4 4
2 15 3 4 4
2 15 3 4 4
2 15 3 4 4
2 15 4 5 4
2 15 4 5 4
2 15 4 5 4
2 15 4 5 4
2 15 4 5 4
2 15 4 5 4
2 15 4 5 4
2 15 5 6 4
2 15 5 6 4
2 15 5 6 4
2 15 5 6 4
2 15 5 6 4
2 15 6 7 4
2 15 6 7 4
2 15 6 7 4
2 15 6 7 4
2 15 6 7 4
2 15 6 7 4
2 15 6 7 4
2 15 6 7 4
2 15 6 7 4
2 15 6 7 4
2 15 7 8 4
2 15 7 8 4
2 15 7 8 4
2 15 7 8 4
2 15 7 8 4
2 15 7 8 4
2 15 7 8 4
2 15 7 8 4
2 15 7 8 4
2 15 8 9 4
2 15 8 9 4
2 15 8 9 4
2 15 8 9 4
2 15 8 9 4
2 15 8 9 4
2 15 8 9 4
2 15 8 9 4
2 15 8 9 4
2 15 8 9 4
2 15 8 9 4
2 15 8 9 4
2 15 8 9 4
2 15 9 10 4
2 15 9 10 4
2 15 9 10 4
2 15 9 10 4
2 15 9 10 4
2 15 9 10 4
2 15 9 10 4
2 15 9 10 4
2 15 10 11 4
2 15 10 11 4
2 15 10 11 4
2 15 10 11 4
2 15 12 13 4
2 15 12 13 4
2 15 12 13 4
2 15 12 13 4
2 15 12 13 4
2 15 12 13 4
2 15 12 13 4
2 15 12 13 4
2 15 15 16 4
2 15 15 16 4
2 15 15 16 4
2 15 15 16 4
2 15 15 16 4
2 15 15 16 4
2 15 15 16 4
2 15 15 16 4
2 15 15 16 4
2 15 15 16 4
2 15 15 16 4
2 15 17 18 4
2 15 17 18 4
2 15 17 18 4
2 15 18 19 4
2 15 18 19 4
2 15 23 24 4
2 15 23 24 4
2 15 23 24 4
2 15 23 24 4
3 16 1 1.01 4
3 16 1 1.01 4
3 16 1 1.01 4
3 16 1 1.01 4
3 16 1 1.01 4
3 16 1 1.01 4
3 16 1 1.01 4
3 16 1 1.01 4
3 16 1 1.01 4
3 16 1 1.01 4
3 16 1 1.01 4
3 16 1 1.01 4
3 16 1 1.01 4
3 16 1 1.01 4
3 16 1 2 4
3 16 1 2 4
3 16 1 2 4
3 16 1 2 4
3 16 1 2 4
3 16 1 2 4
3 16 1 2 4
3 16 1 2 4
3 16 1 2 4
3 16 1 2 4
3 16 1 2 4
3 16 1 2 4
3 16 1 2 4
3 16 1 2 4
3 16 1 2 4
3 16 1 2 4
3 16 1 2 4
3 16 1 2 4
3 16 1 2 4
3 16 1 2 4
3 16 1 2 4
3 16 1 2 4
3 16 1 2 4
3 16 1 2 4
3 16 1 2 4
3 16 1 2 4
3 16 1 2 4
3 16 1 2 4
3 16 1 2 4
3 16 3 4 4
3 16 3 4 4
3 16 3 4 4
3 16 3 4 4
3 16 3 4 4
3 16 3 4 4
3 16 3 4 4
3 16 3 4 4
3 16 3 4 4
3 16 3 4 4
3 16 3 4 4
3 16 3 4 4
3 16 3 4 4
3 16 3 4 4
3 16 3 4 4
3 16 3 4 4
3 16 3 4 4
3 16 3 4 4
3 16 3 4 4
3 16 3 4 4
3 16 3 4 4
3 16 3 4 4
3 16 3 4 4
3 16 3 4 4
3 16 4 5 4
3 16 4 5 4
3 16 4 5 4
3 16 4 5 4
3 16 4 5 4
3 16 4 5 4
3 16 5 6 4
3 16 8 9 4
3 16 8 9 4
3 16 8 9 4
3 16 8 9 4
3 16 8 9 4
3 16 8 9 4
3 16 8 9 4
3 16 8 9 4
3 16 8 9 4
3 16 8 9 4
3 16 8 9 4
3 16 8 9 4
3 16 10 11 4
3 16 10 11 4
3 16 10 11 4
3 16 10 11 4
3 16 10 11 4
3 16 10 11 4
3 16 10 11 4
3 16 10 11 4
3 16 10 11 4
3 16 10 11 4
3 16 10 11 4
3 16 10 11 4
3 16 10 11 4
3 16 11 12 4
3 16 12 13 4
3 16 15 16 4
3 16 15 16 4
3 16 15 16 4
3 16 15 16 4
3 16 15 16 4
3 16 15 16 4
3 16 15 16 4
3 16 16 17 4
3 16 16 17 4
3 16 16 17 4
3 16 16 17 4
3 16 16 17 4
3 16 16 17 4
3 16 16 17 4
3 16 16 17 4
3 16 16 17 4
3 16 16 17 4
3 16 20 21 4
3 16 27 28 4
3 16 27 28 4
3 16 32 33 4
3 16 32 33 4
3 16 32 33 4
3 16 32 33 4
3 16 32 33 4
3 16 32 33 4
3 16 33 34 4
3 16 33 34 4
3 16 33 34 4
3 16 33 34 4
3 16 33 34 4
3 16 33 34 4
3 16 40 41 4
3 16 45 46 4
3 16 45 46 4
3 16 1 1.01 4
3 16 1 1.01 4
3 16 1 1.01 4
3 16 1 1.01 4
3 16 1 1.01 4
3 16 1 1.01 4
3 16 1 1.01 4
3 16 1 1.01 4
3 16 1 1.01 4
3 16 1 1.01 4
3 16 1 1.01 4
3 16 1 1.01 4
3 16 1 1.01 4
3 16 1 1.01 4
3 16 1 1.01 4
3 16 1 1.01 4
3 16 1 1.01 4
3 16 1 1.01 4
3 16 1 1.01 4
3 16 1 1.01 4
3 16 1 1.01 4
3 16 1 1.01 4
3 16 1 1.01 4
3 16 1 2 4
3 16 1 2 4
3 16 1 2 4
3 16 1 2 4
3 16 1 2 4
3 16 1 2 4
3 16 1 2 4
3 16 1 2 4
3 16 1 2 4
3 16 1 2 4
3 16 1 2 4
3 16 1 2 4
3 16 1 2 4
3 16 1 2 4
3 16 3 4 4
3 16 3 4 4
3 16 3 4 4
3 16 3 4 4
3 16 3 4 4
3 16 3 4 4
3 16 3 4 4
3 16 3 4 4
3 16 3 4 4
3 16 3 4 4
3 16 3 4 4
3 16 3 4 4
3 16 3 4 4
3 16 3 4 4
3 16 8 9 4
3 16 8 9 4
3 16 8 9 4
3 16 8 9 4
3 16 8 9 4
3 16 8 9 4
3 16 8 9 4
3 16 8 9 4
3 16 8 9 4
3 16 8 9 4
3 16 8 9 4
3 16 8 9 4
3 16 8 9 4
3 16 8 9 4
3 16 10 11 4
3 16 10 11 4
3 16 10 11 4
3 16 10 11 4
3 16 10 11 4
3 16 10 11 4
3 16 10 11 4
3 16 11 12 4
3 16 11 12 4
3 16 12 13 4
3 16 12 13 4
3 16 12 13 4
3 16 12 13 4
3 16 13 14 4
3 16 13 14 4
3 16 13 14 4
3 16 13 14 4
3 16 13 14 4
3 16 13 14 4
3 16 15 16 4
3 16 15 16 4
3 16 15 16 4
3 16 15 16 4
3 16 15 16 4
3 16 15 16 4
3 16 15 16 4
3 16 16 17 4
3 16 16 17 4
3 16 1 1.01 4
3 16 1 1.01 4
3 16 1 1.01 4
3 16 1 1.01 4
3 16 1 1.01 4
3 16 1 1.01 4
3 16 1 1.01 4
3 16 1 1.01 4
3 16 1 1.01 4
3 16 1 1.01 4
3 16 1 1.01 4
3 16 1 1.01 4
3 16 1 1.01 4
3 16 1 1.01 4
3 16 1 1.01 4
3 16 1 1.01 4
3 16 1 1.01 4
3 16 1 1.01 4
3 16 1 1.01 4
3 16 1 1.01 4
3 16 1 1.01 4
3 16 1 1.01 4
3 16 1 1.01 4
3 16 1 1.01 4
3 16 1 1.01 4
3 16 1 1.01 4
3 16 1 1.01 4
3 16 1 1.01 4
3 16 1 1.01 4
3 16 1 2 4
3 16 1 2 4
3 16 1 2 4
3 16 1 2 4
3 16 1 2 4
3 16 1 2 4
3 16 1 2 4
3 16 1 2 4
3 16 1 2 4
3 16 1 2 4
3 16 1 2 4
3 16 1 2 4
3 16 1 2 4
3 16 1 2 4
3 16 1 2 4
3 16 1 2 4
3 16 1 2 4
3 16 1 2 4
3 16 1 2 4
3 16 1 2 4
3 16 1 2 4
3 16 1 2 4
3 16 1 2 4
3 16 1 2 4
3 16 1 2 4
3 16 3 4 4
3 16 3 4 4
3 16 3 4 4
3 16 3 4 4
3 16 3 4 4
3 16 3 4 4
3 16 3 4 4
3 16 3 4 4
3 16 3 4 4
3 16 3 4 4
3 16 3 4 4
3 16 3 4 4
3 16 3 4 4
3 16 3 4 4
3 16 3 4 4
3 16 3 4 4
3 16 3 4 4
3 16 3 4 4
3 16 3 4 4
3 16 3 4 4
3 16 3 4 4
3 16 3 4 4
3 16 3 4 4
3 16 3 4 4
3 16 3 4 4
3 16 4 5 4
3 16 4 5 4
3 16 4 5 4
3 16 4 5 4
3 16 4 5 4
3 16 4 5 4
3 16 4 5 4
3 16 4 5 4
3 16 5 6 4
3 16 5 6 4
3 16 5 6 4
3 16 5 6 4
3 16 5 6 4
3 16 5 6 4
3 16 5 6 4
3 16 5 6 4
3 16 5 6 4
3 16 5 6 4
3 16 5 6 4
3 16 7 8 4
3 16 7 8 4
3 16 7 8 4
3 16 7 8 4
3 16 7 8 4
3 16 7 8 4
3 16 7 8 4
3 16 7 8 4
3 16 7 8 4
3 16 7 8 4
3 16 7 8 4
3 16 8 9 4
3 16 8 9 4
3 16 8 9 4
3 16 8 9 4
3 16 8 9 4
3 16 8 9 4
3 16 8 9 4
3 16 8 9 4
3 16 8 9 4
3 16 8 9 4
3 16 8 9 4
3 16 8 9 4
3 16 8 9 4
3 16 8 9 4
3 16 8 9 4
3 16 8 9 4
3 16 8 9 4
3 16 8 9 4
3 16 8 9 4
3 16 8 9 4
3 16 8 9 4
3 16 10 11 4
3 16 10 11 4
3 16 10 11 4
3 16 10 11 4
3 16 10 11 4
3 16 10 11 4
3 16 10 11 4
3 16 10 11 4
3 16 10 11 4
3 16 10 11 4
3 16 10 11 4
3 16 10 11 4
3 16 10 11 4
3 16 10 11 4
3 16 10 11 4
3 16 10 11 4
3 16 11 12 4
3 16 11 12 4
3 16 11 12 4
3 16 13 14 4
3 16 13 14 4
3 16 13 14 4
3 16 15 16 4
3 16 15 16 4
3 16 15 16 4
3 16 15 16 4
3 16 15 16 4
3 16 15 16 4
3 16 16 17 4
3 16 16 17 4
3 16 16 17 4
3 16 16 17 4
3 16 16 17 4
3 16 16 17 4
3 16 16 17 4
3 16 18 19 4
3 16 20 21 4
3 16 23 24 4
3 16 23 24 4
3 16 24 25 4
3 16 24 25 4
3 16 24 25 4
3 16 27 28 4
3 16 27 28 4
3 16 27 28 4
3 16 27 28 4
3 16 33 34 4
3 16 33 34 4
3 16 33 34 4
3 16 33 34 4
3 16 33 34 4
3 16 33 34 4
3 16 33 34 4
3 16 33 34 4
3 16 34 35 4
3 16 34 35 4
3 16 35 36 4
3 16 35 36 4
3 16 35 36 4
3 16 1 1.01 4
3 16 1 1.01 4
3 16 1 1.01 4
3 16 1 1.01 4
3 16 1 1.01 4
3 16 1 1.01 4
3 16 1 1.01 4
3 16 1 1.01 4
3 16 1 1.01 4
3 16 1 1.01 4
3 16 1 1.01 4
3 16 1 1.01 4
3 16 1 1.01 4
3 16 1 1.01 4
3 16 1 1.01 4
3 16 1 1.01 4
3 16 1 1.01 4
3 16 1 2 4
3 16 1 2 4
3 16 1 2 4
3 16 1 2 4
3 16 1 2 4
3 16 1 2 4
3 16 1 2 4
3 16 1 2 4
3 16 1 2 4
3 16 1 2 4
3 16 1 2 4
3 16 1 2 4
3 16 1 2 4
3 16 1 2 4
3 16 1 2 4
3 16 1 2 4
3 16 1 2 4
3 16 1 2 4
3 16 1 2 4
3 16 1 2 4
3 16 1 2 4
3 16 1 2 4
3 16 1 2 4
3 16 3 4 4
3 16 3 4 4
3 16 3 4 4
3 16 3 4 4
3 16 3 4 4
3 16 3 4 4
3 16 3 4 4
3 16 3 4 4
3 16 3 4 4
3 16 3 4 4
3 16 3 4 4
3 16 3 4 4
3 16 3 4 4
3 16 3 4 4
3 16 3 4 4
3 16 3 4 4
3 16 3 4 4
3 16 3 4 4
3 16 3 4 4
3 16 3 4 4
3 16 3 4 4
3 16 3 4 4
3 16 3 4 4
3 16 4 5 4
3 16 4 5 4
3 16 4 5 4
3 16 4 5 4
3 16 4 5 4
3 16 4 5 4
3 16 4 5 4
3 16 6 7 4
3 16 6 7 4
3 16 6 7 4
3 16 6 7 4
3 16 6 7 4
3 16 7 8 4
3 16 7 8 4
3 16 7 8 4
3 16 7 8 4
3 16 7 8 4
3 16 8 9 4
3 16 8 9 4
3 16 8 9 4
3 16 10 11 4
3 16 10 11 4
3 16 10 11 4
3 16 10 11 4
3 16 10 11 4
3 16 10 11 4
3 16 10 11 4
3 16 10 11 4
3 16 10 11 4
3 16 10 11 4
3 16 10 11 4
3 16 10 11 4
3 16 10 11 4
3 16 10 11 4
3 16 10 11 4
3 16 10 11 4
3 16 10 11 4
3 16 10 11 4
3 16 10 11 4
3 16 11 12 4
3 16 11 12 4
3 16 12 13 4
3 16 12 13 4
3 16 12 13 4
3 16 13 14 4
3 16 13 14 4
3 16 13 14 4
3 16 13 14 4
3 16 15 16 4
3 16 15 16 4
3 16 15 16 4
3 16 15 16 4
3 16 15 16 4
3 16 15 16 4
3 16 15 16 4
3 16 15 16 4
3 16 16 17 4
3 16 16 17 4
3 16 16 17 4
3 16 16 17 4
3 16 16 17 4
3 16 23 24 4
3 16 24 25 4
3 16 27 28 4
3 16 27 28 4
3 16 27 28 4
3 16 36 37 4
3 16 37 38 4
3 16 37 38 4
3 16 40 41 4
3 16 40 41 4
3 16 40 41 4
4 20 1 1.01 11
4 20 1 1.01 11
4 20 1 1.01 11
4 20 1 1.01 11
4 20 1 1.01 11
4 20 1 1.01 11
4 20 1 1.01 11
4 20 1 1.01 11
4 20 1 1.01 11
4 20 1 1.01 11
4 20 1 1.01 11
4 20 1 1.01 11
4 20 1 1.01 11
4 20 1 1.01 11
4 20 1 1.01 11
4 20 1 1.01 11
4 20 1 1.01 11
4 20 1 1.01 11
4 20 1 1.01 11
4 20 1 1.01 11
4 20 1 1.01 11
4 20 1 1.01 11
4 20 1 1.01 11
4 20 1 1.01 11
4 20 1 1.01 11
4 20 1 1.01 11
4 20 1 1.01 11
4 20 1 1.01 11
4 20 1 1.01 11
4 20 1 1.01 11
4 20 1 1.01 11
4 20 1 1.01 11
4 20 1 1.01 11
4 20 1 1.01 11
4 20 1 1.01 11
4 20 1 1.01 11
4 20 1 1.01 11
4 20 1 1.01 11
4 20 1 1.01 11
4 20 1 1.01 11
4 20 1 1.01 11
4 20 1 1.01 11
4 20 1 1.01 11
4 20 1 1.01 11
4 20 1 1.01 11
4 20 1 1.01 11
4 20 1 1.01 11
4 20 1 2 11
4 20 1 2 11
4 20 1 2 11
4 20 1 2 11
4 20 1 2 11
4 20 1 2 11
4 20 1 2 11
4 20 1 2 11
4 20 1 2 11
4 20 1 2 11
4 20 1 2 11
4 20 1 2 11
4 20 1 2 11
4 20 1 2 11
4 20 1 2 11
4 20 1 2 11
4 20 1 2 11
4 20 1 2 11
4 20 1 2 11
4 20 1 2 11
4 20 1 2 11
4 20 1 2 11
4 20 1 2 11
4 20 1 2 11
4 20 1 2 11
4 20 1 2 11
4 20 1 2 11
4 20 1 2 11
4 20 1 2 11
4 20 1 2 11
4 20 1 2 11
4 20 1 2 11
4 20 1 2 11
4 20 1 2 11
4 20 1 2 11
4 20 1 2 11
4 20 1 2 11
4 20 1 2 11
4 20 2 3 11
4 20 2 3 11
4 20 2 3 11
4 20 2 3 11
4 20 2 3 11
4 20 2 3 11
4 20 2 3 11
4 20 2 3 11
4 20 2 3 11
4 20 2 3 11
4 20 2 3 11
4 20 2 3 11
4 20 2 3 11
4 20 2 3 11
4 20 2 3 11
4 20 2 3 11
4 20 2 3 11
4 20 2 3 11
4 20 2 3 11
4 20 2 3 11
4 20 2 3 11
4 20 2 3 11
4 20 2 3 11
4 20 2 3 11
4 20 2 3 11
4 20 3 4 11
4 20 3 4 11
4 20 3 4 11
4 20 3 4 11
4 20 3 4 11
4 20 3 4 11
4 20 3 4 11
4 20 3 4 11
4 20 3 4 11
4 20 3 4 11
4 20 3 4 11
4 20 3 4 11
4 20 3 4 11
4 20 3 4 11
4 20 3 4 11
4 20 3 4 11
4 20 3 4 11
4 20 3 4 11
4 20 3 4 11
4 20 3 4 11
4 20 3 4 11
4 20 4 5 11
4 20 4 5 11
4 20 4 5 11
4 20 4 5 11
4 20 4 5 11
4 20 4 5 11
4 20 4 5 11
4 20 4 5 11
4 20 4 5 11
4 20 4 5 11
4 20 4 5 11
4 20 4 5 11
4 20 4 5 11
4 20 4 5 11
4 20 4 5 11
4 20 4 5 11
4 20 4 5 11
4 20 4 5 11
4 20 4 5 11
4 20 4 5 11
4 20 4 5 11
4 20 4 5 11
4 20 4 5 11
4 20 4 5 11
4 20 4 5 11
4 20 4 5 11
4 20 4 5 11
4 20 5 6 11
4 20 5 6 11
4 20 5 6 11
4 20 5 6 11
4 20 5 6 11
4 20 5 6 11
4 20 5 6 11
4 20 5 6 11
4 20 5 6 11
4 20 5 6 11
4 20 5 6 11
4 20 5 6 11
4 20 5 6 11
4 20 5 6 11
4 20 5 6 11
4 20 6 7 11
4 20 6 7 11
4 20 6 7 11
4 20 6 7 11
4 20 6 7 11
4 20 6 7 11
4 20 6 7 11
4 20 7 8 11
4 20 7 8 11
4 20 7 8 11
4 20 7 8 11
4 20 7 8 11
4 20 7 8 11
4 20 8 9 11
4 20 8 9 11
4 20 9 10 11
4 20 9 10 11
4 20 10 11 11
4 20 10 11 11
4 20 12 13 11
4 20 12 13 11
4 20 1 1.01 11
4 20 1 1.01 11
4 20 1 1.01 11
4 20 1 1.01 11
4 20 1 1.01 11
4 20 1 1.01 11
4 20 1 1.01 11
4 20 1 1.01 11
4 20 1 1.01 11
4 20 1 1.01 11
4 20 1 1.01 11
4 20 1 1.01 11
4 20 1 1.01 11
4 20 1 1.01 11
4 20 1 1.01 11
4 20 1 1.01 11
4 20 1 2 11
4 20 1 2 11
4 20 1 2 11
4 20 1 2 11
4 20 1 2 11
4 20 1 2 11
4 20 1 2 11
4 20 1 2 11
4 20 1 2 11
4 20 1 2 11
4 20 1 2 11
4 20 1 2 11
4 20 1 2 11
4 20 1 2 11
4 20 1 2 11
4 20 1 2 11
4 20 1 2 11
4 20 1 2 11
4 20 1 2 11
4 20 1 2 11
4 20 1 2 11
4 20 1 2 11
4 20 1 2 11
4 20 1 2 11
4 20 1 2 11
4 20 1 2 11
4 20 1 2 11
4 20 1 2 11
4 20 1 2 11
4 20 1 2 11
4 20 1 2 11
4 20 1 2 11
4 20 1 2 11
4 20 1 2 11
4 20 1 2 11
4 20 1 2 11
4 20 2 3 11
4 20 2 3 11
4 20 2 3 11
4 20 2 3 11
4 20 2 3 11
4 20 2 3 11
4 20 2 3 11
4 20 2 3 11
4 20 2 3 11
4 20 2 3 11
4 20 2 3 11
4 20 2 3 11
4 20 2 3 11
4 20 2 3 11
4 20 2 3 11
4 20 2 3 11
4 20 2 3 11
4 20 2 3 11
4 20 2 3 11
4 20 2 3 11
4 20 2 3 11
4 20 2 3 11
4 20 2 3 11
4 20 2 3 11
4 20 2 3 11
4 20 2 3 11
4 20 2 3 11
4 20 2 3 11
4 20 2 3 11
4 20 3 4 11
4 20 3 4 11
4 20 3 4 11
4 20 3 4 11
4 20 3 4 11
4 20 3 4 11
4 20 3 4 11
4 20 3 4 11
4 20 3 4 11
4 20 3 4 11
4 20 3 4 11
4 20 3 4 11
4 20 3 4 11
4 20 3 4 11
4 20 3 4 11
4 20 3 4 11
4 20 3 4 11
4 20 3 4 11
4 20 3 4 11
4 20 3 4 11
4 20 3 4 11
4 20 3 4 11
4 20 3 4 11
4 20 3 4 11
4 20 3 4 11
4 20 4 5 11
4 20 4 5 11
4 20 4 5 11
4 20 4 5 11
4 20 4 5 11
4 20 4 5 11
4 20 4 5 11
4 20 4 5 11
4 20 4 5 11
4 20 4 5 11
4 20 4 5 11
4 20 4 5 11
4 20 4 5 11
4 20 4 5 11
4 20 4 5 11
4 20 4 5 11
4 20 4 5 11
4 20 4 5 11
4 20 4 5 11
4 20 4 5 11
4 20 4 5 11
4 20 5 6 11
4 20 5 6 11
4 20 5 6 11
4 20 5 6 11
4 20 5 6 11
4 20 5 6 11
4 20 5 6 11
4 20 5 6 11
4 20 5 6 11
4 20 5 6 11
4 20 5 6 11
4 20 5 6 11
4 20 5 6 11
4 20 5 6 11
4 20 5 6 11
4 20 5 6 11
4 20 5 6 11
4 20 5 6 11
4 20 5 6 11
4 20 5 6 11
4 20 5 6 11
4 20 6 7 11
4 20 6 7 11
4 20 6 7 11
4 20 6 7 11
4 20 6 7 11
4 20 6 7 11
4 20 6 7 11
4 20 6 7 11
4 20 6 7 11
4 20 6 7 11
4 20 6 7 11
4 20 6 7 11
4 20 6 7 11
4 20 7 8 11
4 20 7 8 11
4 20 7 8 11
4 20 7 8 11
4 20 7 8 11
4 20 7 8 11
4 20 7 8 11
4 20 7 8 11
4 20 7 8 11
4 20 7 8 11
4 20 7 8 11
4 20 7 8 11
4 20 7 8 11
4 20 8 9 11
4 20 8 9 11
4 20 8 9 11
4 20 8 9 11
4 20 8 9 11
4 20 8 9 11
4 20 9 10 11
4 20 9 10 11
4 20 9 10 11
4 20 10 11 11
4 20 10 11 11
4 20 10 11 11
4 20 10 11 11
4 20 12 13 11
4 20 12 13 11
4 20 12 13 11
4 20 12 13 11
4 20 12 13 11
4 20 12 13 11
4 20 12 13 11
4 20 12 13 11
4 20 1 1.01 11
4 20 1 1.01 11
4 20 1 1.01 11
4 20 1 1.01 11
4 20 1 1.01 11
4 20 1 1.01 11
4 20 1 1.01 11
4 20 1 1.01 11
4 20 1 1.01 11
4 20 1 1.01 11
4 20 1 1.01 11
4 20 1 1.01 11
4 20 1 1.01 11
4 20 1 1.01 11
4 20 1 1.01 11
4 20 1 1.01 11
4 20 1 1.01 11
4 20 1 1.01 11
4 20 1 1.01 11
4 20 1 1.01 11
4 20 1 1.01 11
4 20 1 1.01 11
4 20 1 1.01 11
4 20 1 1.01 11
4 20 1 1.01 11
4 20 1 1.01 11
4 20 1 1.01 11
4 20 1 1.01 11
4 20 1 1.01 11
4 20 1 2 11
4 20 1 2 11
4 20 1 2 11
4 20 1 2 11
4 20 1 2 11
4 20 1 2 11
4 20 1 2 11
4 20 1 2 11
4 20 1 2 11
4 20 1 2 11
4 20 1 2 11
4 20 1 2 11
4 20 1 2 11
4 20 1 2 11
4 20 1 2 11
4 20 1 2 11
4 20 1 2 11
4 20 1 2 11
4 20 1 2 11
4 20 1 2 11
4 20 1 2 11
4 20 1 2 11
4 20 1 2 11
4 20 1 2 11
4 20 1 2 11
4 20 1 2 11
4 20 1 2 11
4 20 1 2 11
4 20 1 2 11
4 20 1 2 11
4 20 1 2 11
4 20 1 2 11
4 20 1 2 11
4 20 1 2 11
4 20 1 2 11
4 20 1 2 11
4 20 1 2 11
4 20 2 3 11
4 20 2 3 11
4 20 2 3 11
4 20 2 3 11
4 20 2 3 11
4 20 2 3 11
4 20 2 3 11
4 20 2 3 11
4 20 2 3 11
4 20 2 3 11
4 20 2 3 11
4 20 2 3 11
4 20 2 3 11
4 20 2 3 11
4 20 2 3 11
4 20 2 3 11
4 20 2 3 11
4 20 2 3 11
4 20 2 3 11
4 20 2 3 11
4 20 2 3 11
4 20 2 3 11
4 20 2 3 11
4 20 2 3 11
4 20 2 3 11
4 20 2 3 11
4 20 2 3 11
4 20 2 3 11
4 20 2 3 11
4 20 2 3 11
4 20 3 4 11
4 20 3 4 11
4 20 3 4 11
4 20 3 4 11
4 20 3 4 11
4 20 3 4 11
4 20 3 4 11
4 20 3 4 11
4 20 3 4 11
4 20 3 4 11
4 20 3 4 11
4 20 3 4 11
4 20 3 4 11
4 20 3 4 11
4 20 3 4 11
4 20 3 4 11
4 20 3 4 11
4 20 3 4 11
4 20 3 4 11
4 20 3 4 11
4 20 3 4 11
4 20 3 4 11
4 20 3 4 11
4 20 3 4 11
4 20 3 4 11
4 20 3 4 11
4 20 3 4 11
4 20 3 4 11
4 20 3 4 11
4 20 3 4 11
4 20 4 5 11
4 20 4 5 11
4 20 4 5 11
4 20 4 5 11
4 20 4 5 11
4 20 4 5 11
4 20 4 5 11
4 20 4 5 11
4 20 4 5 11
4 20 4 5 11
4 20 4 5 11
4 20 4 5 11
4 20 4 5 11
4 20 4 5 11
4 20 4 5 11
4 20 4 5 11
4 20 4 5 11
4 20 4 5 11
4 20 4 5 11
4 20 4 5 11
4 20 4 5 11
4 20 4 5 11
4 20 5 6 11
4 20 5 6 11
4 20 5 6 11
4 20 5 6 11
4 20 5 6 11
4 20 5 6 11
4 20 5 6 11
4 20 5 6 11
4 20 5 6 11
4 20 5 6 11
4 20 5 6 11
4 20 5 6 11
4 20 5 6 11
4 20 6 7 11
4 20 6 7 11
4 20 6 7 11
4 20 6 7 11
4 20 6 7 11
4 20 6 7 11
4 20 6 7 11
4 20 6 7 11
4 20 6 7 11
4 20 6 7 11
4 20 6 7 11
4 20 6 7 11
4 20 6 7 11
4 20 7 8 11
4 20 7 8 11
4 20 7 8 11
4 20 7 8 11
4 20 7 8 11
4 20 7 8 11
4 20 7 8 11
4 20 7 8 11
4 20 7 8 11
4 20 8 9 11
4 20 8 9 11
4 20 8 9 11
4 20 8 9 11
4 20 8 9 11
4 20 8 9 11
4 20 8 9 11
4 20 9 10 11
4 20 9 10 11
4 20 9 10 11
4 20 9 10 11
4 20 9 10 11
4 20 9 10 11
4 20 9 10 11
4 20 9 10 11
4 20 10 11 11
4 20 10 11 11
4 20 10 11 11
4 20 10 11 11
4 20 10 11 11
4 20 12 13 11
4 20 12 13 11
4 20 12 13 11
4 20 12 13 11
4 20 12 13 11
4 20 12 13 11
4 20 12 13 11
4 20 12 13 11
4 20 15 16 11
4 20 15 16 11
4 20 15 16 11
4 20 15 16 11
4 20 15 16 11
4 20 15 16 11
4 20 1 1.01 11
4 20 1 1.01 11
4 20 1 1.01 11
4 20 2 3 11
4 20 2 3 11
4 20 2 3 11
4 20 2 3 11
4 20 2 3 11
4 20 2 3 11
4 20 2 3 11
4 20 2 3 11
4 20 2 3 11
4 20 2 3 11
4 20 3 4 11
4 20 3 4 11
4 20 3 4 11
4 20 3 4 11
4 20 3 4 11
4 20 3 4 11
4 20 3 4 11
4 20 3 4 11
4 20 3 4 11
4 20 3 4 11
4 20 3 4 11
4 20 4 5 11
4 20 4 5 11
4 20 4 5 11
4 20 4 5 11
4 20 4 5 11
4 20 4 5 11
4 20 5 6 11
4 20 5 6 11
4 20 5 6 11
4 20 5 6 11
4 20 7 8 11
4 20 7 8 11
4 20 7 8 11
4 20 7 8 11
4 20 7 8 11
4 20 8 9 11
4 20 8 9 11
4 20 9 10 11
4 20 9 10 11
4 20 9 10 11
4 20 9 10 11
4 20 9 10 11
4 20 9 10 11
4 20 9 10 11
4 20 10 11 11
4 20 12 13 11
4 20 12 13 11
4 20 1 1.01 11
4 20 1 1.01 11
4 20 1 1.01 11
4 20 1 1.01 11
4 20 1 1.01 11
4 20 1 1.01 11
4 20 1 1.01 11
4 20 1 1.01 11
4 20 1 1.01 11
4 20 1 1.01 11
4 20 1 1.01 11
4 20 1 1.01 11
4 20 1 1.01 11
4 20 1 1.01 11
4 20 1 1.01 11
4 20 1 1.01 11
4 20 1 1.01 11
4 20 1 1.01 11
4 20 1 1.01 11
4 20 1 1.01 11
4 20 1 2 11
4 20 1 2 11
4 20 1 2 11
4 20 1 2 11
4 20 1 2 11
4 20 1 2 11
4 20 1 2 11
4 20 1 2 11
4 20 1 2 11
4 20 1 2 11
4 20 1 2 11
4 20 1 2 11
4 20 1 2 11
4 20 1 2 11
4 20 1 2 11
4 20 1 2 11
4 20 1 2 11
4 20 1 2 11
4 20 1 2 11
4 20 4 5 11
4 20 4 5 11
4 20 4 5 11
4 20 4 5 11
4 20 4 5 11
4 20 4 5 11
4 20 4 5 11
4 20 4 5 11
4 20 4 5 11
4 20 4 5 11
4 20 4 5 11
4 20 4 5 11
4 20 4 5 11
4 20 4 5 11
4 20 4 5 11
4 20 4 5 11
4 20 4 5 11
4 20 4 5 11
4 20 4 5 11
4 20 4 5 11
4 20 4 5 11
4 20 4 5 11
4 20 4 5 11
4 20 4 5 11
4 20 4 5 11
4 20 4 5 11
4 20 4 5 11
4 20 4 5 11
4 20 4 5 11
4 20 4 5 11
4 20 4 5 11
4 20 4 5 11
4 20 4 5 11
4 20 6 7 11
4 20 6 7 11
4 20 6 7 11
4 20 6 7 11
4 20 6 7 11
4 20 6 7 11
4 20 6 7 11
4 20 7 8 11
4 20 7 8 11
4 20 7 8 11
4 20 7 8 11
4 20 7 8 11
4 20 7 8 11
4 20 7 8 11
4 20 7 8 11
4 20 7 8 11
4 20 7 8 11
4 20 8 9 11
4 20 8 9 11
4 20 8 9 11
4 20 8 9 11
4 20 8 9 11
4 20 8 9 11
4 20 8 9 11
4 20 8 9 11
4 20 8 9 11
4 20 8 9 11
4 20 8 9 11
4 20 8 9 11
4 20 8 9 11
4 20 8 9 11
4 20 8 9 11
4 20 8 9 11
4 20 8 9 11
4 20 8 9 11
4 20 8 9 11
4 20 8 9 11
4 20 8 9 11
4 20 8 9 11
4 20 8 9 11
4 20 8 9 11
4 20 8 9 11
4 20 8 9 11
4 20 9 10 11
4 20 9 10 11
4 20 9 10 11
4 20 9 10 11
4 20 9 10 11
4 20 9 10 11
4 20 9 10 11
4 20 9 10 11
4 20 9 10 11
4 20 9 10 11
4 20 9 10 11
4 20 9 10 11
4 20 9 10 11
4 20 9 10 11
4 20 9 10 11
4 20 9 10 11
4 20 9 10 11
4 20 9 10 11
4 20 9 10 11
4 20 10 11 11
4 20 11 12 11
4 20 11 12 11
4 20 11 12 11
4 20 12 13 11
4 20 12 13 11
4 20 13 14 11
4 20 13 14 11
4 20 13 14 11
4 20 13 14 11
4 20 13 14 11
4 20 13 14 11
4 20 13 14 11
4 20 13 14 11
4 20 13 14 11
4 20 13 14 11
4 20 1 1.01 11
4 20 1 1.01 11
4 20 1 1.01 11
4 20 1 1.01 11
4 20 1 1.01 11
4 20 1 1.01 11
4 20 1 1.01 11
4 20 1 1.01 11
4 20 1 1.01 11
4 20 1 1.01 11
4 20 1 1.01 11
4 20 1 1.01 11
4 20 1 1.01 11
4 20 1 1.01 11
4 20 1 1.01 11
4 20 1 1.01 11
4 20 1 1.01 11
4 20 1 1.01 11
4 20 1 1.01 11
4 20 1 1.01 11
4 20 1 1.01 11
4 20 1 1.01 11
4 20 1 1.01 11
4 20 1 1.01 11
4 20 1 1.01 11
4 20 1 1.01 11
4 20 1 1.01 11
4 20 1 1.01 11
4 20 1 1.01 11
4 20 1 1.01 11
4 20 1 1.01 11
4 20 1 2 11
4 20 1 2 11
4 20 1 2 11
4 20 1 2 11
4 20 1 2 11
4 20 1 2 11
4 20 1 2 11
4 20 1 2 11
4 20 1 2 11
4 20 1 2 11
4 20 1 2 11
4 20 1 2 11
4 20 1 2 11
4 20 1 2 11
4 20 1 2 11
4 20 1 2 11
4 20 1 2 11
4 20 1 2 11
4 20 1 2 11
4 20 1 2 11
4 20 1 2 11
4 20 1 2 11
4 20 1 2 11
4 20 1 2 11
4 20 1 2 11
4 20 1 2 11
4 20 1 2 11
4 20 1 2 11
4 20 1 2 11
4 20 1 2 11
4 20 4 5 11
4 20 4 5 11
4 20 4 5 11
4 20 4 5 11
4 20 4 5 11
4 20 4 5 11
4 20 4 5 11
4 20 4 5 11
4 20 4 5 11
4 20 4 5 11
4 20 4 5 11
4 20 4 5 11
4 20 4 5 11
4 20 4 5 11
4 20 4 5 11
4 20 4 5 11
4 20 4 5 11
4 20 4 5 11
4 20 4 5 11
4 20 4 5 11
4 20 4 5 11
4 20 4 5 11
4 20 4 5 11
4 20 4 5 11
4 20 4 5 11
4 20 4 5 11
4 20 4 5 11
4 20 4 5 11
4 20 4 5 11
4 20 4 5 11
4 20 4 5 11
4 20 4 5 11
4 20 4 5 11
4 20 4 5 11
4 20 4 5 11
4 20 4 5 11
4 20 4 5 11
4 20 4 5 11
4 20 4 5 11
4 20 4 5 11
4 20 4 5 11
4 20 4 5 11
4 20 4 5 11
4 20 4 5 11
4 20 4 5 11
4 20 4 5 11
4 20 4 5 11
4 20 4 5 11
4 20 5 6 11
4 20 5 6 11
4 20 5 6 11
4 20 5 6 11
4 20 5 6 11
4 20 5 6 11
4 20 5 6 11
4 20 6 7 11
4 20 8 9 11
4 20 8 9 11
4 20 8 9 11
4 20 8 9 11
4 20 8 9 11
4 20 9 10 11
4 20 9 10 11
4 20 9 10 11
4 20 9 10 11
4 20 9 10 11
4 20 9 10 11
4 20 9 10 11
4 20 9 10 11
4 20 9 10 11
4 20 9 10 11
4 20 9 10 11
4 20 10 11 11
4 20 10 11 11
4 20 11 12 11
4 20 11 12 11
4 20 12 13 11
4 20 12 13 11
4 20 12 13 11
4 20 12 13 11
4 20 16 17 11
4 20 20 21 11
4 20 20 21 11
4 20 20 21 11
4 20 20 21 11
4 20 1 1.01 11
4 20 1 1.01 11
4 20 1 1.01 11
4 20 1 1.01 11
4 20 1 1.01 11
4 20 1 1.01 11
4 20 1 1.01 11
4 20 1 2 11
4 20 1 2 11
4 20 1 2 11
4 20 1 2 11
4 20 1 2 11
4 20 1 2 11
4 20 1 2 11
4 20 1 2 11
4 20 1 2 11
4 20 1 2 11
4 20 1 2 11
4 20 1 2 11
4 20 1 2 11
4 20 1 2 11
4 20 1 2 11
4 20 1 2 11
4 20 1 2 11
4 20 1 2 11
4 20 1 2 11
4 20 1 2 11
4 20 1 2 11
4 20 1 2 11
4 20 1 2 11
4 20 1 2 11
4 20 1 2 11
4 20 4 5 11
4 20 4 5 11
4 20 4 5 11
4 20 4 5 11
4 20 4 5 11
4 20 4 5 11
4 20 4 5 11
4 20 4 5 11
4 20 4 5 11
4 20 4 5 11
4 20 4 5 11
4 20 4 5 11
4 20 4 5 11
4 20 4 5 11
4 20 4 5 11
4 20 4 5 11
4 20 4 5 11
4 20 4 5 11
4 20 4 5 11
4 20 4 5 11
4 20 4 5 11
4 20 4 5 11
4 20 4 5 11
4 20 4 5 11
4 20 4 5 11
4 20 4 5 11
4 20 4 5 11
4 20 4 5 11
4 20 4 5 11
4 20 4 5 11
4 20 4 5 11
4 20 4 5 11
4 20 4 5 11
4 20 4 5 11
4 20 4 5 11
4 20 4 5 11
4 20 4 5 11
4 20 4 5 11
4 20 4 5 11
4 20 4 5 11
4 20 4 5 11
4 20 4 5 11
4 20 4 5 11
4 20 4 5 11
4 20 4 5 11
4 20 4 5 11
4 20 4 5 11
4 20 4 5 11
4 20 4 5 11
4 20 4 5 11
4 20 4 5 11
4 20 4 5 11
4 20 4 5 11
4 20 4 5 11
4 20 4 5 11
4 20 4 5 11
4 20 5 6 11
4 20 5 6 11
4 20 6 7 11
4 20 7 8 11
4 20 7 8 11
4 20 7 8 11
4 20 7 8 11
4 20 7 8 11
4 20 7 8 11
4 20 7 8 11
4 20 7 8 11
4 20 8 9 11
4 20 8 9 11
4 20 8 9 11
4 20 8 9 11
4 20 8 9 11
4 20 8 9 11
4 20 8 9 11
4 20 9 10 11
4 20 9 10 11
4 20 9 10 11
4 20 9 10 11
4 20 9 10 11
4 20 9 10 11
4 20 9 10 11
4 20 9 10 11
4 20 9 10 11
4 20 10 11 11
4 20 10 11 11
4 20 11 12 11
4 20 11 12 11
4 20 11 12 11
4 20 20 21 11
4 20 1 1.01 11
4 20 1 1.01 11
4 20 1 1.01 11
4 20 1 1.01 11
4 20 1 1.01 11
4 20 1 1.01 11
4 20 1 1.01 11
4 20 1 1.01 11
4 20 1 1.01 11
4 20 1 2 11
4 20 1 2 11
4 20 1 2 11
4 20 1 2 11
4 20 1 2 11
4 20 1 2 11
4 20 1 2 11
4 20 1 2 11
4 20 1 2 11
4 20 1 2 11
4 20 4 5 11
4 20 4 5 11
4 20 4 5 11
4 20 4 5 11
4 20 4 5 11
4 20 4 5 11
4 20 4 5 11
4 20 4 5 11
4 20 4 5 11
4 20 4 5 11
4 20 4 5 11
4 20 4 5 11
4 20 4 5 11
4 20 4 5 11
4 20 4 5 11
4 20 4 5 11
4 20 4 5 11
4 20 4 5 11
4 20 4 5 11
4 20 4 5 11
4 20 4 5 11
4 20 4 5 11
4 20 4 5 11
4 20 4 5 11
4 20 4 5 11
4 20 4 5 11
4 20 4 5 11
4 20 4 5 11
4 20 4 5 11
4 20 4 5 11
4 20 4 5 11
4 20 4 5 11
4 20 4 5 11
4 20 4 5 11
4 20 4 5 11
4 20 4 5 11
4 20 4 5 11
4 20 6 7 11
4 20 7 8 11
4 20 7 8 11
4 20 8 9 11
4 20 8 9 11
4 20 8 9 11
4 20 8 9 11
4 20 8 9 11
4 20 8 9 11
4 20 8 9 11
4 20 8 9 11
4 20 9 10 11
4 20 9 10 11
4 20 9 10 11
4 20 9 10 11
4 20 9 10 11
4 20 9 10 11
4 20 9 10 11
4 20 9 10 11
4 20 9 10 11
4 20 10 11 11
4 20 10 11 11
4 20 11 12 11
4 20 11 12 11
4 20 11 12 11
4 20 11 12 11
4 20 11 12 11
4 20 11 12 11
4 20 11 12 11
4 20 11 12 11
4 20 11 12 11
4 20 12 13 11
4 20 12 13 11
4 20 12 13 11
4 20 12 13 11
4 20 12 13 11
4 20 12 13 11
4 20 12 13 11
4 20 12 13 11
4 20 12 13 11
4 20 13 14 11
4 20 13 14 11
4 20 13 14 11
4 20 13 14 11
4 20 13 14 11
4 20 16 17 11
4 20 16 17 11
4 20 1 1.01 11
4 20 1 1.01 11
4 20 1 1.01 11
4 20 1 1.01 11
4 20 1 1.01 11
4 20 1 1.01 11
4 20 1 1.01 11
4 20 1 1.01 11
4 20 1 1.01 11
4 20 1 1.01 11
4 20 1 1.01 11
4 20 1 1.01 11
4 20 1 1.01 11
4 20 1 1.01 11
4 20 1 1.01 11
4 20 1 1.01 11
4 20 1 1.01 11
4 20 1 1.01 11
4 20 1 1.01 11
4 20 3 4 11
4 20 3 4 11
4 20 3 4 11
4 20 3 4 11
4 20 3 4 11
4 20 3 4 11
4 20 3 4 11
4 20 3 4 11
4 20 3 4 11
4 20 3 4 11
4 20 3 4 11
4 20 3 4 11
4 20 3 4 11
4 20 3 4 11
4 20 3 4 11
4 20 3 4 11
4 20 3 4 11
4 20 3 4 11
4 20 3 4 11
4 20 3 4 11
4 20 3 4 11
4 20 3 4 11
4 20 3 4 11
4 20 3 4 11
4 20 3 4 11
4 20 3 4 11
4 20 3 4 11
4 20 3 4 11
4 20 3 4 11
4 20 3 4 11
4 20 3 4 11
4 20 3 4 11
4 20 3 4 11
4 20 3 4 11
4 20 3 4 11
4 20 3 4 11
4 20 3 4 11
4 20 3 4 11
4 20 3 4 11
4 20 4 5 11
4 20 4 5 11
4 20 5 6 11
4 20 5 6 11
4 20 5 6 11
4 20 5 6 11
4 20 5 6 11
4 20 5 6 11
4 20 5 6 11
4 20 5 6 11
4 20 5 6 11
4 20 6 7 11
4 20 6 7 11
4 20 6 7 11
4 20 6 7 11
4 20 6 7 11
4 20 6 7 11
4 20 6 7 11
4 20 6 7 11
4 20 6 7 11
4 20 6 7 11
4 20 6 7 11
4 20 6 7 11
4 20 6 7 11
4 20 7 8 11
4 20 7 8 11
4 20 7 8 11
4 20 7 8 11
4 20 7 8 11
4 20 7 8 11
4 20 7 8 11
4 20 7 8 11
4 20 7 8 11
4 20 7 8 11
4 20 7 8 11
4 20 7 8 11
4 20 7 8 11
4 20 8 9 11
4 20 8 9 11
4 20 8 9 11
4 20 8 9 11
4 20 8 9 11
4 20 8 9 11
4 20 8 9 11
4 20 8 9 11
4 20 8 9 11
4 20 8 9 11
4 20 8 9 11
4 20 8 9 11
4 20 8 9 11
4 20 8 9 11
4 20 8 9 11
4 20 9 10 11
4 20 10 11 11
4 20 12 13 11
4 20 12 13 11
4 20 12 13 11
4 20 12 13 11
4 20 15 16 11
4 20 15 16 11
4 20 15 16 11
4 20 15 16 11
4 20 1 1.01 11
4 20 1 1.01 11
4 20 1 1.01 11
4 20 1 1.01 11
4 20 1 1.01 11
4 20 1 1.01 11
4 20 1 1.01 11
4 20 1 1.01 11
4 20 1 1.01 11
4 20 1 1.01 11
4 20 1 1.01 11
4 20 1 1.01 11
4 20 1 1.01 11
4 20 1 1.01 11
4 20 1 1.01 11
4 20 1 1.01 11
4 20 1 1.01 11
4 20 1 1.01 11
4 20 1 1.01 11
4 20 1 1.01 11
4 20 3 4 11
4 20 3 4 11
4 20 3 4 11
4 20 3 4 11
4 20 3 4 11
4 20 3 4 11
4 20 3 4 11
4 20 3 4 11
4 20 3 4 11
4 20 3 4 11
4 20 3 4 11
4 20 3 4 11
4 20 3 4 11
4 20 3 4 11
4 20 3 4 11
4 20 3 4 11
4 20 3 4 11
4 20 3 4 11
4 20 3 4 11
4 20 3 4 11
4 20 3 4 11
4 20 3 4 11
4 20 3 4 11
4 20 3 4 11
4 20 3 4 11
4 20 3 4 11
4 20 3 4 11
4 20 3 4 11
4 20 3 4 11
4 20 3 4 11
4 20 3 4 11
4 20 3 4 11
4 20 3 4 11
4 20 3 4 11
4 20 3 4 11
4 20 3 4 11
4 20 3 4 11
4 20 3 4 11
4 20 3 4 11
4 20 3 4 11
4 20 3 4 11
4 20 3 4 11
4 20 3 4 11
4 20 3 4 11
4 20 3 4 11
4 20 3 4 11
4 20 3 4 11
4 20 3 4 11
4 20 3 4 11
4 20 3 4 11
4 20 3 4 11
4 20 3 4 11
4 20 3 4 11
4 20 3 4 11
4 20 3 4 11
4 20 3 4 11
4 20 3 4 11
4 20 3 4 11
4 20 3 4 11
4 20 3 4 11
4 20 3 4 11
4 20 3 4 11
4 20 3 4 11
4 20 3 4 11
4 20 3 4 11
4 20 3 4 11
4 20 3 4 11
4 20 3 4 11
4 20 3 4 11
4 20 3 4 11
4 20 3 4 11
4 20 3 4 11
4 20 3 4 11
4 20 3 4 11
4 20 4 5 11
4 20 4 5 11
4 20 4 5 11
4 20 4 5 11
4 20 4 5 11
4 20 4 5 11
4 20 4 5 11
4 20 5 6 11
4 20 5 6 11
4 20 5 6 11
4 20 5 6 11
4 20 5 6 11
4 20 5 6 11
4 20 5 6 11
4 20 5 6 11
4 20 5 6 11
4 20 5 6 11
4 20 5 6 11
4 20 5 6 11
4 20 5 6 11
4 20 5 6 11
4 20 6 7 11
4 20 6 7 11
4 20 6 7 11
4 20 6 7 11
4 20 6 7 11
4 20 7 8 11
4 20 7 8 11
4 20 7 8 11
4 20 7 8 11
4 20 7 8 11
4 20 7 8 11
4 20 7 8 11
4 20 7 8 11
4 20 7 8 11
4 20 7 8 11
4 20 7 8 11
4 20 7 8 11
4 20 7 8 11
4 20 7 8 11
4 20 7 8 11
4 20 8 9 11
4 20 8 9 11
4 20 8 9 11
4 20 8 9 11
4 20 8 9 11
4 20 8 9 11
4 20 8 9 11
4 20 8 9 11
4 20 8 9 11
4 20 8 9 11
4 20 8 9 11
4 20 8 9 11
4 20 8 9 11
4 20 8 9 11
4 20 8 9 11
4 20 8 9 11
4 20 8 9 11
4 20 8 9 11
4 20 8 9 11
4 20 8 9 11
4 20 8 9 11
4 20 8 9 11
4 20 8 9 11
4 20 8 9 11
4 20 8 9 11
4 20 8 9 11
4 20 9 10 11
4 20 10 11 11
4 20 10 11 11
4 20 10 11 11
4 20 10 11 11
4 20 12 13 11
4 20 12 13 11
4 20 1 1.01 11
4 20 1 1.01 11
4 20 1 1.01 11
4 20 1 1.01 11
4 20 1 1.01 11
4 20 1 1.01 11
4 20 1 1.01 11
4 20 1 1.01 11
4 20 1 1.01 11
4 20 1 1.01 11
4 20 1 1.01 11
4 20 1 1.01 11
4 20 1 1.01 11
4 20 1 1.01 11
4 20 1 1.01 11
4 20 1 1.01 11
4 20 1 1.01 11
4 20 1 1.01 11
4 20 1 1.01 11
4 20 1 1.01 11
4 20 1 1.01 11
4 20 1 1.01 11
4 20 1 1.01 11
4 20 1 1.01 11
4 20 1 1.01 11
4 20 1 1.01 11
4 20 1 1.01 11
4 20 1 1.01 11
4 20 1 1.01 11
4 20 1 1.01 11
4 20 1 1.01 11
4 20 1 1.01 11
4 20 1 1.01 11
4 20 1 1.01 11
4 20 1 1.01 11
4 20 1 1.01 11
4 20 1 1.01 11
4 20 1 1.01 11
4 20 1 1.01 11
4 20 1 1.01 11
4 20 3 4 11
4 20 3 4 11
4 20 3 4 11
4 20 3 4 11
4 20 3 4 11
4 20 3 4 11
4 20 3 4 11
4 20 3 4 11
4 20 3 4 11
4 20 3 4 11
4 20 3 4 11
4 20 3 4 11
4 20 3 4 11
4 20 3 4 11
4 20 3 4 11
4 20 3 4 11
4 20 3 4 11
4 20 3 4 11
4 20 3 4 11
4 20 3 4 11
4 20 3 4 11
4 20 3 4 11
4 20 3 4 11
4 20 3 4 11
4 20 3 4 11
4 20 3 4 11
4 20 3 4 11
4 20 3 4 11
4 20 3 4 11
4 20 3 4 11
4 20 3 4 11
4 20 3 4 11
4 20 3 4 11
4 20 3 4 11
4 20 3 4 11
4 20 3 4 11
4 20 3 4 11
4 20 3 4 11
4 20 3 4 11
4 20 3 4 11
4 20 3 4 11
4 20 3 4 11
4 20 3 4 11
4 20 3 4 11
4 20 3 4 11
4 20 3 4 11
4 20 3 4 11
4 20 3 4 11
4 20 3 4 11
4 20 3 4 11
4 20 3 4 11
4 20 3 4 11
4 20 3 4 11
4 20 3 4 11
4 20 3 4 11
4 20 3 4 11
4 20 3 4 11
4 20 3 4 11
4 20 3 4 11
4 20 3 4 11
4 20 3 4 11
4 20 3 4 11
4 20 3 4 11
4 20 3 4 11
4 20 3 4 11
4 20 3 4 11
4 20 3 4 11
4 20 3 4 11
4 20 3 4 11
4 20 3 4 11
4 20 3 4 11
4 20 3 4 11
4 20 3 4 11
4 20 3 4 11
4 20 3 4 11
4 20 3 4 11
4 20 3 4 11
4 20 3 4 11
4 20 3 4 11
4 20 4 5 11
4 20 4 5 11
4 20 6 7 11
4 20 6 7 11
4 20 6 7 11
4 20 6 7 11
4 20 6 7 11
4 20 6 7 11
4 20 6 7 11
4 20 6 7 11
4 20 6 7 11
4 20 6 7 11
4 20 6 7 11
4 20 6 7 11
4 20 6 7 11
4 20 6 7 11
4 20 6 7 11
4 20 6 7 11
4 20 6 7 11
4 20 6 7 11
4 20 6 7 11
4 20 6 7 11
4 20 6 7 11
4 20 6 7 11
4 20 6 7 11
4 20 6 7 11
4 20 6 7 11
4 20 6 7 11
4 20 7 8 11
4 20 7 8 11
4 20 7 8 11
4 20 7 8 11
4 20 7 8 11
4 20 7 8 11
4 20 7 8 11
4 20 8 9 11
4 20 8 9 11
4 20 8 9 11
4 20 8 9 11
4 20 8 9 11
4 20 8 9 11
4 20 8 9 11
4 20 8 9 11
4 20 8 9 11
4 20 8 9 11
4 20 8 9 11
4 20 8 9 11
4 20 8 9 11
4 20 8 9 11
4 20 8 9 11
4 20 8 9 11
4 20 8 9 11
4 20 8 9 11
4 20 8 9 11
4 20 9 10 11
4 20 10 11 11
4 20 10 11 11
4 20 10 11 11
4 20 10 11 11
4 20 11 12 11
4 20 11 12 11
4 20 11 12 11
4 20 11 12 11
4 20 12 13 11
4 20 12 13 11
4 20 12 13 11
4 20 12 13 11
4 20 12 13 11
4 20 12 13 11
4 20 12 13 11
4 20 15 16 11
4 20 15 16 11
4 20 15 16 11
4 20 15 16 11
4 20 15 16 11
4 20 15 16 11
4 20 15 16 11
4 20 15 16 11
4 20 15 16 11
4 20 15 16 11
4 20 15 16 11
4 20 15 16 11
4 20 15 16 11
4 20 15 16 11
4 20 18 19 11
4 20 18 19 11
5 23 1 1.01 4
5 23 1 1.01 4
5 23 1 1.01 4
5 23 1 1.01 4
5 23 1 1.01 4
5 23 1 1.01 4
5 23 1 1.01 4
5 23 1 1.01 4
5 23 1 1.01 4
5 23 1 1.01 4
5 23 1 1.01 4
5 23 1 1.01 4
5 23 1 1.01 4
5 23 1 1.01 4
5 23 1 1.01 4
5 23 1 1.01 4
5 23 1 1.01 4
5 23 1 1.01 4
5 23 1 1.01 4
5 23 1 1.01 4
5 23 1 1.01 4
5 23 1 1.01 4
5 23 1 1.01 4
5 23 1 1.01 4
5 23 1 1.01 4
5 23 1 1.01 4
5 23 1 1.01 4
5 23 1 1.01 4
5 23 1 1.01 4
5 23 1 1.01 4
5 23 1 1.01 4
5 23 1 1.01 4
5 23 1 1.01 4
5 23 1 1.01 4
5 23 1 1.01 4
5 23 1 1.01 4
5 23 1 1.01 4
5 23 1 1.01 4
5 23 1 1.01 4
5 23 1 1.01 4
5 23 1 1.01 4
5 23 1 1.01 4
5 23 1 1.01 4
5 23 1 1.01 4
5 23 1 1.01 4
5 23 1 1.01 4
5 23 1 2 4
5 23 1 2 4
5 23 1 2 4
5 23 1 2 4
5 23 1 2 4
5 23 1 2 4
5 23 1 2 4
5 23 1 2 4
5 23 1 2 4
5 23 1 2 4
5 23 1 2 4
5 23 1 2 4
5 23 1 2 4
5 23 1 2 4
5 23 1 2 4
5 23 1 2 4
5 23 1 2 4
5 23 1 2 4
5 23 1 2 4
5 23 1 2 4
5 23 1 2 4
5 23 1 2 4
5 23 1 2 4
5 23 1 2 4
5 23 1 2 4
5 23 1 2 4
5 23 1 2 4
5 23 1 2 4
5 23 1 2 4
5 23 1 2 4
5 23 1 2 4
5 23 1 2 4
5 23 2 3 4
5 23 2 3 4
5 23 2 3 4
5 23 2 3 4
5 23 2 3 4
5 23 2 3 4
5 23 2 3 4
5 23 2 3 4
5 23 2 3 4
5 23 2 3 4
5 23 2 3 4
5 23 2 3 4
5 23 2 3 4
5 23 2 3 4
5 23 2 3 4
5 23 2 3 4
5 23 2 3 4
5 23 2 3 4
5 23 2 3 4
5 23 2 3 4
5 23 2 3 4
5 23 2 3 4
5 23 2 3 4
5 23 2 3 4
5 23 2 3 4
5 23 2 3 4
5 23 2 3 4
5 23 2 3 4
5 23 2 3 4
5 23 2 3 4
5 23 2 3 4
5 23 2 3 4
5 23 2 3 4
5 23 2 3 4
5 23 2 3 4
5 23 2 3 4
5 23 2 3 4
5 23 2 3 4
5 23 2 3 4
5 23 2 3 4
5 23 2 3 4
5 23 2 3 4
5 23 2 3 4
5 23 2 3 4
5 23 2 3 4
5 23 3 4 4
5 23 3 4 4
5 23 3 4 4
5 23 3 4 4
5 23 3 4 4
5 23 3 4 4
5 23 3 4 4
5 23 3 4 4
5 23 3 4 4
5 23 3 4 4
5 23 3 4 4
5 23 3 4 4
5 23 3 4 4
5 23 3 4 4
5 23 3 4 4
5 23 3 4 4
5 23 3 4 4
5 23 3 4 4
5 23 3 4 4
5 23 3 4 4
5 23 3 4 4
5 23 4 5 4
5 23 4 5 4
5 23 4 5 4
5 23 4 5 4
5 23 4 5 4
5 23 4 5 4
5 23 4 5 4
5 23 4 5 4
5 23 4 5 4
5 23 4 5 4
5 23 4 5 4
5 23 4 5 4
5 23 4 5 4
5 23 4 5 4
5 23 4 5 4
5 23 4 5 4
5 23 4 5 4
5 23 4 5 4
5 23 4 5 4
5 23 4 5 4
5 23 4 5 4
5 23 4 5 4
5 23 4 5 4
5 23 4 5 4
5 23 4 5 4
5 23 4 5 4
5 23 4 5 4
5 23 4 5 4
5 23 5 6 4
5 23 5 6 4
5 23 5 6 4
5 23 5 6 4
5 23 5 6 4
5 23 5 6 4
5 23 5 6 4
5 23 5 6 4
5 23 5 6 4
5 23 5 6 4
5 23 5 6 4
5 23 6 7 4
5 23 6 7 4
5 23 6 7 4
5 23 6 7 4
5 23 6 7 4
5 23 7 8 4
5 23 7 8 4
5 23 7 8 4
5 23 7 8 4
5 23 7 8 4
5 23 7 8 4
5 23 7 8 4
5 23 7 8 4
5 23 8 9 4
5 23 8 9 4
5 23 8 9 4
5 23 8 9 4
5 23 8 9 4
5 23 8 9 4
5 23 9 10 4
5 23 9 10 4
5 23 9 10 4
5 23 9 10 4
5 23 9 10 4
5 23 10 11 4
5 23 13 14 4
5 23 13 14 4
5 23 14 15 4
5 23 15 16 4
5 23 1 1.01 4
5 23 1 1.01 4
5 23 1 1.01 4
5 23 1 1.01 4
5 23 1 1.01 4
5 23 1 1.01 4
5 23 1 1.01 4
5 23 1 1.01 4
5 23 1 1.01 4
5 23 1 1.01 4
5 23 1 1.01 4
5 23 1 1.01 4
5 23 1 1.01 4
5 23 1 1.01 4
5 23 1 1.01 4
5 23 1 1.01 4
5 23 1 1.01 4
5 23 1 1.01 4
5 23 1 1.01 4
5 23 1 1.01 4
5 23 1 1.01 4
5 23 1 1.01 4
5 23 1 1.01 4
5 23 1 1.01 4
5 23 1 1.01 4
5 23 1 1.01 4
5 23 1 1.01 4
5 23 1 1.01 4
5 23 1 1.01 4
5 23 1 1.01 4
5 23 1 1.01 4
5 23 1 1.01 4
5 23 1 1.01 4
5 23 1 1.01 4
5 23 1 1.01 4
5 23 1 1.01 4
5 23 1 2 4
5 23 1 2 4
5 23 1 2 4
5 23 1 2 4
5 23 1 2 4
5 23 1 2 4
5 23 1 2 4
5 23 1 2 4
5 23 1 2 4
5 23 1 2 4
5 23 1 2 4
5 23 1 2 4
5 23 1 2 4
5 23 1 2 4
5 23 1 2 4
5 23 1 2 4
5 23 1 2 4
5 23 1 2 4
5 23 1 2 4
5 23 1 2 4
5 23 1 2 4
5 23 1 2 4
5 23 1 2 4
5 23 1 2 4
5 23 1 2 4
5 23 1 2 4
5 23 1 2 4
5 23 1 2 4
5 23 1 2 4
5 23 1 2 4
5 23 1 2 4
5 23 1 2 4
5 23 1 2 4
5 23 1 2 4
5 23 1 2 4
5 23 1 2 4
5 23 1 2 4
5 23 2 3 4
5 23 2 3 4
5 23 2 3 4
5 23 2 3 4
5 23 2 3 4
5 23 2 3 4
5 23 2 3 4
5 23 2 3 4
5 23 2 3 4
5 23 2 3 4
5 23 2 3 4
5 23 2 3 4
5 23 2 3 4
5 23 2 3 4
5 23 2 3 4
5 23 2 3 4
5 23 2 3 4
5 23 2 3 4
5 23 2 3 4
5 23 3 4 4
5 23 3 4 4
5 23 3 4 4
5 23 3 4 4
5 23 3 4 4
5 23 3 4 4
5 23 3 4 4
5 23 3 4 4
5 23 3 4 4
5 23 3 4 4
5 23 3 4 4
5 23 3 4 4
5 23 3 4 4
5 23 3 4 4
5 23 4 5 4
5 23 4 5 4
5 23 4 5 4
5 23 4 5 4
5 23 4 5 4
5 23 4 5 4
5 23 4 5 4
5 23 4 5 4
5 23 4 5 4
5 23 4 5 4
5 23 4 5 4
5 23 4 5 4
5 23 4 5 4
5 23 4 5 4
5 23 4 5 4
5 23 4 5 4
5 23 4 5 4
5 23 4 5 4
5 23 4 5 4
5 23 4 5 4
5 23 4 5 4
5 23 4 5 4
5 23 4 5 4
5 23 4 5 4
5 23 4 5 4
5 23 4 5 4
5 23 4 5 4
5 23 4 5 4
5 23 5 6 4
5 23 5 6 4
5 23 5 6 4
5 23 5 6 4
5 23 5 6 4
5 23 5 6 4
5 23 5 6 4
5 23 5 6 4
5 23 6 7 4
5 23 6 7 4
5 23 6 7 4
5 23 6 7 4
5 23 6 7 4
5 23 6 7 4
5 23 6 7 4
5 23 6 7 4
5 23 7 8 4
5 23 7 8 4
5 23 7 8 4
5 23 7 8 4
5 23 8 9 4
5 23 8 9 4
5 23 8 9 4
5 23 8 9 4
5 23 8 9 4
5 23 9 10 4
5 23 10 11 4
5 23 1 1.01 4
5 23 1 1.01 4
5 23 1 1.01 4
5 23 1 1.01 4
5 23 1 1.01 4
5 23 1 1.01 4
5 23 1 1.01 4
5 23 1 1.01 4
5 23 1 1.01 4
5 23 1 1.01 4
5 23 1 1.01 4
5 23 1 2 4
5 23 1 2 4
5 23 1 2 4
5 23 1 2 4
5 23 1 2 4
5 23 1 2 4
5 23 1 2 4
5 23 1 2 4
5 23 1 2 4
5 23 1 2 4
5 23 1 2 4
5 23 1 2 4
5 23 1 2 4
5 23 1 2 4
5 23 1 2 4
5 23 1 2 4
5 23 1 2 4
5 23 1 2 4
5 23 1 2 4
5 23 1 2 4
5 23 1 2 4
5 23 1 2 4
5 23 1 2 4
5 23 1 2 4
5 23 1 2 4
5 23 1 2 4
5 23 1 2 4
5 23 1 2 4
5 23 1 2 4
5 23 1 2 4
5 23 1 2 4
5 23 1 2 4
5 23 1 2 4
5 23 1 2 4
5 23 1 2 4
5 23 1 2 4
5 23 1 2 4
5 23 1 2 4
5 23 1 2 4
5 23 1 2 4
5 23 1 2 4
5 23 1 2 4
5 23 1 2 4
5 23 1 2 4
5 23 1 2 4
5 23 1 2 4
5 23 1 2 4
5 23 1 2 4
5 23 1 2 4
5 23 1 2 4
5 23 1 2 4
5 23 1 2 4
5 23 1 2 4
5 23 1 2 4
5 23 1 2 4
5 23 1 2 4
5 23 2 3 4
5 23 2 3 4
5 23 2 3 4
5 23 3 4 4
5 23 3 4 4
5 23 3 4 4
5 23 3 4 4
5 23 3 4 4
5 23 3 4 4
5 23 3 4 4
5 23 3 4 4
5 23 3 4 4
5 23 3 4 4
5 23 3 4 4
5 23 3 4 4
5 23 3 4 4
5 23 3 4 4
5 23 3 4 4
5 23 3 4 4
5 23 3 4 4
5 23 3 4 4
5 23 3 4 4
5 23 3 4 4
5 23 3 4 4
5 23 4 5 4
5 23 4 5 4
5 23 4 5 4
5 23 4 5 4
5 23 4 5 4
5 23 4 5 4
5 23 4 5 4
5 23 4 5 4
5 23 4 5 4
5 23 4 5 4
5 23 4 5 4
5 23 4 5 4
5 23 4 5 4
5 23 4 5 4
5 23 4 5 4
5 23 4 5 4
5 23 4 5 4
5 23 4 5 4
5 23 4 5 4
5 23 4 5 4
5 23 4 5 4
5 23 4 5 4
5 23 4 5 4
5 23 4 5 4
5 23 4 5 4
5 23 4 5 4
5 23 4 5 4
5 23 4 5 4
5 23 5 6 4
5 23 5 6 4
5 23 5 6 4
5 23 5 6 4
5 23 5 6 4
5 23 5 6 4
5 23 5 6 4
5 23 5 6 4
5 23 5 6 4
5 23 5 6 4
5 23 5 6 4
5 23 5 6 4
5 23 5 6 4
5 23 5 6 4
5 23 5 6 4
5 23 5 6 4
5 23 5 6 4
5 23 5 6 4
5 23 5 6 4
5 23 5 6 4
5 23 5 6 4
5 23 5 6 4
5 23 5 6 4
5 23 5 6 4
5 23 5 6 4
5 23 5 6 4
5 23 6 7 4
5 23 6 7 4
5 23 6 7 4
5 23 6 7 4
5 23 6 7 4
5 23 6 7 4
5 23 6 7 4
5 23 6 7 4
5 23 6 7 4
5 23 6 7 4
5 23 6 7 4
5 23 6 7 4
5 23 6 7 4
5 23 6 7 4
5 23 6 7 4
5 23 6 7 4
5 23 6 7 4
5 23 6 7 4
5 23 6 7 4
5 23 7 8 4
5 23 7 8 4
5 23 7 8 4
5 23 7 8 4
5 23 7 8 4
5 23 7 8 4
5 23 7 8 4
5 23 7 8 4
5 23 7 8 4
5 23 8 9 4
5 23 8 9 4
5 23 8 9 4
5 23 8 9 4
5 23 9 10 4
5 23 9 10 4
5 23 9 10 4
5 23 1 1.01 4
5 23 1 1.01 4
5 23 1 1.01 4
5 23 1 1.01 4
5 23 1 1.01 4
5 23 1 1.01 4
5 23 1 1.01 4
5 23 1 1.01 4
5 23 1 1.01 4
5 23 1 1.01 4
5 23 1 1.01 4
5 23 1 1.01 4
5 23 1 1.01 4
5 23 1 1.01 4
5 23 1 1.01 4
5 23 1 1.01 4
5 23 1 1.01 4
5 23 1 1.01 4
5 23 1 1.01 4
5 23 1 1.01 4
5 23 1 1.01 4
5 23 1 1.01 4
5 23 1 1.01 4
5 23 1 1.01 4
5 23 1 1.01 4
5 23 1 1.01 4
5 23 1 1.01 4
5 23 1 1.01 4
5 23 1 2 4
5 23 1 2 4
5 23 1 2 4
5 23 1 2 4
5 23 1 2 4
5 23 1 2 4
5 23 1 2 4
5 23 1 2 4
5 23 1 2 4
5 23 1 2 4
5 23 1 2 4
5 23 1 2 4
5 23 1 2 4
5 23 1 2 4
5 23 1 2 4
5 23 1 2 4
5 23 1 2 4
5 23 1 2 4
5 23 1 2 4
5 23 1 2 4
5 23 1 2 4
5 23 1 2 4
5 23 1 2 4
5 23 1 2 4
5 23 1 2 4
5 23 1 2 4
5 23 1 2 4
5 23 1 2 4
5 23 1 2 4
5 23 1 2 4
5 23 1 2 4
5 23 1 2 4
5 23 1 2 4
5 23 1 2 4
5 23 1 2 4
5 23 1 2 4
5 23 1 2 4
5 23 1 2 4
5 23 1 2 4
5 23 1 2 4
5 23 1 2 4
5 23 1 2 4
5 23 1 2 4
5 23 1 2 4
5 23 1 2 4
5 23 1 2 4
5 23 1 2 4
5 23 1 2 4
5 23 1 2 4
5 23 2 3 4
5 23 2 3 4
5 23 2 3 4
5 23 2 3 4
5 23 2 3 4
5 23 2 3 4
5 23 2 3 4
5 23 2 3 4
5 23 2 3 4
5 23 3 4 4
5 23 3 4 4
5 23 3 4 4
5 23 3 4 4
5 23 3 4 4
5 23 3 4 4
5 23 3 4 4
5 23 3 4 4
5 23 3 4 4
5 23 3 4 4
5 23 3 4 4
5 23 3 4 4
5 23 3 4 4
5 23 3 4 4
5 23 3 4 4
5 23 3 4 4
5 23 3 4 4
5 23 3 4 4
5 23 3 4 4
5 23 3 4 4
5 23 3 4 4
5 23 3 4 4
5 23 3 4 4
5 23 3 4 4
5 23 4 5 4
5 23 4 5 4
5 23 4 5 4
5 23 4 5 4
5 23 4 5 4
5 23 4 5 4
5 23 4 5 4
5 23 4 5 4
5 23 4 5 4
5 23 4 5 4
5 23 4 5 4
5 23 4 5 4
5 23 4 5 4
5 23 4 5 4
5 23 4 5 4
5 23 4 5 4
5 23 4 5 4
5 23 4 5 4
5 23 4 5 4
5 23 4 5 4
5 23 4 5 4
5 23 4 5 4
5 23 4 5 4
5 23 4 5 4
5 23 4 5 4
5 23 4 5 4
5 23 4 5 4
5 23 4 5 4
5 23 4 5 4
5 23 4 5 4
5 23 5 6 4
5 23 5 6 4
5 23 5 6 4
5 23 5 6 4
5 23 5 6 4
5 23 5 6 4
5 23 5 6 4
5 23 5 6 4
5 23 5 6 4
5 23 5 6 4
5 23 5 6 4
5 23 5 6 4
5 23 5 6 4
5 23 5 6 4
5 23 6 7 4
5 23 6 7 4
5 23 6 7 4
5 23 6 7 4
5 23 6 7 4
5 23 6 7 4
5 23 6 7 4
5 23 6 7 4
5 23 6 7 4
5 23 6 7 4
5 23 6 7 4
5 23 6 7 4
5 23 6 7 4
5 23 6 7 4
5 23 6 7 4
5 23 6 7 4
5 23 6 7 4
5 23 6 7 4
5 23 7 8 4
5 23 7 8 4
5 23 7 8 4
5 23 7 8 4
5 23 8 9 4
6 26.2 1 2 8
6 26.2 1 2 8
6 26.2 1 2 8
6 26.2 1 2 8
6 26.2 1 2 8
6 26.2 1 2 8
6 26.2 1 2 8
6 26.2 1 2 8
6 26.2 1 2 8
6 26.2 1 2 8
6 26.2 1 2 8
6 26.2 1 2 8
6 26.2 1 2 8
6 26.2 1 2 8
6 26.2 1 2 8
6 26.2 1 2 8
6 26.2 1 2 8
6 26.2 1 2 8
6 26.2 1 2 8
6 26.2 1 2 8
6 26.2 1 2 8
6 26.2 1 2 8
6 26.2 1 2 8
6 26.2 1 2 8
6 26.2 1 2 8
6 26.2 1 2 8
6 26.2 1 2 8
6 26.2 1 2 8
6 26.2 1 2 8
6 26.2 1 2 8
6 26.2 1 2 8
6 26.2 1 2 8
6 26.2 1 2 8
6 26.2 1 2 8
6 26.2 1 2 8
6 26.2 1 2 8
6 26.2 1 2 8
6 26.2 1 2 8
6 26.2 1 2 8
6 26.2 1 2 8
6 26.2 1 2 8
6 26.2 1 2 8
6 26.2 1 2 8
6 26.2 1 2 8
6 26.2 1 2 8
6 26.2 1 2 8
6 26.2 1 2 8
6 26.2 1 2 8
6 26.2 1 2 8
6 26.2 1 2 8
6 26.2 1 2 8
6 26.2 1 2 8
6 26.2 1 2 8
6 26.2 1 2 8
6 26.2 1 2 8
6 26.2 1 2 8
6 26.2 1 2 8
6 26.2 1 2 8
6 26.2 3 4 8
6 26.2 3 4 8
6 26.2 3 4 8
6 26.2 3 4 8
6 26.2 3 4 8
6 26.2 3 4 8
6 26.2 3 4 8
6 26.2 3 4 8
6 26.2 3 4 8
6 26.2 3 4 8
6 26.2 3 4 8
6 26.2 3 4 8
6 26.2 3 4 8
6 26.2 3 4 8
6 26.2 3 4 8
6 26.2 3 4 8
6 26.2 3 4 8
6 26.2 3 4 8
6 26.2 3 4 8
6 26.2 3 4 8
6 26.2 3 4 8
6 26.2 3 4 8
6 26.2 3 4 8
6 26.2 3 4 8
6 26.2 3 4 8
6 26.2 3 4 8
6 26.2 3 4 8
6 26.2 3 4 8
6 26.2 3 4 8
6 26.2 3 4 8
6 26.2 3 4 8
6 26.2 3 4 8
6 26.2 3 4 8
6 26.2 3 4 8
6 26.2 3 4 8
6 26.2 3 4 8
6 26.2 3 4 8
6 26.2 3 4 8
6 26.2 3 4 8
6 26.2 3 4 8
6 26.2 3 4 8
6 26.2 3 4 8
6 26.2 3 4 8
6 26.2 3 4 8
6 26.2 3 4 8
6 26.2 3 4 8
6 26.2 3 4 8
6 26.2 3 4 8
6 26.2 3 4 8
6 26.2 3 4 8
6 26.2 3 4 8
6 26.2 3 4 8
6 26.2 3 4 8
6 26.2 3 4 8
6 26.2 3 4 8
6 26.2 3 4 8
6 26.2 3 4 8
6 26.2 3 4 8
6 26.2 3 4 8
6 26.2 3 4 8
6 26.2 4 5 8
6 26.2 4 5 8
6 26.2 4 5 8
6 26.2 4 5 8
6 26.2 4 5 8
6 26.2 4 5 8
6 26.2 4 5 8
6 26.2 4 5 8
6 26.2 4 5 8
6 26.2 4 5 8
6 26.2 4 5 8
6 26.2 4 5 8
6 26.2 4 5 8
6 26.2 4 5 8
6 26.2 4 5 8
6 26.2 4 5 8
6 26.2 5 6 8
6 26.2 5 6 8
6 26.2 5 6 8
6 26.2 5 6 8
6 26.2 5 6 8
6 26.2 5 6 8
6 26.2 5 6 8
6 26.2 5 6 8
6 26.2 5 6 8
6 26.2 5 6 8
6 26.2 5 6 8
6 26.2 5 6 8
6 26.2 5 6 8
6 26.2 5 6 8
6 26.2 5 6 8
6 26.2 5 6 8
6 26.2 5 6 8
6 26.2 5 6 8
6 26.2 5 6 8
6 26.2 5 6 8
6 26.2 5 6 8
6 26.2 5 6 8
6 26.2 5 6 8
6 26.2 5 6 8
6 26.2 6 7 8
6 26.2 6 7 8
6 26.2 6 7 8
6 26.2 6 7 8
6 26.2 6 7 8
6 26.2 6 7 8
6 26.2 6 7 8
6 26.2 7 8 8
6 26.2 7 8 8
6 26.2 7 8 8
6 26.2 7 8 8
6 26.2 7 8 8
6 26.2 7 8 8
6 26.2 7 8 8
6 26.2 7 8 8
6 26.2 7 8 8
6 26.2 7 8 8
6 26.2 7 8 8
6 26.2 7 8 8
6 26.2 9 10 8
6 26.2 9 10 8
6 26.2 9 10 8
6 26.2 9 10 8
6 26.2 9 10 8
6 26.2 10 11 8
6 26.2 10 11 8
6 26.2 13 14 8
6 26.2 13 14 8
6 26.2 16 17 8
6 26.2 16 17 8
6 26.2 16 17 8
6 26.2 16 17 8
6 26.2 1 2 8
6 26.2 1 2 8
6 26.2 1 2 8
6 26.2 1 2 8
6 26.2 1 2 8
6 26.2 1 2 8
6 26.2 1 2 8
6 26.2 1 2 8
6 26.2 1 2 8
6 26.2 1 2 8
6 26.2 1 2 8
6 26.2 1 2 8
6 26.2 1 2 8
6 26.2 1 2 8
6 26.2 1 2 8
6 26.2 1 2 8
6 26.2 1 2 8
6 26.2 1 2 8
6 26.2 1 2 8
6 26.2 1 2 8
6 26.2 1 2 8
6 26.2 1 2 8
6 26.2 3 4 8
6 26.2 3 4 8
6 26.2 3 4 8
6 26.2 3 4 8
6 26.2 3 4 8
6 26.2 3 4 8
6 26.2 3 4 8
6 26.2 3 4 8
6 26.2 3 4 8
6 26.2 3 4 8
6 26.2 3 4 8
6 26.2 3 4 8
6 26.2 3 4 8
6 26.2 3 4 8
6 26.2 3 4 8
6 26.2 3 4 8
6 26.2 3 4 8
6 26.2 3 4 8
6 26.2 3 4 8
6 26.2 3 4 8
6 26.2 3 4 8
6 26.2 3 4 8
6 26.2 3 4 8
6 26.2 3 4 8
6 26.2 3 4 8
6 26.2 3 4 8
6 26.2 3 4 8
6 26.2 3 4 8
6 26.2 3 4 8
6 26.2 3 4 8
6 26.2 3 4 8
6 26.2 3 4 8
6 26.2 3 4 8
6 26.2 3 4 8
6 26.2 3 4 8
6 26.2 3 4 8
6 26.2 3 4 8
6 26.2 3 4 8
6 26.2 3 4 8
6 26.2 3 4 8
6 26.2 3 4 8
6 26.2 3 4 8
6 26.2 3 4 8
6 26.2 3 4 8
6 26.2 3 4 8
6 26.2 3 4 8
6 26.2 3 4 8
6 26.2 3 4 8
6 26.2 3 4 8
6 26.2 4 5 8
6 26.2 4 5 8
6 26.2 4 5 8
6 26.2 4 5 8
6 26.2 4 5 8
6 26.2 4 5 8
6 26.2 4 5 8
6 26.2 4 5 8
6 26.2 4 5 8
6 26.2 4 5 8
6 26.2 4 5 8
6 26.2 4 5 8
6 26.2 4 5 8
6 26.2 4 5 8
6 26.2 5 6 8
6 26.2 5 6 8
6 26.2 5 6 8
6 26.2 5 6 8
6 26.2 5 6 8
6 26.2 5 6 8
6 26.2 5 6 8
6 26.2 5 6 8
6 26.2 5 6 8
6 26.2 5 6 8
6 26.2 5 6 8
6 26.2 5 6 8
6 26.2 5 6 8
6 26.2 5 6 8
6 26.2 5 6 8
6 26.2 5 6 8
6 26.2 5 6 8
6 26.2 5 6 8
6 26.2 5 6 8
6 26.2 5 6 8
6 26.2 5 6 8
6 26.2 5 6 8
6 26.2 5 6 8
6 26.2 5 6 8
6 26.2 6 7 8
6 26.2 6 7 8
6 26.2 6 7 8
6 26.2 6 7 8
6 26.2 6 7 8
6 26.2 6 7 8
6 26.2 6 7 8
6 26.2 6 7 8
6 26.2 6 7 8
6 26.2 6 7 8
6 26.2 6 7 8
6 26.2 6 7 8
6 26.2 6 7 8
6 26.2 7 8 8
6 26.2 7 8 8
6 26.2 7 8 8
6 26.2 7 8 8
6 26.2 7 8 8
6 26.2 7 8 8
6 26.2 7 8 8
6 26.2 7 8 8
6 26.2 7 8 8
6 26.2 7 8 8
6 26.2 7 8 8
6 26.2 7 8 8
6 26.2 9 10 8
6 26.2 9 10 8
6 26.2 16 17 8
6 26.2 16 17 8
6 26.2 1 2 8
6 26.2 1 2 8
6 26.2 1 2 8
6 26.2 1 2 8
6 26.2 1 2 8
6 26.2 1 2 8
6 26.2 1 2 8
6 26.2 1 2 8
6 26.2 1 2 8
6 26.2 1 2 8
6 26.2 1 2 8
6 26.2 1 2 8
6 26.2 1 2 8
6 26.2 1 2 8
6 26.2 1 2 8
6 26.2 1 2 8
6 26.2 1 2 8
6 26.2 1 2 8
6 26.2 1 2 8
6 26.2 1 2 8
6 26.2 1 2 8
6 26.2 1 2 8
6 26.2 1 2 8
6 26.2 1 2 8
6 26.2 1 2 8
6 26.2 1 2 8
6 26.2 1 2 8
6 26.2 1 2 8
6 26.2 1 2 8
6 26.2 1 2 8
6 26.2 1 2 8
6 26.2 1 2 8
6 26.2 1 2 8
6 26.2 1 2 8
6 26.2 1 2 8
6 26.2 1 2 8
6 26.2 1 2 8
6 26.2 1 2 8
6 26.2 1 2 8
6 26.2 1 2 8
6 26.2 1 2 8
6 26.2 1 2 8
6 26.2 1 2 8
6 26.2 1 2 8
6 26.2 1 2 8
6 26.2 1 2 8
6 26.2 1 2 8
6 26.2 1 2 8
6 26.2 1 2 8
6 26.2 1 2 8
6 26.2 1 2 8
6 26.2 1 2 8
6 26.2 1 2 8
6 26.2 1 2 8
6 26.2 1 2 8
6 26.2 1 2 8
6 26.2 1 2 8
6 26.2 1 2 8
6 26.2 1 2 8
6 26.2 1 2 8
6 26.2 1 2 8
6 26.2 1 2 8
6 26.2 1 2 8
6 26.2 1 2 8
6 26.2 1 2 8
6 26.2 1 2 8
6 26.2 1 2 8
6 26.2 1 2 8
6 26.2 1 2 8
6 26.2 1 2 8
6 26.2 1 2 8
6 26.2 1 2 8
6 26.2 1 2 8
6 26.2 1 2 8
6 26.2 1 2 8
6 26.2 1 2 8
6 26.2 1 2 8
6 26.2 1 2 8
6 26.2 1 2 8
6 26.2 1 2 8
6 26.2 3 4 8
6 26.2 3 4 8
6 26.2 3 4 8
6 26.2 3 4 8
6 26.2 3 4 8
6 26.2 3 4 8
6 26.2 3 4 8
6 26.2 3 4 8
6 26.2 3 4 8
6 26.2 3 4 8
6 26.2 3 4 8
6 26.2 3 4 8
6 26.2 3 4 8
6 26.2 3 4 8
6 26.2 3 4 8
6 26.2 3 4 8
6 26.2 3 4 8
6 26.2 3 4 8
6 26.2 3 4 8
6 26.2 3 4 8
6 26.2 3 4 8
6 26.2 3 4 8
6 26.2 3 4 8
6 26.2 3 4 8
6 26.2 3 4 8
6 26.2 3 4 8
6 26.2 3 4 8
6 26.2 3 4 8
6 26.2 3 4 8
6 26.2 3 4 8
6 26.2 3 4 8
6 26.2 3 4 8
6 26.2 3 4 8
6 26.2 3 4 8
6 26.2 3 4 8
6 26.2 3 4 8
6 26.2 3 4 8
6 26.2 3 4 8
6 26.2 3 4 8
6 26.2 3 4 8
6 26.2 3 4 8
6 26.2 3 4 8
6 26.2 3 4 8
6 26.2 3 4 8
6 26.2 3 4 8
6 26.2 3 4 8
6 26.2 3 4 8
6 26.2 3 4 8
6 26.2 3 4 8
6 26.2 3 4 8
6 26.2 4 5 8
6 26.2 4 5 8
6 26.2 4 5 8
6 26.2 4 5 8
6 26.2 4 5 8
6 26.2 4 5 8
6 26.2 4 5 8
6 26.2 4 5 8
6 26.2 5 6 8
6 26.2 5 6 8
6 26.2 5 6 8
6 26.2 5 6 8
6 26.2 5 6 8
6 26.2 5 6 8
6 26.2 5 6 8
6 26.2 6 7 8
6 26.2 6 7 8
6 26.2 6 7 8
6 26.2 6 7 8
6 26.2 6 7 8
6 26.2 6 7 8
6 26.2 6 7 8
6 26.2 7 8 8
6 26.2 7 8 8
6 26.2 7 8 8
6 26.2 7 8 8
6 26.2 7 8 8
6 26.2 7 8 8
6 26.2 7 8 8
6 26.2 9 10 8
6 26.2 9 10 8
6 26.2 9 10 8
6 26.2 9 10 8
6 26.2 9 10 8
6 26.2 9 10 8
6 26.2 9 10 8
6 26.2 10 11 8
6 26.2 1 2 8
6 26.2 1 2 8
6 26.2 1 2 8
6 26.2 1 2 8
6 26.2 1 2 8
6 26.2 1 2 8
6 26.2 1 2 8
6 26.2 1 2 8
6 26.2 1 2 8
6 26.2 1 2 8
6 26.2 1 2 8
6 26.2 1 2 8
6 26.2 1 2 8
6 26.2 1 2 8
6 26.2 1 2 8
6 26.2 1 2 8
6 26.2 1 2 8
6 26.2 1 2 8
6 26.2 1 2 8
6 26.2 1 2 8
6 26.2 1 2 8
6 26.2 1 2 8
6 26.2 1 2 8
6 26.2 1 2 8
6 26.2 1 2 8
6 26.2 1 2 8
6 26.2 1 2 8
6 26.2 1 2 8
6 26.2 1 2 8
6 26.2 1 2 8
6 26.2 1 2 8
6 26.2 1 2 8
6 26.2 1 2 8
6 26.2 1 2 8
6 26.2 1 2 8
6 26.2 3 4 8
6 26.2 3 4 8
6 26.2 3 4 8
6 26.2 3 4 8
6 26.2 3 4 8
6 26.2 3 4 8
6 26.2 3 4 8
6 26.2 3 4 8
6 26.2 3 4 8
6 26.2 3 4 8
6 26.2 3 4 8
6 26.2 3 4 8
6 26.2 3 4 8
6 26.2 3 4 8
6 26.2 3 4 8
6 26.2 3 4 8
6 26.2 3 4 8
6 26.2 3 4 8
6 26.2 3 4 8
6 26.2 3 4 8
6 26.2 3 4 8
6 26.2 3 4 8
6 26.2 3 4 8
6 26.2 3 4 8
6 26.2 3 4 8
6 26.2 3 4 8
6 26.2 3 4 8
6 26.2 3 4 8
6 26.2 3 4 8
6 26.2 3 4 8
6 26.2 3 4 8
6 26.2 3 4 8
6 26.2 3 4 8
6 26.2 3 4 8
6 26.2 3 4 8
6 26.2 3 4 8
6 26.2 3 4 8
6 26.2 3 4 8
6 26.2 3 4 8
6 26.2 3 4 8
6 26.2 4 5 8
6 26.2 4 5 8
6 26.2 4 5 8
6 26.2 4 5 8
6 26.2 4 5 8
6 26.2 5 6 8
6 26.2 5 6 8
6 26.2 5 6 8
6 26.2 5 6 8
6 26.2 5 6 8
6 26.2 5 6 8
6 26.2 6 7 8
6 26.2 7 8 8
6 26.2 7 8 8
6 26.2 7 8 8
6 26.2 7 8 8
6 26.2 7 8 8
6 26.2 7 8 8
6 26.2 7 8 8
6 26.2 7 8 8
6 26.2 7 8 8
6 26.2 7 8 8
6 26.2 7 8 8
6 26.2 7 8 8
6 26.2 7 8 8
6 26.2 7 8 8
6 26.2 7 8 8
6 26.2 11 12 8
6 26.2 11 12 8
6 26.2 11 12 8
6 26.2 11 12 8
6 26.2 11 12 8
6 26.2 11 12 8
6 26.2 11 12 8
6 26.2 11 12 8
6 26.2 11 12 8
6 26.2 11 12 8
6 26.2 11 12 8
6 26.2 11 12 8
6 26.2 11 12 8
6 26.2 11 12 8
6 26.2 11 12 8
6 26.2 11 12 8
6 26.2 11 12 8
6 26.2 1 1.01 8
6 26.2 1 1.01 8
6 26.2 1 1.01 8
6 26.2 1 1.01 8
6 26.2 1 1.01 8
6 26.2 1 1.01 8
6 26.2 1 1.01 8
6 26.2 1 1.01 8
6 26.2 1 1.01 8
6 26.2 1 1.01 8
6 26.2 1 1.01 8
6 26.2 1 1.01 8
6 26.2 1 1.01 8
6 26.2 1 1.01 8
6 26.2 1 1.01 8
6 26.2 1 1.01 8
6 26.2 1 1.01 8
6 26.2 1 1.01 8
6 26.2 1 1.01 8
6 26.2 1 1.01 8
6 26.2 3 4 8
6 26.2 3 4 8
6 26.2 3 4 8
6 26.2 3 4 8
6 26.2 3 4 8
6 26.2 3 4 8
6 26.2 3 4 8
6 26.2 3 4 8
6 26.2 3 4 8
6 26.2 3 4 8
6 26.2 3 4 8
6 26.2 3 4 8
6 26.2 3 4 8
6 26.2 3 4 8
6 26.2 3 4 8
6 26.2 3 4 8
6 26.2 3 4 8
6 26.2 3 4 8
6 26.2 3 4 8
6 26.2 3 4 8
6 26.2 3 4 8
6 26.2 3 4 8
6 26.2 3 4 8
6 26.2 3 4 8
6 26.2 3 4 8
6 26.2 3 4 8
6 26.2 3 4 8
6 26.2 3 4 8
6 26.2 3 4 8
6 26.2 3 4 8
6 26.2 3 4 8
6 26.2 3 4 8
6 26.2 3 4 8
6 26.2 3 4 8
6 26.2 3 4 8
6 26.2 3 4 8
6 26.2 3 4 8
6 26.2 3 4 8
6 26.2 3 4 8
6 26.2 3 4 8
6 26.2 3 4 8
6 26.2 3 4 8
6 26.2 3 4 8
6 26.2 3 4 8
6 26.2 3 4 8
6 26.2 3 4 8
6 26.2 3 4 8
6 26.2 3 4 8
6 26.2 3 4 8
6 26.2 3 4 8
6 26.2 3 4 8
6 26.2 3 4 8
6 26.2 3 4 8
6 26.2 3 4 8
6 26.2 3 4 8
6 26.2 3 4 8
6 26.2 3 4 8
6 26.2 3 4 8
6 26.2 3 4 8
6 26.2 3 4 8
6 26.2 3 4 8
6 26.2 3 4 8
6 26.2 3 4 8
6 26.2 3 4 8
6 26.2 3 4 8
6 26.2 3 4 8
6 26.2 3 4 8
6 26.2 5 6 8
6 26.2 5 6 8
6 26.2 5 6 8
6 26.2 5 6 8
6 26.2 5 6 8
6 26.2 5 6 8
6 26.2 5 6 8
6 26.2 5 6 8
6 26.2 5 6 8
6 26.2 5 6 8
6 26.2 5 6 8
6 26.2 5 6 8
6 26.2 5 6 8
6 26.2 5 6 8
6 26.2 5 6 8
6 26.2 5 6 8
6 26.2 5 6 8
6 26.2 5 6 8
6 26.2 6 7 8
6 26.2 6 7 8
6 26.2 6 7 8
6 26.2 6 7 8
6 26.2 6 7 8
6 26.2 6 7 8
6 26.2 6 7 8
6 26.2 6 7 8
6 26.2 6 7 8
6 26.2 6 7 8
6 26.2 6 7 8
6 26.2 6 7 8
6 26.2 6 7 8
6 26.2 6 7 8
6 26.2 6 7 8
6 26.2 6 7 8
6 26.2 6 7 8
6 26.2 9 10 8
6 26.2 9 10 8
6 26.2 9 10 8
6 26.2 9 10 8
6 26.2 9 10 8
6 26.2 9 10 8
6 26.2 9 10 8
6 26.2 11 12 8
6 26.2 11 12 8
6 26.2 11 12 8
6 26.2 11 12 8
6 26.2 11 12 8
6 26.2 12 13 8
6 26.2 1 1.01 8
6 26.2 1 1.01 8
6 26.2 1 1.01 8
6 26.2 1 1.01 8
6 26.2 1 1.01 8
6 26.2 1 1.01 8
6 26.2 1 1.01 8
6 26.2 1 1.01 8
6 26.2 1 1.01 8
6 26.2 1 1.01 8
6 26.2 1 1.01 8
6 26.2 1 1.01 8
6 26.2 1 1.01 8
6 26.2 1 1.01 8
6 26.2 1 1.01 8
6 26.2 1 1.01 8
6 26.2 1 1.01 8
6 26.2 1 1.01 8
6 26.2 1 1.01 8
6 26.2 1 1.01 8
6 26.2 1 1.01 8
6 26.2 1 1.01 8
6 26.2 1 1.01 8
6 26.2 1 1.01 8
6 26.2 1 1.01 8
6 26.2 1 1.01 8
6 26.2 1 1.01 8
6 26.2 1 1.01 8
6 26.2 1 1.01 8
6 26.2 1 1.01 8
6 26.2 1 1.01 8
6 26.2 1 1.01 8
6 26.2 1 1.01 8
6 26.2 1 1.01 8
6 26.2 3 4 8
6 26.2 3 4 8
6 26.2 3 4 8
6 26.2 3 4 8
6 26.2 3 4 8
6 26.2 3 4 8
6 26.2 3 4 8
6 26.2 3 4 8
6 26.2 3 4 8
6 26.2 3 4 8
6 26.2 3 4 8
6 26.2 3 4 8
6 26.2 3 4 8
6 26.2 3 4 8
6 26.2 3 4 8
6 26.2 3 4 8
6 26.2 3 4 8
6 26.2 3 4 8
6 26.2 3 4 8
6 26.2 3 4 8
6 26.2 3 4 8
6 26.2 3 4 8
6 26.2 3 4 8
6 26.2 3 4 8
6 26.2 3 4 8
6 26.2 3 4 8
6 26.2 3 4 8
6 26.2 3 4 8
6 26.2 3 4 8
6 26.2 3 4 8
6 26.2 3 4 8
6 26.2 3 4 8
6 26.2 3 4 8
6 26.2 3 4 8
6 26.2 3 4 8
6 26.2 3 4 8
6 26.2 3 4 8
6 26.2 3 4 8
6 26.2 3 4 8
6 26.2 3 4 8
6 26.2 3 4 8
6 26.2 3 4 8
6 26.2 3 4 8
6 26.2 3 4 8
6 26.2 3 4 8
6 26.2 3 4 8
6 26.2 3 4 8
6 26.2 3 4 8
6 26.2 3 4 8
6 26.2 3 4 8
6 26.2 3 4 8
6 26.2 3 4 8
6 26.2 3 4 8
6 26.2 3 4 8
6 26.2 3 4 8
6 26.2 3 4 8
6 26.2 3 4 8
6 26.2 3 4 8
6 26.2 3 4 8
6 26.2 3 4 8
6 26.2 3 4 8
6 26.2 3 4 8
6 26.2 3 4 8
6 26.2 3 4 8
6 26.2 3 4 8
6 26.2 3 4 8
6 26.2 3 4 8
6 26.2 3 4 8
6 26.2 3 4 8
6 26.2 3 4 8
6 26.2 3 4 8
6 26.2 3 4 8
6 26.2 3 4 8
6 26.2 3 4 8
6 26.2 3 4 8
6 26.2 3 4 8
6 26.2 3 4 8
6 26.2 3 4 8
6 26.2 3 4 8
6 26.2 3 4 8
6 26.2 3 4 8
6 26.2 3 4 8
6 26.2 4 5 8
6 26.2 4 5 8
6 26.2 4 5 8
6 26.2 4 5 8
6 26.2 4 5 8
6 26.2 5 6 8
6 26.2 5 6 8
6 26.2 5 6 8
6 26.2 5 6 8
6 26.2 5 6 8
6 26.2 5 6 8
6 26.2 5 6 8
6 26.2 5 6 8
6 26.2 5 6 8
6 26.2 5 6 8
6 26.2 5 6 8
6 26.2 5 6 8
6 26.2 5 6 8
6 26.2 5 6 8
6 26.2 5 6 8
6 26.2 5 6 8
6 26.2 5 6 8
6 26.2 5 6 8
6 26.2 5 6 8
6 26.2 5 6 8
6 26.2 5 6 8
6 26.2 5 6 8
6 26.2 5 6 8
6 26.2 5 6 8
6 26.2 5 6 8
6 26.2 5 6 8
6 26.2 5 6 8
6 26.2 5 6 8
6 26.2 5 6 8
6 26.2 5 6 8
6 26.2 5 6 8
6 26.2 5 6 8
6 26.2 5 6 8
6 26.2 6 7 8
6 26.2 6 7 8
6 26.2 6 7 8
6 26.2 6 7 8
6 26.2 6 7 8
6 26.2 6 7 8
6 26.2 6 7 8
6 26.2 6 7 8
6 26.2 6 7 8
6 26.2 6 7 8
6 26.2 6 7 8
6 26.2 6 7 8
6 26.2 6 7 8
6 26.2 6 7 8
6 26.2 16 17 8
6 26.2 1 1.01 8
6 26.2 1 1.01 8
6 26.2 1 1.01 8
6 26.2 1 1.01 8
6 26.2 1 1.01 8
6 26.2 1 1.01 8
6 26.2 1 1.01 8
6 26.2 1 1.01 8
6 26.2 1 1.01 8
6 26.2 1 1.01 8
6 26.2 1 1.01 8
6 26.2 1 1.01 8
6 26.2 1 1.01 8
6 26.2 1 1.01 8
6 26.2 1 1.01 8
6 26.2 1 1.01 8
6 26.2 1 1.01 8
6 26.2 1 1.01 8
6 26.2 1 1.01 8
6 26.2 1 1.01 8
6 26.2 1 1.01 8
6 26.2 1 1.01 8
6 26.2 3 4 8
6 26.2 3 4 8
6 26.2 3 4 8
6 26.2 3 4 8
6 26.2 3 4 8
6 26.2 3 4 8
6 26.2 3 4 8
6 26.2 3 4 8
6 26.2 3 4 8
6 26.2 3 4 8
6 26.2 3 4 8
6 26.2 3 4 8
6 26.2 3 4 8
6 26.2 3 4 8
6 26.2 3 4 8
6 26.2 3 4 8
6 26.2 3 4 8
6 26.2 3 4 8
6 26.2 3 4 8
6 26.2 3 4 8
6 26.2 3 4 8
6 26.2 3 4 8
6 26.2 3 4 8
6 26.2 3 4 8
6 26.2 3 4 8
6 26.2 3 4 8
6 26.2 3 4 8
6 26.2 3 4 8
6 26.2 3 4 8
6 26.2 3 4 8
6 26.2 3 4 8
6 26.2 3 4 8
6 26.2 3 4 8
6 26.2 3 4 8
6 26.2 3 4 8
6 26.2 3 4 8
6 26.2 3 4 8
6 26.2 3 4 8
6 26.2 3 4 8
6 26.2 3 4 8
6 26.2 3 4 8
6 26.2 3 4 8
6 26.2 3 4 8
6 26.2 3 4 8
6 26.2 3 4 8
6 26.2 3 4 8
6 26.2 3 4 8
6 26.2 3 4 8
6 26.2 3 4 8
6 26.2 3 4 8
6 26.2 3 4 8
6 26.2 3 4 8
6 26.2 3 4 8
6 26.2 3 4 8
6 26.2 3 4 8
6 26.2 3 4 8
6 26.2 3 4 8
6 26.2 3 4 8
6 26.2 3 4 8
6 26.2 3 4 8
6 26.2 3 4 8
6 26.2 3 4 8
6 26.2 3 4 8
6 26.2 3 4 8
6 26.2 3 4 8
6 26.2 3 4 8
6 26.2 3 4 8
6 26.2 3 4 8
6 26.2 3 4 8
6 26.2 3 4 8
6 26.2 3 4 8
6 26.2 3 4 8
6 26.2 3 4 8
6 26.2 3 4 8
6 26.2 3 4 8
6 26.2 3 4 8
6 26.2 3 4 8
6 26.2 3 4 8
6 26.2 3 4 8
6 26.2 3 4 8
6 26.2 3 4 8
6 26.2 3 4 8
6 26.2 3 4 8
6 26.2 3 4 8
6 26.2 3 4 8
6 26.2 3 4 8
6 26.2 3 4 8
6 26.2 3 4 8
6 26.2 3 4 8
6 26.2 3 4 8
6 26.2 3 4 8
6 26.2 3 4 8
6 26.2 3 4 8
6 26.2 3 4 8
6 26.2 3 4 8
6 26.2 3 4 8
6 26.2 3 4 8
6 26.2 3 4 8
6 26.2 3 4 8
6 26.2 3 4 8
6 26.2 3 4 8
6 26.2 3 4 8
6 26.2 3 4 8
6 26.2 4 5 8
6 26.2 4 5 8
6 26.2 4 5 8
6 26.2 4 5 8
6 26.2 4 5 8
6 26.2 4 5 8
6 26.2 4 5 8
6 26.2 4 5 8
6 26.2 4 5 8
6 26.2 5 6 8
6 26.2 5 6 8
6 26.2 5 6 8
6 26.2 5 6 8
6 26.2 5 6 8
6 26.2 5 6 8
6 26.2 5 6 8
6 26.2 5 6 8
6 26.2 5 6 8
6 26.2 5 6 8
6 26.2 5 6 8
6 26.2 5 6 8
6 26.2 5 6 8
6 26.2 5 6 8
6 26.2 5 6 8
6 26.2 5 6 8
6 26.2 5 6 8
6 26.2 5 6 8
6 26.2 5 6 8
6 26.2 5 6 8
6 26.2 5 6 8
6 26.2 5 6 8
6 26.2 5 6 8
6 26.2 5 6 8
6 26.2 5 6 8
6 26.2 6 7 8
6 26.2 6 7 8
6 26.2 6 7 8
6 26.2 6 7 8
6 26.2 6 7 8
6 26.2 6 7 8
6 26.2 6 7 8
6 26.2 6 7 8
6 26.2 6 7 8
6 26.2 6 7 8
6 26.2 6 7 8
6 26.2 7 8 8
6 26.2 7 8 8
6 26.2 7 8 8
6 26.2 7 8 8
6 26.2 7 8 8
6 26.2 7 8 8
6 26.2 7 8 8
6 26.2 7 8 8
6 26.2 7 8 8
6 26.2 7 8 8
6 26.2 7 8 8
6 26.2 7 8 8
6 26.2 9 10 8
6 26.2 9 10 8
6 26.2 12 13 8
6 26.2 13 14 8
6 26.2 13 14 8
6 26.2 16 17 8
6 26.2 16 17 8
6 26.2 1 1.01 8
6 26.2 1 1.01 8
6 26.2 1 1.01 8
6 26.2 1 1.01 8
6 26.2 1 1.01 8
6 26.2 1 1.01 8
6 26.2 1 1.01 8
6 26.2 1 1.01 8
6 26.2 1 1.01 8
6 26.2 1 1.01 8
6 26.2 1 1.01 8
6 26.2 1 1.01 8
6 26.2 1 1.01 8
6 26.2 1 1.01 8
6 26.2 1 1.01 8
6 26.2 1 1.01 8
6 26.2 1 1.01 8
6 26.2 1 1.01 8
6 26.2 1 1.01 8
6 26.2 1 1.01 8
6 26.2 1 1.01 8
6 26.2 1 1.01 8
6 26.2 1 1.01 8
6 26.2 1 1.01 8
6 26.2 1 1.01 8
6 26.2 1 1.01 8
6 26.2 1 1.01 8
6 26.2 3 4 8
6 26.2 3 4 8
6 26.2 3 4 8
6 26.2 3 4 8
6 26.2 3 4 8
6 26.2 3 4 8
6 26.2 3 4 8
6 26.2 3 4 8
6 26.2 3 4 8
6 26.2 3 4 8
6 26.2 3 4 8
6 26.2 3 4 8
6 26.2 3 4 8
6 26.2 3 4 8
6 26.2 3 4 8
6 26.2 3 4 8
6 26.2 3 4 8
6 26.2 3 4 8
6 26.2 3 4 8
6 26.2 3 4 8
6 26.2 3 4 8
6 26.2 3 4 8
6 26.2 3 4 8
6 26.2 3 4 8
6 26.2 3 4 8
6 26.2 3 4 8
6 26.2 3 4 8
6 26.2 3 4 8
6 26.2 3 4 8
6 26.2 3 4 8
6 26.2 3 4 8
6 26.2 3 4 8
6 26.2 3 4 8
6 26.2 3 4 8
6 26.2 3 4 8
6 26.2 3 4 8
6 26.2 3 4 8
6 26.2 3 4 8
6 26.2 3 4 8
6 26.2 3 4 8
6 26.2 3 4 8
6 26.2 3 4 8
6 26.2 3 4 8
6 26.2 3 4 8
6 26.2 3 4 8
6 26.2 3 4 8
6 26.2 3 4 8
6 26.2 3 4 8
6 26.2 3 4 8
6 26.2 3 4 8
6 26.2 4 5 8
6 26.2 4 5 8
6 26.2 4 5 8
6 26.2 5 6 8
6 26.2 5 6 8
6 26.2 5 6 8
6 26.2 5 6 8
6 26.2 5 6 8
6 26.2 5 6 8
6 26.2 5 6 8
6 26.2 5 6 8
6 26.2 5 6 8
6 26.2 5 6 8
6 26.2 5 6 8
6 26.2 5 6 8
6 26.2 5 6 8
6 26.2 5 6 8
6 26.2 5 6 8
6 26.2 6 7 8
6 26.2 6 7 8
6 26.2 6 7 8
6 26.2 6 7 8
6 26.2 6 7 8
6 26.2 6 7 8
6 26.2 7 8 8
6 26.2 13 14 8
6 26.2 13 14 8
6 26.2 13 14 8
6 26.2 13 14 8
6 26.2 16 17 8
7 30 1 1.01 9
7 30 1 1.01 9
7 30 1 1.01 9
7 30 1 1.01 9
7 30 1 1.01 9
7 30 1 1.01 9
7 30 1 1.01 9
7 30 1 1.01 9
7 30 1 1.01 9
7 30 1 1.01 9
7 30 1 1.01 9
7 30 1 1.01 9
7 30 1 1.01 9
7 30 1 1.01 9
7 30 1 1.01 9
7 30 1 1.01 9
7 30 1 1.01 9
7 30 1 1.01 9
7 30 1 2 9
7 30 1 2 9
7 30 1 2 9
7 30 1 2 9
7 30 1 2 9
7 30 1 2 9
7 30 1 2 9
7 30 1 2 9
7 30 1 2 9
7 30 1 2 9
7 30 1 2 9
7 30 1 2 9
7 30 1 2 9
7 30 1 2 9
7 30 1 2 9
7 30 1 2 9
7 30 1 2 9
7 30 1 2 9
7 30 1 2 9
7 30 1 2 9
7 30 1 2 9
7 30 1 2 9
7 30 1 2 9
7 30 2 3 9
7 30 2 3 9
7 30 2 3 9
7 30 2 3 9
7 30 2 3 9
7 30 2 3 9
7 30 2 3 9
7 30 2 3 9
7 30 2 3 9
7 30 3 4 9
7 30 3 4 9
7 30 3 4 9
7 30 3 4 9
7 30 3 4 9
7 30 3 4 9
7 30 4 5 9
7 30 1 1.01 9
7 30 1 1.01 9
7 30 1 1.01 9
7 30 1 1.01 9
7 30 1 1.01 9
7 30 1 1.01 9
7 30 1 2 9
7 30 1 2 9
7 30 1 2 9
7 30 1 2 9
7 30 1 2 9
7 30 1 2 9
7 30 1 2 9
7 30 1 2 9
7 30 1 2 9
7 30 1 2 9
7 30 1 2 9
7 30 1 2 9
7 30 1 2 9
7 30 1 2 9
7 30 1 2 9
7 30 1 2 9
7 30 1 2 9
7 30 1 2 9
7 30 1 2 9
7 30 1 2 9
7 30 1 2 9
7 30 1 2 9
7 30 1 2 9
7 30 1 2 9
7 30 1 2 9
7 30 1 2 9
7 30 1 2 9
7 30 1 2 9
7 30 1 2 9
7 30 1 2 9
7 30 1 2 9
7 30 1 2 9
7 30 1 2 9
7 30 1 2 9
7 30 3 4 9
7 30 3 4 9
7 30 3 4 9
7 30 3 4 9
7 30 4 5 9
7 30 4 5 9
7 30 4 5 9
7 30 4 5 9
7 30 4 5 9
7 30 4 5 9
7 30 4 5 9
7 30 5 6 9
7 30 5 6 9
7 30 5 6 9
7 30 9 10 9
7 30 1 1.01 9
7 30 1 1.01 9
7 30 1 1.01 9
7 30 1 1.01 9
7 30 1 1.01 9
7 30 1 1.01 9
7 30 1 1.01 9
7 30 1 1.01 9
7 30 1 1.01 9
7 30 1 1.01 9
7 30 1 1.01 9
7 30 1 2 9
7 30 1 2 9
7 30 1 2 9
7 30 1 2 9
7 30 1 2 9
7 30 1 2 9
7 30 1 2 9
7 30 1 2 9
7 30 1 2 9
7 30 1 2 9
7 30 1 2 9
7 30 1 2 9
7 30 1 2 9
7 30 1 2 9
7 30 1 2 9
7 30 1 2 9
7 30 1 2 9
7 30 1 2 9
7 30 1 2 9
7 30 1 2 9
7 30 1 2 9
7 30 1 2 9
7 30 1 2 9
7 30 1 2 9
7 30 1 2 9
7 30 1 2 9
7 30 1 2 9
7 30 1 2 9
7 30 1 2 9
7 30 1 2 9
7 30 1 2 9
7 30 1 2 9
7 30 1 2 9
7 30 1 2 9
7 30 1 2 9
7 30 1 2 9
7 30 1 2 9
7 30 1 2 9
7 30 1 2 9
7 30 1 2 9
7 30 1 2 9
7 30 1 2 9
7 30 1 2 9
7 30 1 2 9
7 30 2 3 9
7 30 2 3 9
7 30 2 3 9
7 30 2 3 9
7 30 3 4 9
7 30 3 4 9
7 30 3 4 9
7 30 3 4 9
7 30 3 4 9
7 30 3 4 9
7 30 3 4 9
7 30 3 4 9
7 30 3 4 9
7 30 3 4 9
7 30 3 4 9
7 30 3 4 9
7 30 3 4 9
7 30 3 4 9
7 30 4 5 9
7 30 4 5 9
7 30 4 5 9
7 30 4 5 9
7 30 4 5 9
7 30 4 5 9
7 30 4 5 9
7 30 4 5 9
7 30 4 5 9
7 30 4 5 9
7 30 4 5 9
7 30 4 5 9
7 30 5 6 9
7 30 6 7 9
7 30 6 7 9
7 30 6 7 9
7 30 6 7 9
7 30 6 7 9
7 30 7 8 9
7 30 7 8 9
7 30 7 8 9
7 30 8 9 9
7 30 8 9 9
7 30 8 9 9
7 30 8 9 9
7 30 8 9 9
7 30 9 10 9
7 30 9 10 9
7 30 1 1.01 9
7 30 1 1.01 9
7 30 1 1.01 9
7 30 1 1.01 9
7 30 1 1.01 9
7 30 1 1.01 9
7 30 1 1.01 9
7 30 1 1.01 9
7 30 1 1.01 9
7 30 1 1.01 9
7 30 1 1.01 9
7 30 1 1.01 9
7 30 1 1.01 9
7 30 1 1.01 9
7 30 1 1.01 9
7 30 1 1.01 9
7 30 1 1.01 9
7 30 1 1.01 9
7 30 1 1.01 9
7 30 1 1.01 9
7 30 1 1.01 9
7 30 1 1.01 9
7 30 1 1.01 9
7 30 1 1.01 9
7 30 1 1.01 9
7 30 1 1.01 9
7 30 1 1.01 9
7 30 1 2 9
7 30 1 2 9
7 30 1 2 9
7 30 1 2 9
7 30 1 2 9
7 30 1 2 9
7 30 1 2 9
7 30 1 2 9
7 30 1 2 9
7 30 1 2 9
7 30 1 2 9
7 30 1 2 9
7 30 1 2 9
7 30 1 2 9
7 30 1 2 9
7 30 1 2 9
7 30 1 2 9
7 30 1 2 9
7 30 1 2 9
7 30 1 2 9
7 30 1 2 9
7 30 1 2 9
7 30 2 3 9
7 30 3 4 9
7 30 3 4 9
7 30 3 4 9
7 30 3 4 9
7 30 3 4 9
7 30 3 4 9
7 30 3 4 9
7 30 4 5 9
7 30 4 5 9
7 30 4 5 9
7 30 4 5 9
7 30 4 5 9
7 30 5 6 9
7 30 1 1.01 9
7 30 1 1.01 9
7 30 1 1.01 9
7 30 1 1.01 9
7 30 1 1.01 9
7 30 1 1.01 9
7 30 1 1.01 9
7 30 1 1.01 9
7 30 1 1.01 9
7 30 1 1.01 9
7 30 1 1.01 9
7 30 1 1.01 9
7 30 1 1.01 9
7 30 1 1.01 9
7 30 1 1.01 9
7 30 1 1.01 9
7 30 1 1.01 9
7 30 1 1.01 9
7 30 1 1.01 9
7 30 1 1.01 9
7 30 1 1.01 9
7 30 1 1.01 9
7 30 1 1.01 9
7 30 1 1.01 9
7 30 1 1.01 9
7 30 1 1.01 9
7 30 1 2 9
7 30 1 2 9
7 30 1 2 9
7 30 1 2 9
7 30 1 2 9
7 30 1 2 9
7 30 1 2 9
7 30 1 2 9
7 30 1 2 9
7 30 1 2 9
7 30 1 2 9
7 30 1 2 9
7 30 1 2 9
7 30 1 2 9
7 30 1 2 9
7 30 1 2 9
7 30 1 2 9
7 30 1 2 9
7 30 1 2 9
7 30 1 2 9
7 30 1 2 9
7 30 1 2 9
7 30 1 2 9
7 30 1 2 9
7 30 1 2 9
7 30 1 2 9
7 30 1 2 9
7 30 1 2 9
7 30 1 2 9
7 30 1 2 9
7 30 1 2 9
7 30 1 2 9
7 30 1 2 9
7 30 1 2 9
7 30 1 2 9
7 30 1 2 9
7 30 1 2 9
7 30 3 4 9
7 30 3 4 9
7 30 3 4 9
7 30 4 5 9
7 30 4 5 9
7 30 4 5 9
7 30 4 5 9
7 30 4 5 9
7 30 4 5 9
7 30 4 5 9
7 30 4 5 9
7 30 4 5 9
7 30 4 5 9
7 30 4 5 9
7 30 4 5 9
7 30 4 5 9
7 30 4 5 9
7 30 5 6 9
7 30 5 6 9
7 30 5 6 9
7 30 9 10 9
7 30 9 10 9
7 30 1 1.01 9
7 30 1 1.01 9
7 30 1 1.01 9
7 30 1 1.01 9
7 30 1 1.01 9
7 30 1 1.01 9
7 30 1 1.01 9
7 30 1 1.01 9
7 30 1 1.01 9
7 30 1 1.01 9
7 30 1 1.01 9
7 30 1 1.01 9
7 30 1 1.01 9
7 30 1 1.01 9
7 30 1 1.01 9
7 30 1 1.01 9
7 30 1 1.01 9
7 30 1 1.01 9
7 30 1 1.01 9
7 30 1 1.01 9
7 30 1 1.01 9
7 30 1 1.01 9
7 30 1 1.01 9
7 30 1 1.01 9
7 30 1 1.01 9
7 30 1 2 9
7 30 1 2 9
7 30 2 3 9
7 30 2 3 9
7 30 2 3 9
7 30 2 3 9
7 30 2 3 9
7 30 2 3 9
7 30 2 3 9
7 30 2 3 9
7 30 2 3 9
7 30 2 3 9
7 30 2 3 9
7 30 2 3 9
7 30 2 3 9
7 30 2 3 9
7 30 2 3 9
7 30 2 3 9
7 30 2 3 9
7 30 2 3 9
7 30 2 3 9
7 30 2 3 9
7 30 2 3 9
7 30 2 3 9
7 30 2 3 9
7 30 2 3 9
7 30 2 3 9
7 30 3 4 9
7 30 3 4 9
7 30 3 4 9
7 30 3 4 9
7 30 3 4 9
7 30 3 4 9
7 30 3 4 9
7 30 3 4 9
7 30 3 4 9
7 30 3 4 9
7 30 3 4 9
7 30 3 4 9
7 30 4 5 9
7 30 4 5 9
7 30 4 5 9
7 30 6 7 9
7 30 6 7 9
7 30 6 7 9
7 30 7 8 9
7 30 7 8 9
7 30 7 8 9
7 30 7 8 9
7 30 7 8 9
7 30 7 8 9
7 30 7 8 9
7 30 7 8 9
7 30 7 8 9
7 30 7 8 9
7 30 7 8 9
7 30 1 1.01 9
7 30 1 1.01 9
7 30 1 1.01 9
7 30 1 1.01 9
7 30 1 1.01 9
7 30 1 1.01 9
7 30 1 1.01 9
7 30 1 1.01 9
7 30 1 2 9
7 30 1 2 9
7 30 1 2 9
7 30 1 2 9
7 30 1 2 9
7 30 1 2 9
7 30 1 2 9
7 30 1 2 9
7 30 1 2 9
7 30 1 2 9
7 30 1 2 9
7 30 1 2 9
7 30 1 2 9
7 30 1 2 9
7 30 1 2 9
7 30 1 2 9
7 30 1 2 9
7 30 1 2 9
7 30 1 2 9
7 30 1 2 9
7 30 1 2 9
7 30 1 2 9
7 30 1 2 9
7 30 1 2 9
7 30 1 2 9
7 30 1 2 9
7 30 1 2 9
7 30 1 2 9
7 30 1 2 9
7 30 1 2 9
7 30 1 2 9
7 30 1 2 9
7 30 2 3 9
7 30 2 3 9
7 30 2 3 9
7 30 2 3 9
7 30 2 3 9
7 30 3 4 9
7 30 3 4 9
7 30 3 4 9
7 30 3 4 9
7 30 3 4 9
7 30 3 4 9
7 30 3 4 9
7 30 3 4 9
7 30 3 4 9
7 30 3 4 9
7 30 3 4 9
7 30 3 4 9
7 30 4 5 9
7 30 4 5 9
7 30 4 5 9
7 30 4 5 9
7 30 4 5 9
7 30 4 5 9
7 30 4 5 9
7 30 1 1.01 9
7 30 1 1.01 9
7 30 1 1.01 9
7 30 1 1.01 9
7 30 1 1.01 9
7 30 1 1.01 9
7 30 1 1.01 9
7 30 1 2 9
7 30 1 2 9
7 30 1 2 9
7 30 1 2 9
7 30 1 2 9
7 30 1 2 9
7 30 1 2 9
7 30 1 2 9
7 30 1 2 9
7 30 1 2 9
7 30 1 2 9
7 30 1 2 9
7 30 1 2 9
7 30 1 2 9
7 30 1 2 9
7 30 2 3 9
7 30 3 4 9
7 30 3 4 9
7 30 3 4 9
7 30 3 4 9
7 30 3 4 9
7 30 3 4 9
7 30 3 4 9
7 30 4 5 9
7 30 4 5 9
7 30 4 5 9
7 30 4 5 9
7 30 4 5 9
7 30 4 5 9
7 30 4 5 9
7 30 4 5 9
7 30 4 5 9
7 30 4 5 9
7 30 4 5 9
7 30 5 6 9
7 30 6 7 9
7 30 6 7 9
7 30 6 7 9
7 30 6 7 9
7 30 6 7 9
7 30 6 7 9
7 30 6 7 9
7 30 7 8 9
7 30 7 8 9
7 30 7 8 9
7 30 7 8 9
7 30 7 8 9
7 30 7 8 9
7 30 7 8 9
7 30 7 8 9
7 30 7 8 9
7 30 7 8 9
7 30 8 9 9
7 30 1 1.01 9
7 30 1 1.01 9
7 30 1 1.01 9
7 30 1 1.01 9
7 30 1 1.01 9
7 30 1 1.01 9
7 30 1 1.01 9
7 30 1 1.01 9
7 30 1 1.01 9
7 30 1 1.01 9
7 30 1 1.01 9
7 30 1 1.01 9
7 30 1 1.01 9
7 30 1 2 9
7 30 1 2 9
7 30 1 2 9
7 30 1 2 9
7 30 1 2 9
7 30 1 2 9
7 30 1 2 9
7 30 1 2 9
7 30 1 2 9
7 30 1 2 9
7 30 1 2 9
7 30 1 2 9
7 30 1 2 9
7 30 2 3 9
7 30 2 3 9
7 30 2 3 9
7 30 2 3 9
7 30 2 3 9
7 30 3 4 9
7 30 3 4 9
7 30 3 4 9
7 30 3 4 9
7 30 3 4 9
7 30 3 4 9
7 30 3 4 9
7 30 3 4 9
7 30 3 4 9
7 30 3 4 9
7 30 3 4 9
7 30 3 4 9
7 30 3 4 9
7 30 3 4 9
7 30 3 4 9
7 30 3 4 9
7 30 3 4 9
7 30 3 4 9
7 30 3 4 9
7 30 3 4 9
7 30 3 4 9
7 30 3 4 9
7 30 3 4 9
7 30 3 4 9
7 30 3 4 9
7 30 3 4 9
7 30 3 4 9
7 30 3 4 9
7 30 4 5 9
7 30 4 5 9
7 30 4 5 9
7 30 4 5 9
7 30 5 6 9
7 30 5 6 9
7 30 6 7 9
7 30 6 7 9
7 30 6 7 9
7 30 6 7 9
7 30 6 7 9
7 30 6 7 9
7 30 6 7 9
7 30 6 7 9
7 30 6 7 9
7 30 6 7 9
7 30 6 7 9
7 30 6 7 9
7 30 6 7 9
7 30 6 7 9
7 30 7 8 9
7 30 7 8 9
7 30 7 8 9
7 30 7 8 9
7 30 7 8 9
7 30 7 8 9
7 30 7 8 9
7 30 7 8 9
