1 10.7 36 37 180
1 10.7 36 37 180
1 10.7 36 37 180
1 10.7 36 37 180
1 10.7 36 37 180
1 10.7 36 37 180
1 10.7 36 37 180
1 10.7 36 37 180
1 10.7 39 40 180
1 10.7 39 40 180
1 10.7 39 40 180
1 10.7 39 40 180
1 10.7 40 41 180
1 10.7 40 41 180
1 10.7 40 41 180
1 10.7 44 45 180
1 10.7 44 45 180
1 10.7 44 45 180
1 10.7 44 45 180
1 10.7 44 45 180
1 10.7 44 45 180
1 10.7 44 45 180
1 10.7 44 45 180
1 10.7 44 45 180
1 10.7 44 45 180
1 10.7 44 45 180
1 10.7 44 45 180
1 10.7 44 45 180
1 10.7 44 45 180
1 10.7 44 45 180
1 10.7 44 45 180
1 10.7 44 45 180
1 10.7 44 45 180
1 10.7 44 45 180
1 10.7 44 45 180
1 10.7 45 46 180
1 10.7 46 47 180
1 10.7 46 47 180
1 10.7 46 47 180
1 10.7 46 47 180
1 10.7 46 47 180
1 10.7 46 47 180
1 10.7 46 47 180
1 10.7 46 47 180
1 10.7 46 47 180
1 10.7 46 47 180
1 10.7 46 47 180
1 10.7 46 47 180
1 10.7 46 47 180
1 10.7 46 47 180
1 10.7 47 48 180
1 10.7 47 48 180
1 10.7 47 48 180
1 10.7 47 48 180
1 10.7 48 49 180
1 10.7 48 49 180
1 10.7 48 49 180
1 10.7 48 49 180
1 10.7 48 49 180
1 10.7 48 49 180
1 10.7 48 49 180
1 10.7 48 49 180
1 10.7 48 49 180
1 10.7 48 49 180
1 10.7 48 49 180
1 10.7 48 49 180
1 10.7 48 49 180
1 10.7 48 49 180
1 10.7 49 50 180
1 10.7 49 50 180
1 10.7 49 50 180
1 10.7 49 50 180
1 10.7 49 50 180
1 10.7 49 50 180
1 10.7 49 50 180
1 10.7 49 50 180
1 10.7 49 50 180
1 10.7 50 51 180
1 10.7 50 51 180
1 10.7 50 51 180
1 10.7 50 51 180
1 10.7 50 51 180
1 10.7 53 54 180
1 10.7 53 54 180
1 10.7 54 55 180
1 10.7 54 55 180
1 10.7 54 55 180
1 10.7 54 55 180
1 10.7 54 55 180
1 10.7 54 55 180
1 10.7 54 55 180
1 10.7 54 55 180
1 10.7 54 55 180
1 10.7 54 55 180
1 10.7 55 56 180
1 10.7 55 56 180
1 10.7 55 56 180
1 10.7 55 56 180
1 10.7 55 56 180
1 10.7 55 56 180
1 10.7 55 56 180
1 10.7 55 56 180
1 10.7 55 56 180
1 10.7 55 56 180
1 10.7 55 56 180
2 16 22 23 216
2 16 22 23 216
2 16 22 23 216
2 16 23 24 216
2 16 23 24 216
2 16 23 24 216
2 16 23 24 216
2 16 23 24 216
2 16 24 25 216
2 16 24 25 216
2 16 24 25 216
2 16 24 25 216
2 16 24 25 216
2 16 24 25 216
2 16 24 25 216
2 16 24 25 216
2 16 24 25 216
2 16 24 25 216
2 16 24 25 216
2 16 24 25 216
2 16 24 25 216
2 16 24 25 216
2 16 25 26 216
2 16 25 26 216
2 16 25 26 216
2 16 25 26 216
2 16 25 26 216
2 16 25 26 216
2 16 25 26 216
2 16 25 26 216
2 16 25 26 216
2 16 25 26 216
2 16 25 26 216
2 16 25 26 216
2 16 25 26 216
2 16 25 26 216
2 16 25 26 216
2 16 25 26 216
2 16 25 26 216
2 16 25 26 216
2 16 25 26 216
2 16 25 26 216
2 16 25 26 216
2 16 25 26 216
2 16 25 26 216
2 16 25 26 216
2 16 25 26 216
2 16 26 27 216
2 16 26 27 216
2 16 26 27 216
2 16 26 27 216
2 16 26 27 216
2 16 26 27 216
2 16 26 27 216
2 16 26 27 216
2 16 26 27 216
2 16 26 27 216
2 16 26 27 216
2 16 26 27 216
2 16 26 27 216
2 16 26 27 216
2 16 26 27 216
2 16 26 27 216
2 16 26 27 216
2 16 26 27 216
2 16 26 27 216
2 16 26 27 216
2 16 26 27 216
2 16 26 27 216
2 16 26 27 216
2 16 26 27 216
2 16 26 27 216
2 16 26 27 216
2 16 26 27 216
2 16 26 27 216
2 16 26 27 216
2 16 27 28 216
2 16 27 28 216
2 16 27 28 216
2 16 27 28 216
2 16 27 28 216
2 16 27 28 216
2 16 27 28 216
2 16 27 28 216
2 16 27 28 216
2 16 27 28 216
2 16 27 28 216
2 16 27 28 216
2 16 27 28 216
2 16 27 28 216
2 16 27 28 216
2 16 27 28 216
2 16 27 28 216
2 16 27 28 216
2 16 27 28 216
2 16 27 28 216
2 16 27 28 216
2 16 28 29 216
2 16 28 29 216
2 16 28 29 216
2 16 28 29 216
2 16 28 29 216
2 16 28 29 216
2 16 28 29 216
2 16 28 29 216
2 16 28 29 216
2 16 28 29 216
2 16 28 29 216
2 16 28 29 216
2 16 28 29 216
2 16 28 29 216
2 16 28 29 216
2 16 28 29 216
2 16 28 29 216
2 16 28 29 216
2 16 28 29 216
2 16 28 29 216
2 16 28 29 216
2 16 28 29 216
2 16 28 29 216
2 16 28 29 216
2 16 28 29 216
2 16 29 30 216
2 16 29 30 216
2 16 29 30 216
2 16 29 30 216
2 16 29 30 216
2 16 29 30 216
2 16 30 31 216
2 16 30 31 216
2 16 30 31 216
2 16 30 31 216
2 16 30 31 216
2 16 30 31 216
2 16 31 32 216
2 16 31 32 216
2 16 31 32 216
2 16 31 32 216
2 16 31 32 216
2 16 31 32 216
2 16 31 32 216
2 16 31 32 216
2 16 31 32 216
2 16 31 32 216
2 16 31 32 216
2 16 31 32 216
2 16 31 32 216
2 16 32 33 216
2 16 32 33 216
2 16 32 33 216
2 16 32 33 216
2 16 32 33 216
2 16 32 33 216
2 16 32 33 216
2 16 32 33 216
2 16 32 33 216
2 16 32 33 216
2 16 32 33 216
2 16 32 33 216
2 16 32 33 216
2 16 32 33 216
2 16 33 34 216
2 16 33 34 216
2 16 33 34 216
2 16 33 34 216
2 16 33 34 216
2 16 33 34 216
2 16 33 34 216
2 16 33 34 216
2 16 33 34 216
2 16 34 35 216
2 16 34 35 216
2 16 34 35 216
2 16 34 35 216
2 16 34 35 216
2 16 34 35 216
2 16 34 35 216
2 16 34 35 216
2 16 34 35 216
2 16 34 35 216
2 16 34 35 216
2 16 35 36 216
2 16 35 36 216
2 16 35 36 216
2 16 35 36 216
2 16 35 36 216
2 16 39 40 216
2 16 39 40 216
2 16 39 40 216
2 16 40 41 216
2 16 40 41 216
2 16 40 41 216
2 16 41 42 216
2 16 41 42 216
2 16 42 43 216
2 16 42 43 216
2 16 42 43 216
3 20.3 9 10 148
3 20.3 10 11 148
3 20.3 10 11 148
3 20.3 10 11 148
3 20.3 10 11 148
3 20.3 10 11 148
3 20.3 10 11 148
3 20.3 10 11 148
3 20.3 10 11 148
3 20.3 10 11 148
3 20.3 10 11 148
3 20.3 10 11 148
3 20.3 10 11 148
3 20.3 10 11 148
3 20.3 10 11 148
3 20.3 10 11 148
3 20.3 10 11 148
3 20.3 10 11 148
3 20.3 10 11 148
3 20.3 10 11 148
3 20.3 10 11 148
3 20.3 10 11 148
3 20.3 10 11 148
3 20.3 10 11 148
3 20.3 10 11 148
3 20.3 10 11 148
3 20.3 10 11 148
3 20.3 10 11 148
3 20.3 10 11 148
3 20.3 10 11 148
3 20.3 10 11 148
3 20.3 10 11 148
3 20.3 10 11 148
3 20.3 10 11 148
3 20.3 10 11 148
3 20.3 10 11 148
3 20.3 10 11 148
3 20.3 10 11 148
3 20.3 10 11 148
3 20.3 10 11 148
3 20.3 10 11 148
3 20.3 10 11 148
3 20.3 10 11 148
3 20.3 10 11 148
3 20.3 10 11 148
3 20.3 10 11 148
3 20.3 10 11 148
3 20.3 10 11 148
3 20.3 10 11 148
3 20.3 10 11 148
3 20.3 10 11 148
3 20.3 10 11 148
3 20.3 10 11 148
3 20.3 10 11 148
3 20.3 11 12 148
3 20.3 11 12 148
3 20.3 11 12 148
3 20.3 11 12 148
3 20.3 11 12 148
3 20.3 11 12 148
3 20.3 11 12 148
3 20.3 11 12 148
3 20.3 11 12 148
3 20.3 11 12 148
3 20.3 11 12 148
3 20.3 11 12 148
3 20.3 11 12 148
3 20.3 11 12 148
3 20.3 11 12 148
3 20.3 11 12 148
3 20.3 11 12 148
3 20.3 11 12 148
3 20.3 11 12 148
3 20.3 11 12 148
3 20.3 11 12 148
3 20.3 11 12 148
3 20.3 11 12 148
3 20.3 11 12 148
3 20.3 11 12 148
3 20.3 11 12 148
3 20.3 11 12 148
3 20.3 11 12 148
3 20.3 11 12 148
3 20.3 11 12 148
3 20.3 11 12 148
3 20.3 11 12 148
3 20.3 12 13 148
3 20.3 12 13 148
3 20.3 12 13 148
3 20.3 12 13 148
3 20.3 12 13 148
3 20.3 12 13 148
3 20.3 12 13 148
3 20.3 12 13 148
3 20.3 12 13 148
3 20.3 12 13 148
3 20.3 12 13 148
3 20.3 12 13 148
3 20.3 12 13 148
3 20.3 12 13 148
3 20.3 12 13 148
3 20.3 12 13 148
3 20.3 12 13 148
3 20.3 12 13 148
3 20.3 12 13 148
3 20.3 12 13 148
3 20.3 12 13 148
3 20.3 12 13 148
3 20.3 12 13 148
3 20.3 12 13 148
3 20.3 12 13 148
3 20.3 12 13 148
3 20.3 12 13 148
3 20.3 12 13 148
3 20.3 12 13 148
3 20.3 12 13 148
3 20.3 12 13 148
3 20.3 12 13 148
3 20.3 12 13 148
3 20.3 12 13 148
3 20.3 12 13 148
3 20.3 13 14 148
3 20.3 13 14 148
3 20.3 13 14 148
3 20.3 13 14 148
3 20.3 13 14 148
3 20.3 13 14 148
3 20.3 13 14 148
3 20.3 13 14 148
3 20.3 13 14 148
3 20.3 13 14 148
3 20.3 13 14 148
3 20.3 13 14 148
3 20.3 13 14 148
3 20.3 13 14 148
3 20.3 13 14 148
3 20.3 14 15 148
3 20.3 14 15 148
3 20.3 14 15 148
3 20.3 14 15 148
4 23 7 8 45
4 23 7 8 45
4 23 7 8 45
4 23 7 8 45
4 23 7 8 45
4 23 7 8 45
4 23 7 8 45
4 23 7 8 45
4 23 8 9 45
4 23 8 9 45
4 23 8 9 45
4 23 8 9 45
4 23 8 9 45
4 23 9 10 45
4 23 9 10 45
4 23 9 10 45
4 23 9 10 45
4 23 9 10 45
4 23 9 10 45
4 23 9 10 45
4 23 9 10 45
4 23 9 10 45
4 23 9 10 45
4 23 9 10 45
4 23 9 10 45
4 23 9 10 45
4 23 9 10 45
4 23 9 10 45
4 23 9 10 45
4 23 9 10 45
4 23 9 10 45
4 23 9 10 45
4 23 9 10 45
4 23 9 10 45
4 23 9 10 45
4 23 9 10 45
4 23 10 11 45
4 23 10 11 45
4 23 10 11 45
4 23 10 11 45
5 25 5 6 60
5 25 5 6 60
5 25 6 7 60
5 25 6 7 60
5 25 6 7 60
5 25 6 7 60
5 25 6 7 60
5 25 6 7 60
5 25 6 7 60
5 25 6 7 60
5 25 6 7 60
5 25 7 8 60
5 25 7 8 60
5 25 7 8 60
5 25 7 8 60
5 25 7 8 60
5 25 7 8 60
5 25 7 8 60
5 25 7 8 60
5 25 7 8 60
5 25 7 8 60
5 25 7 8 60
5 25 7 8 60
5 25 7 8 60
5 25 8 9 60
5 25 8 9 60
5 25 8 9 60
5 25 8 9 60
5 25 8 9 60
5 25 8 9 60
5 25 8 9 60
5 25 8 9 60
5 25 8 9 60
5 25 8 9 60
5 25 8 9 60
5 25 8 9 60
5 25 8 9 60
5 25 8 9 60
5 25 8 9 60
5 25 8 9 60
5 25 8 9 60
5 25 8 9 60
5 25 8 9 60
5 25 8 9 60
5 25 9 10 60
5 25 9 10 60
5 25 9 10 60
5 25 9 10 60
5 25 9 10 60
5 25 9 10 60
5 25 9 10 60
5 25 9 10 60
6 26.2 5 6 234
6 26.2 5 6 234
6 26.2 6 7 234
6 26.2 6 7 234
6 26.2 6 7 234
6 26.2 6 7 234
6 26.2 6 7 234
6 26.2 6 7 234
6 26.2 6 7 234
6 26.2 6 7 234
6 26.2 6 7 234
6 26.2 6 7 234
6 26.2 6 7 234
6 26.2 6 7 234
6 26.2 6 7 234
6 26.2 6 7 234
6 26.2 6 7 234
6 26.2 6 7 234
6 26.2 6 7 234
6 26.2 6 7 234
6 26.2 6 7 234
6 26.2 6 7 234
6 26.2 6 7 234
6 26.2 6 7 234
6 26.2 6 7 234
6 26.2 6 7 234
6 26.2 7 8 234
6 26.2 7 8 234
6 26.2 7 8 234
6 26.2 7 8 234
6 26.2 7 8 234
6 26.2 7 8 234
6 26.2 7 8 234
6 26.2 7 8 234
6 26.2 7 8 234
6 26.2 7 8 234
6 26.2 7 8 234
6 26.2 7 8 234
6 26.2 7 8 234
6 26.2 7 8 234
6 26.2 7 8 234
6 26.2 7 8 234
6 26.2 7 8 234
6 26.2 7 8 234
6 26.2 7 8 234
6 26.2 7 8 234
6 26.2 7 8 234
6 26.2 7 8 234
6 26.2 7 8 234
6 26.2 7 8 234
6 26.2 7 8 234
6 26.2 7 8 234
6 26.2 7 8 234
6 26.2 7 8 234
6 26.2 7 8 234
6 26.2 7 8 234
6 26.2 7 8 234
6 26.2 7 8 234
6 26.2 7 8 234
6 26.2 7 8 234
6 26.2 7 8 234
6 26.2 7 8 234
6 26.2 7 8 234
6 26.2 7 8 234
6 26.2 7 8 234
6 26.2 7 8 234
6 26.2 7 8 234
6 26.2 7 8 234
6 26.2 7 8 234
6 26.2 7 8 234
6 26.2 7 8 234
6 26.2 7 8 234
6 26.2 7 8 234
6 26.2 7 8 234
6 26.2 7 8 234
6 26.2 7 8 234
6 26.2 7 8 234
6 26.2 7 8 234
6 26.2 7 8 234
6 26.2 7 8 234
6 26.2 7 8 234
6 26.2 7 8 234
6 26.2 7 8 234
6 26.2 7 8 234
6 26.2 7 8 234
6 26.2 7 8 234
6 26.2 7 8 234
6 26.2 7 8 234
6 26.2 7 8 234
6 26.2 7 8 234
6 26.2 7 8 234
6 26.2 7 8 234
6 26.2 7 8 234
6 26.2 7 8 234
6 26.2 7 8 234
6 26.2 7 8 234
6 26.2 7 8 234
6 26.2 7 8 234
6 26.2 7 8 234
6 26.2 7 8 234
6 26.2 7 8 234
6 26.2 7 8 234
6 26.2 7 8 234
6 26.2 7 8 234
6 26.2 7 8 234
6 26.2 7 8 234
6 26.2 7 8 234
6 26.2 7 8 234
6 26.2 7 8 234
6 26.2 7 8 234
6 26.2 7 8 234
6 26.2 7 8 234
6 26.2 7 8 234
6 26.2 7 8 234
6 26.2 7 8 234
6 26.2 7 8 234
6 26.2 7 8 234
6 26.2 7 8 234
6 26.2 7 8 234
6 26.2 7 8 234
6 26.2 7 8 234
6 26.2 7 8 234
6 26.2 7 8 234
6 26.2 7 8 234
6 26.2 7 8 234
6 26.2 7 8 234
6 26.2 7 8 234
6 26.2 7 8 234
6 26.2 7 8 234
6 26.2 7 8 234
6 26.2 7 8 234
6 26.2 7 8 234
6 26.2 7 8 234
6 26.2 7 8 234
6 26.2 7 8 234
6 26.2 7 8 234
6 26.2 7 8 234
6 26.2 7 8 234
6 26.2 7 8 234
6 26.2 7 8 234
6 26.2 7 8 234
6 26.2 7 8 234
6 26.2 7 8 234
6 26.2 7 8 234
6 26.2 7 8 234
6 26.2 7 8 234
6 26.2 7 8 234
6 26.2 7 8 234
6 26.2 7 8 234
6 26.2 7 8 234
6 26.2 7 8 234
6 26.2 7 8 234
6 26.2 7 8 234
6 26.2 7 8 234
6 26.2 7 8 234
6 26.2 7 8 234
6 26.2 7 8 234
6 26.2 8 9 234
6 26.2 8 9 234
6 26.2 8 9 234
6 26.2 8 9 234
6 26.2 8 9 234
6 26.2 8 9 234
6 26.2 8 9 234
6 26.2 8 9 234
6 26.2 8 9 234
6 26.2 8 9 234
6 26.2 8 9 234
6 26.2 8 9 234
6 26.2 8 9 234
6 26.2 8 9 234
6 26.2 8 9 234
6 26.2 8 9 234
6 26.2 8 9 234
6 26.2 8 9 234
6 26.2 8 9 234
6 26.2 8 9 234
6 26.2 8 9 234
6 26.2 8 9 234
6 26.2 8 9 234
6 26.2 8 9 234
6 26.2 8 9 234
6 26.2 8 9 234
6 26.2 8 9 234
6 26.2 8 9 234
6 26.2 8 9 234
6 26.2 8 9 234
6 26.2 8 9 234
6 26.2 8 9 234
6 26.2 8 9 234
6 26.2 8 9 234
6 26.2 8 9 234
6 26.2 8 9 234
6 26.2 8 9 234
6 26.2 8 9 234
6 26.2 8 9 234
6 26.2 8 9 234
6 26.2 8 9 234
6 26.2 8 9 234
6 26.2 9 10 234
6 26.2 9 10 234
6 26.2 9 10 234
6 26.2 9 10 234
6 26.2 9 10 234
6 26.2 9 10 234
6 26.2 9 10 234
6 26.2 9 10 234
6 26.2 9 10 234
6 26.2 9 10 234
6 26.2 9 10 234
6 26.2 9 10 234
6 26.2 9 10 234
6 26.2 9 10 234
6 26.2 9 10 234
6 26.2 10 11 234
6 26.2 10 11 234
7 26.5 7 8 36
7 26.5 7 8 36
7 26.5 7 8 36
7 26.5 7 8 36
7 26.5 7 8 36
7 26.5 7 8 36
7 26.5 7 8 36
7 26.5 7 8 36
7 26.5 7 8 36
7 26.5 7 8 36
7 26.5 7 8 36
7 26.5 7 8 36
7 26.5 7 8 36
7 26.5 7 8 36
7 26.5 7 8 36
7 26.5 8 9 36
7 26.5 8 9 36
7 26.5 8 9 36
7 26.5 8 9 36
7 26.5 8 9 36
7 26.5 8 9 36
7 26.5 8 9 36
7 26.5 8 9 36
7 26.5 8 9 36
7 26.5 8 9 36
7 26.5 8 9 36
7 26.5 8 9 36
7 26.5 9 10 36
7 26.5 9 10 36
7 26.5 9 10 36
7 26.5 9 10 36
7 26.5 9 10 36
7 26.5 10 11 36
8 30.2 4 5 230
8 30.2 4 5 230
8 30.2 4 5 230
8 30.2 4 5 230
8 30.2 4 5 230
8 30.2 4 5 230
8 30.2 4 5 230
8 30.2 4 5 230
8 30.2 4 5 230
8 30.2 4 5 230
8 30.2 4 5 230
8 30.2 4 5 230
8 30.2 4 5 230
8 30.2 4 5 230
8 30.2 4 5 230
8 30.2 4 5 230
8 30.2 4 5 230
8 30.2 4 5 230
8 30.2 4 5 230
8 30.2 4 5 230
8 30.2 4 5 230
8 30.2 5 6 230
8 30.2 5 6 230
8 30.2 5 6 230
8 30.2 5 6 230
8 30.2 5 6 230
8 30.2 5 6 230
8 30.2 5 6 230
8 30.2 5 6 230
8 30.2 5 6 230
8 30.2 5 6 230
8 30.2 5 6 230
8 30.2 5 6 230
8 30.2 5 6 230
8 30.2 5 6 230
8 30.2 5 6 230
8 30.2 5 6 230
8 30.2 5 6 230
8 30.2 5 6 230
8 30.2 5 6 230
8 30.2 5 6 230
8 30.2 5 6 230
8 30.2 5 6 230
8 30.2 5 6 230
8 30.2 5 6 230
8 30.2 5 6 230
8 30.2 5 6 230
8 30.2 5 6 230
8 30.2 5 6 230
8 30.2 5 6 230
8 30.2 5 6 230
8 30.2 5 6 230
8 30.2 5 6 230
8 30.2 5 6 230
8 30.2 5 6 230
8 30.2 5 6 230
8 30.2 5 6 230
8 30.2 5 6 230
8 30.2 5 6 230
8 30.2 5 6 230
8 30.2 5 6 230
8 30.2 5 6 230
8 30.2 5 6 230
8 30.2 5 6 230
8 30.2 5 6 230
8 30.2 5 6 230
8 30.2 5 6 230
8 30.2 5 6 230
8 30.2 5 6 230
8 30.2 5 6 230
8 30.2 5 6 230
8 30.2 5 6 230
8 30.2 5 6 230
8 30.2 5 6 230
8 30.2 5 6 230
8 30.2 5 6 230
8 30.2 5 6 230
8 30.2 5 6 230
8 30.2 5 6 230
8 30.2 5 6 230
8 30.2 5 6 230
8 30.2 5 6 230
8 30.2 5 6 230
8 30.2 5 6 230
8 30.2 5 6 230
8 30.2 5 6 230
8 30.2 5 6 230
8 30.2 5 6 230
8 30.2 5 6 230
8 30.2 5 6 230
8 30.2 5 6 230
8 30.2 5 6 230
8 30.2 5 6 230
8 30.2 5 6 230
8 30.2 5 6 230
8 30.2 5 6 230
8 30.2 5 6 230
8 30.2 5 6 230
8 30.2 5 6 230
8 30.2 5 6 230
8 30.2 5 6 230
8 30.2 5 6 230
8 30.2 5 6 230
8 30.2 5 6 230
8 30.2 5 6 230
8 30.2 5 6 230
8 30.2 5 6 230
8 30.2 5 6 230
8 30.2 5 6 230
8 30.2 5 6 230
8 30.2 5 6 230
8 30.2 5 6 230
8 30.2 5 6 230
8 30.2 5 6 230
8 30.2 5 6 230
8 30.2 5 6 230
8 30.2 5 6 230
8 30.2 5 6 230
8 30.2 5 6 230
8 30.2 5 6 230
8 30.2 5 6 230
8 30.2 5 6 230
8 30.2 5 6 230
8 30.2 5 6 230
8 30.2 5 6 230
8 30.2 5 6 230
8 30.2 5 6 230
8 30.2 5 6 230
8 30.2 5 6 230
8 30.2 5 6 230
8 30.2 5 6 230
8 30.2 5 6 230
8 30.2 5 6 230
8 30.2 5 6 230
8 30.2 5 6 230
8 30.2 5 6 230
8 30.2 5 6 230
8 30.2 5 6 230
8 30.2 5 6 230
8 30.2 5 6 230
8 30.2 5 6 230
8 30.2 5 6 230
8 30.2 5 6 230
8 30.2 5 6 230
8 30.2 5 6 230
8 30.2 6 7 230
8 30.2 6 7 230
8 30.2 6 7 230
8 30.2 6 7 230
8 30.2 6 7 230
8 30.2 6 7 230
8 30.2 6 7 230
8 30.2 6 7 230
8 30.2 6 7 230
8 30.2 6 7 230
8 30.2 6 7 230
8 30.2 6 7 230
8 30.2 6 7 230
8 30.2 6 7 230
8 30.2 6 7 230
8 30.2 6 7 230
8 30.2 6 7 230
8 30.2 6 7 230
8 30.2 6 7 230
8 30.2 6 7 230
8 30.2 6 7 230
8 30.2 6 7 230
8 30.2 6 7 230
8 30.2 6 7 230
8 30.2 6 7 230
8 30.2 6 7 230
8 30.2 6 7 230
8 30.2 6 7 230
8 30.2 6 7 230
8 30.2 6 7 230
8 30.2 6 7 230
8 30.2 6 7 230
8 30.2 6 7 230
8 30.2 6 7 230
8 30.2 6 7 230
8 30.2 6 7 230
8 30.2 6 7 230
8 30.2 6 7 230
8 30.2 6 7 230
8 30.2 6 7 230
8 30.2 6 7 230
8 30.2 6 7 230
8 30.2 6 7 230
8 30.2 6 7 230
8 30.2 6 7 230
8 30.2 6 7 230
8 30.2 6 7 230
8 30.2 6 7 230
8 30.2 6 7 230
8 30.2 6 7 230
8 30.2 6 7 230
8 30.2 6 7 230
8 30.2 6 7 230
8 30.2 6 7 230
8 30.2 6 7 230
8 30.2 6 7 230
8 30.2 6 7 230
8 30.2 6 7 230
8 30.2 6 7 230
8 30.2 6 7 230
8 30.2 6 7 230
8 30.2 6 7 230
8 30.2 6 7 230
8 30.2 7 8 230
8 30.2 7 8 230
8 30.2 7 8 230
8 30.2 7 8 230
