1 8 46 47 120
1 8 47 48 120
1 8 47 48 120
1 8 47 48 120
1 8 56 57 120
2 8.01 48 49 82
2 8.01 49 50 82
2 8.01 50 51 82
2 8.01 50 51 82
2 8.01 50 51 82
3 8.02 46 47 103
3 8.02 46 47 103
3 8.02 46 47 103
3 8.02 48 49 103
3 8.02 48 49 103
3 8.02 48 49 103
3 8.02 48 49 103
3 8.02 49 50 103
3 8.02 49 50 103
3 8.02 50 51 103
3 8.02 50 51 103
3 8.02 50 51 103
3 8.02 53 54 103
4 8.03 47 48 24
4 8.03 47.01 48.01 24
5 8.04 47 48 117
5 8.04 47 48 117
5 8.04 47 48 117
5 8.04 49 50 117
5 8.04 49 50 117
5 8.04 49 50 117
5 8.04 50 51 117
5 8.04 50 51 117
5 8.04 50 51 117
5 8.04 50 51 117
5 8.04 53 54 117
5 8.04 54 55 117
6 8.05 48 49 101
6 8.05 48 49 101
6 8.05 49 50 101
6 8.05 49 50 101
6 8.05 51 52 101
6 8.05 52 53 101
6 8.05 52 53 101
6 8.05 52 53 101
6 8.05 53 54 101
6 8.05 53 54 101
6 8.05 53 54 101
6 8.05 53 54 101
7 8.06 48 49 100
7 8.06 49 50 100
7 8.06 49 50 100
7 8.06 49 50 100
7 8.06 52 53 100
7 8.06 52 53 100
7 8.06 53 54 100
7 8.06 53 54 100
7 8.06 53 54 100
7 8.06 53 54 100
7 8.06 54 55 100
7 8.06 54 55 100
7 8.06 54 55 100
7 8.06 54 55 100
7 8.06 54 55 100
8 8.07 49 50 100
8 8.07 49 50 100
8 8.07 49 50 100
8 8.07 49 50 100
8 8.07 49 50 100
8 8.07 49 50 100
8 8.07 54 55 100
9 8.08 52 53 91
9 8.08 52 53 91
9 8.08 52 53 91
9 8.08 52 53 91
9 8.08 53 54 91
9 8.08 53 54 91
9 8.08 53 54 91
9 8.08 53 54 91
9 8.08 53 54 91
9 8.08 54 55 91
9 8.08 54 55 91
9 8.08 54 55 91
9 8.08 55 56 91
9 8.08 55 56 91
9 8.08 56 57 91
9 8.08 56 57 91
9 8.08 56 57 91
9 8.08 56 57 91
9 8.08 56 57 91
9 8.08 56 57 91
9 8.08 59 60 91
9 8.08 59 60 91
9 8.08 59 60 91
10 8.09 53 54 66
10 8.09 53 54 66
10 8.09 56 57 66
10 8.09 56 57 66
10 8.09 56 57 66
10 8.09 57 58 66
10 8.09 57 58 66
10 8.09 58 59 66
10 8.09 61 62 66
10 8.09 61 62 66
10 8.09 61 62 66
10 8.09 61 62 66
11 10 27 28 43
11 10 30 31 43
11 10 31 32 43
11 10 31 32 43
11 10 34 35 43
11 10 34 35 43
11 10 34 35 43
11 10 34 35 43
11 10 34 35 43
11 10 34 35 43
11 10 34 35 43
11 10 34 35 43
11 10 34 35 43
11 10 34 35 43
11 10 34 35 43
11 10 34 35 43
11 10 34 35 43
11 10 34 35 43
11 10 34 35 43
11 10 34 35 43
11 10 34 35 43
11 10 34 35 43
11 10 34 35 43
11 10 34 35 43
11 10 34 35 43
11 10 34 35 43
11 10 34 35 43
11 10 34 35 43
11 10 34 35 43
11 10 34 35 43
11 10 34 35 43
11 10 34 35 43
11 10 34 35 43
11 10 34 35 43
11 10 34 35 43
11 10 34 35 43
11 10 34 35 43
12 10.01 31 32 45
12 10.01 31 32 45
12 10.01 31 32 45
12 10.01 31 32 45
12 10.01 31 32 45
12 10.01 31 32 45
12 10.01 31 32 45
12 10.01 32 33 45
12 10.01 32 33 45
12 10.01 32 33 45
12 10.01 32 33 45
12 10.01 32 33 45
12 10.01 32 33 45
12 10.01 32 33 45
12 10.01 32 33 45
12 10.01 32 33 45
12 10.01 32 33 45
12 10.01 33 34 45
12 10.01 33 34 45
12 10.01 33 34 45
12 10.01 33 34 45
12 10.01 33 34 45
12 10.01 33 34 45
12 10.01 33 34 45
12 10.01 33 34 45
12 10.01 33 34 45
12 10.01 33 34 45
12 10.01 34 35 45
12 10.01 34 35 45
12 10.01 34 35 45
12 10.01 34 35 45
12 10.01 34 35 45
12 10.01 35 36 45
12 10.01 35 36 45
12 10.01 35 36 45
12 10.01 35 36 45
12 10.01 37 38 45
13 10.02 29 30 106
13 10.02 29 30 106
13 10.02 29 30 106
13 10.02 29 30 106
13 10.02 29 30 106
13 10.02 29 30 106
13 10.02 30 31 106
13 10.02 30 31 106
13 10.02 30 31 106
13 10.02 30 31 106
13 10.02 30 31 106
13 10.02 30 31 106
13 10.02 30 31 106
13 10.02 30 31 106
13 10.02 30 31 106
13 10.02 30 31 106
13 10.02 31 32 106
13 10.02 31 32 106
13 10.02 31 32 106
13 10.02 31 32 106
13 10.02 31 32 106
13 10.02 31 32 106
13 10.02 31 32 106
13 10.02 31 32 106
13 10.02 31 32 106
13 10.02 31 32 106
13 10.02 32 33 106
13 10.02 32 33 106
13 10.02 32 33 106
13 10.02 32 33 106
13 10.02 32 33 106
13 10.02 32 33 106
13 10.02 32 33 106
13 10.02 32 33 106
13 10.02 32 33 106
13 10.02 32 33 106
13 10.02 32 33 106
13 10.02 32 33 106
13 10.02 32 33 106
13 10.02 32 33 106
13 10.02 32 33 106
13 10.02 32 33 106
13 10.02 32 33 106
13 10.02 32 33 106
13 10.02 32 33 106
13 10.02 32 33 106
13 10.02 32 33 106
13 10.02 32 33 106
13 10.02 32 33 106
13 10.02 32 33 106
13 10.02 32 33 106
13 10.02 32 33 106
13 10.02 32 33 106
13 10.02 32 33 106
13 10.02 32 33 106
13 10.02 33 34 106
13 10.02 33 34 106
13 10.02 33 34 106
13 10.02 33 34 106
13 10.02 33 34 106
13 10.02 33 34 106
13 10.02 33 34 106
13 10.02 33 34 106
13 10.02 33 34 106
13 10.02 33 34 106
13 10.02 33 34 106
13 10.02 33 34 106
13 10.02 33 34 106
13 10.02 33 34 106
13 10.02 33 34 106
13 10.02 33 34 106
13 10.02 33 34 106
13 10.02 33 34 106
13 10.02 33 34 106
13 10.02 33 34 106
13 10.02 33 34 106
13 10.02 33 34 106
13 10.02 35 36 106
13 10.02 35 36 106
13 10.02 35 36 106
13 10.02 35 36 106
13 10.02 35 36 106
13 10.02 35 36 106
13 10.02 35 36 106
13 10.02 35 36 106
13 10.02 35 36 106
13 10.02 35 36 106
13 10.02 39 40 106
14 10.03 32 33 120
14 10.03 33 34 120
14 10.03 33 34 120
14 10.03 34 35 120
14 10.03 34 35 120
14 10.03 34 35 120
14 10.03 34 35 120
14 10.03 34 35 120
14 10.03 34 35 120
14 10.03 35 36 120
14 10.03 35 36 120
14 10.03 35 36 120
14 10.03 35 36 120
14 10.03 35 36 120
14 10.03 35 36 120
14 10.03 35 36 120
14 10.03 35 36 120
14 10.03 35 36 120
14 10.03 35 36 120
14 10.03 35 36 120
14 10.03 35 36 120
14 10.03 35 36 120
14 10.03 35 36 120
14 10.03 35 36 120
14 10.03 35 36 120
14 10.03 35 36 120
14 10.03 35 36 120
14 10.03 35 36 120
14 10.03 35 36 120
14 10.03 35 36 120
14 10.03 35 36 120
14 10.03 35 36 120
14 10.03 35 36 120
14 10.03 35 36 120
14 10.03 35 36 120
14 10.03 35 36 120
14 10.03 35 36 120
14 10.03 35 36 120
14 10.03 35 36 120
14 10.03 35 36 120
14 10.03 35 36 120
14 10.03 35 36 120
14 10.03 35 36 120
14 10.03 35 36 120
14 10.03 35 36 120
14 10.03 35 36 120
14 10.03 35 36 120
14 10.03 35 36 120
14 10.03 35 36 120
14 10.03 35 36 120
14 10.03 35 36 120
14 10.03 35 36 120
14 10.03 35 36 120
14 10.03 35 36 120
14 10.03 35 36 120
14 10.03 35 36 120
14 10.03 35 36 120
14 10.03 35 36 120
14 10.03 35 36 120
14 10.03 36 37 120
14 10.03 36 37 120
14 10.03 36 37 120
14 10.03 36 37 120
14 10.03 36 37 120
14 10.03 36 37 120
14 10.03 36 37 120
14 10.03 36 37 120
14 10.03 36 37 120
14 10.03 36 37 120
14 10.03 36 37 120
14 10.03 36 37 120
14 10.03 36 37 120
14 10.03 36 37 120
14 10.03 36 37 120
14 10.03 36 37 120
14 10.03 36 37 120
14 10.03 36 37 120
14 10.03 36 37 120
14 10.03 36 37 120
14 10.03 36 37 120
14 10.03 36 37 120
14 10.03 36 37 120
14 10.03 36 37 120
14 10.03 36 37 120
14 10.03 36 37 120
14 10.03 36 37 120
14 10.03 36 37 120
14 10.03 36 37 120
14 10.03 36 37 120
14 10.03 36 37 120
14 10.03 36 37 120
14 10.03 36 37 120
14 10.03 36 37 120
14 10.03 37 38 120
14 10.03 37 38 120
14 10.03 37 38 120
14 10.03 37 38 120
14 10.03 37 38 120
14 10.03 38 39 120
14 10.03 41 42 120
14 10.03 41 42 120
15 10.04 31 32 42
15 10.04 33 34 42
15 10.04 33 34 42
15 10.04 33 34 42
15 10.04 33 34 42
15 10.04 33 34 42
15 10.04 34 35 42
15 10.04 34 35 42
15 10.04 34 35 42
15 10.04 34 35 42
15 10.04 34 35 42
15 10.04 34 35 42
15 10.04 34 35 42
15 10.04 34 35 42
15 10.04 34 35 42
15 10.04 34 35 42
15 10.04 34 35 42
15 10.04 34 35 42
15 10.04 35 36 42
15 10.04 35 36 42
15 10.04 35 36 42
15 10.04 35 36 42
15 10.04 35 36 42
15 10.04 36 37 42
15 10.04 36 37 42
15 10.04 40 41 42
16 15 11 12 94
16 15 11 12 94
16 15 11 12 94
16 15 11 12 94
16 15 11 12 94
16 15 11 12 94
16 15 13 14 94
16 15 13 14 94
16 15 13 14 94
16 15 13 14 94
16 15 13 14 94
16 15 13 14 94
16 15 13 14 94
16 15 13 14 94
16 15 13 14 94
16 15 13 14 94
16 15 13 14 94
16 15 13 14 94
16 15 13 14 94
16 15 13 14 94
16 15 13 14 94
16 15 13 14 94
16 15 13 14 94
16 15 13 14 94
16 15 13 14 94
16 15 13 14 94
16 15 13 14 94
16 15 13 14 94
16 15 13 14 94
16 15 13 14 94
16 15 13 14 94
16 15 13 14 94
16 15 13 14 94
16 15 13 14 94
16 15 13 14 94
16 15 14 15 94
16 15 14 15 94
16 15 14 15 94
16 15 14 15 94
16 15 14 15 94
16 15 14 15 94
16 15 14 15 94
16 15 14 15 94
16 15 14 15 94
16 15 15 16 94
16 15 15 16 94
16 15 15 16 94
16 15 15 16 94
16 15 15 16 94
16 15 15 16 94
16 15 15 16 94
16 15 15 16 94
16 15 15 16 94
16 15 15 16 94
16 15 15 16 94
16 15 15 16 94
16 15 15 16 94
16 15 15 16 94
16 15 15 16 94
16 15 15 16 94
16 15 15 16 94
16 15 15 16 94
16 15 15 16 94
16 15 15 16 94
16 15 15 16 94
16 15 15 16 94
16 15 15 16 94
16 15 15 16 94
16 15 15 16 94
16 15 15 16 94
16 15 15 16 94
16 15 15 16 94
16 15 15 16 94
16 15 15 16 94
16 15 15 16 94
16 15 15 16 94
16 15 15 16 94
16 15 15 16 94
16 15 15 16 94
16 15 15 16 94
16 15 15 16 94
16 15 15 16 94
16 15 15 16 94
17 15.01 11 12 54
17 15.01 11 12 54
17 15.01 11 12 54
17 15.01 11 12 54
17 15.01 11 12 54
17 15.01 11 12 54
17 15.01 11 12 54
17 15.01 11 12 54
17 15.01 11 12 54
17 15.01 11 12 54
17 15.01 12 13 54
17 15.01 12 13 54
17 15.01 12 13 54
17 15.01 12 13 54
17 15.01 12 13 54
17 15.01 12 13 54
17 15.01 12 13 54
17 15.01 12 13 54
17 15.01 12 13 54
17 15.01 12 13 54
17 15.01 12 13 54
17 15.01 12 13 54
17 15.01 12 13 54
17 15.01 12 13 54
17 15.01 12 13 54
17 15.01 12 13 54
17 15.01 12 13 54
17 15.01 12 13 54
17 15.01 12 13 54
17 15.01 12 13 54
17 15.01 12 13 54
17 15.01 13 14 54
17 15.01 13 14 54
17 15.01 13 14 54
17 15.01 13 14 54
17 15.01 13 14 54
17 15.01 13 14 54
17 15.01 13 14 54
17 15.01 13 14 54
17 15.01 13 14 54
17 15.01 13 14 54
17 15.01 14 15 54
17 15.01 14 15 54
17 15.01 14 15 54
17 15.01 14 15 54
17 15.01 14 15 54
17 15.01 14 15 54
17 15.01 14 15 54
17 15.01 15 16 54
17 15.01 15 16 54
18 15.02 13 14 31
18 15.02 13 14 31
18 15.02 13 14 31
18 15.02 13 14 31
18 15.02 13 14 31
18 15.02 13 14 31
18 15.02 13 14 31
18 15.02 13 14 31
18 15.02 13 14 31
18 15.02 13 14 31
18 15.02 13 14 31
18 15.02 13 14 31
18 15.02 13 14 31
18 15.02 13 14 31
18 15.02 13 14 31
18 15.02 13 14 31
18 15.02 13 14 31
18 15.02 13 14 31
18 15.02 13 14 31
18 15.02 13 14 31
18 15.02 14 15 31
18 15.02 14 15 31
18 15.02 14 15 31
18 15.02 16 17 31
18 15.02 16 17 31
19 15.03 13 14 110
19 15.03 13 14 110
19 15.03 13 14 110
19 15.03 13 14 110
19 15.03 13 14 110
19 15.03 13 14 110
19 15.03 13 14 110
19 15.03 13 14 110
19 15.03 13 14 110
19 15.03 13 14 110
19 15.03 13 14 110
19 15.03 13 14 110
19 15.03 13 14 110
19 15.03 13 14 110
19 15.03 13 14 110
19 15.03 14 15 110
19 15.03 14 15 110
19 15.03 14 15 110
19 15.03 14 15 110
19 15.03 14 15 110
19 15.03 14 15 110
19 15.03 14 15 110
19 15.03 14 15 110
19 15.03 14 15 110
19 15.03 14 15 110
19 15.03 14 15 110
19 15.03 14 15 110
19 15.03 14 15 110
19 15.03 14 15 110
19 15.03 14 15 110
19 15.03 14 15 110
19 15.03 14 15 110
19 15.03 14 15 110
19 15.03 14 15 110
19 15.03 14 15 110
19 15.03 14 15 110
19 15.03 14 15 110
19 15.03 14 15 110
19 15.03 14 15 110
19 15.03 15 16 110
19 15.03 15 16 110
19 15.03 15 16 110
19 15.03 15 16 110
19 15.03 15 16 110
19 15.03 15 16 110
19 15.03 15 16 110
19 15.03 15 16 110
19 15.03 15 16 110
19 15.03 15 16 110
19 15.03 15 16 110
19 15.03 15 16 110
19 15.03 15 16 110
19 15.03 15 16 110
19 15.03 15 16 110
19 15.03 15 16 110
19 15.03 15 16 110
19 15.03 15 16 110
19 15.03 15 16 110
19 15.03 15 16 110
19 15.03 15 16 110
19 15.03 15 16 110
19 15.03 15 16 110
19 15.03 15 16 110
19 15.03 15 16 110
19 15.03 15 16 110
19 15.03 15 16 110
19 15.03 15 16 110
19 15.03 15 16 110
19 15.03 15 16 110
19 15.03 15 16 110
19 15.03 15 16 110
19 15.03 15 16 110
19 15.03 15 16 110
19 15.03 15 16 110
19 15.03 15 16 110
19 15.03 15 16 110
19 15.03 17 18 110
19 15.03 17 18 110
19 15.03 17 18 110
19 15.03 17 18 110
20 15.04 12 13 38
20 15.04 12 13 38
20 15.04 12 13 38
20 15.04 12 13 38
20 15.04 12 13 38
20 15.04 12 13 38
20 15.04 12 13 38
20 15.04 12 13 38
20 15.04 12 13 38
20 15.04 12 13 38
20 15.04 12 13 38
20 15.04 12 13 38
20 15.04 14 15 38
20 15.04 14 15 38
20 15.04 14 15 38
20 15.04 14 15 38
20 15.04 14 15 38
20 15.04 14 15 38
20 15.04 14 15 38
20 15.04 14 15 38
20 15.04 14 15 38
20 15.04 14 15 38
20 15.04 14 15 38
20 15.04 14 15 38
20 15.04 14 15 38
20 15.04 14 15 38
20 15.04 14 15 38
21 20 6 7 192
21 20 6 7 192
21 20 6 7 192
21 20 6 7 192
21 20 6 7 192
21 20 6 7 192
21 20 6 7 192
21 20 6 7 192
21 20 6 7 192
21 20 6 7 192
21 20 6 7 192
21 20 6 7 192
21 20 6 7 192
21 20 6 7 192
21 20 6 7 192
21 20 6 7 192
21 20 6 7 192
21 20 6 7 192
21 20 6 7 192
21 20 6 7 192
21 20 6 7 192
21 20 6 7 192
21 20 6 7 192
21 20 6 7 192
21 20 6 7 192
21 20 6 7 192
21 20 6 7 192
21 20 6 7 192
21 20 6 7 192
21 20 6 7 192
21 20 6 7 192
21 20 6 7 192
21 20 6 7 192
21 20 6 7 192
21 20 6 7 192
21 20 6 7 192
21 20 6 7 192
21 20 6 7 192
21 20 6 7 192
21 20 6 7 192
21 20 6 7 192
21 20 6 7 192
21 20 6 7 192
21 20 6 7 192
21 20 6 7 192
21 20 6 7 192
21 20 6 7 192
21 20 6 7 192
21 20 6 7 192
21 20 6 7 192
21 20 6 7 192
21 20 6 7 192
21 20 6 7 192
21 20 6 7 192
21 20 6 7 192
21 20 6 7 192
21 20 6 7 192
21 20 6 7 192
21 20 6 7 192
21 20 6 7 192
21 20 6 7 192
21 20 6 7 192
21 20 6 7 192
21 20 6 7 192
21 20 6 7 192
21 20 6 7 192
21 20 6 7 192
21 20 6 7 192
21 20 6 7 192
21 20 6 7 192
21 20 6 7 192
21 20 6 7 192
21 20 6 7 192
21 20 6 7 192
21 20 6 7 192
21 20 7 8 192
21 20 7 8 192
21 20 7 8 192
21 20 7 8 192
21 20 7 8 192
21 20 7 8 192
21 20 7 8 192
21 20 7 8 192
21 20 7 8 192
21 20 7 8 192
21 20 7 8 192
21 20 7 8 192
21 20 7 8 192
21 20 7 8 192
21 20 7 8 192
21 20 7 8 192
21 20 7 8 192
21 20 7 8 192
21 20 7 8 192
21 20 7 8 192
21 20 7 8 192
21 20 7 8 192
21 20 7 8 192
21 20 7 8 192
21 20 7 8 192
21 20 7 8 192
21 20 7 8 192
21 20 7 8 192
21 20 7 8 192
21 20 7 8 192
21 20 7 8 192
21 20 7 8 192
21 20 7 8 192
21 20 7 8 192
21 20 7 8 192
21 20 7 8 192
21 20 7 8 192
21 20 7 8 192
21 20 7 8 192
21 20 7 8 192
21 20 7 8 192
21 20 7 8 192
21 20 7 8 192
21 20 7 8 192
21 20 7 8 192
21 20 7 8 192
21 20 7 8 192
21 20 7 8 192
21 20 7 8 192
21 20 7 8 192
21 20 7 8 192
21 20 7 8 192
21 20 7 8 192
21 20 7 8 192
21 20 7 8 192
21 20 7 8 192
21 20 7 8 192
21 20 7 8 192
21 20 7 8 192
21 20 7 8 192
21 20 7 8 192
21 20 7 8 192
21 20 7 8 192
21 20 7 8 192
21 20 7 8 192
21 20 7 8 192
21 20 7 8 192
21 20 7 8 192
21 20 7 8 192
21 20 7 8 192
21 20 7 8 192
21 20 7 8 192
21 20 7 8 192
21 20 7 8 192
21 20 7 8 192
21 20 7 8 192
21 20 7 8 192
21 20 7 8 192
21 20 7 8 192
21 20 7 8 192
21 20 7 8 192
21 20 7 8 192
21 20 7 8 192
21 20 7 8 192
21 20 7 8 192
21 20 7 8 192
21 20 7 8 192
21 20 7 8 192
21 20 7 8 192
21 20 7 8 192
21 20 7 8 192
21 20 7 8 192
21 20 7 8 192
21 20 7 8 192
21 20 7 8 192
21 20 7 8 192
21 20 7 8 192
21 20 7 8 192
21 20 7 8 192
21 20 7 8 192
21 20 7 8 192
21 20 7 8 192
21 20 7 8 192
21 20 7 8 192
21 20 7 8 192
21 20 7 8 192
21 20 7 8 192
21 20 7 8 192
21 20 7 8 192
21 20 7 8 192
21 20 7 8 192
21 20 7 8 192
22 20.01 7 8 243
22 20.01 7 8 243
22 20.01 7 8 243
22 20.01 7 8 243
22 20.01 7 8 243
22 20.01 7 8 243
22 20.01 7 8 243
22 20.01 7 8 243
22 20.01 7 8 243
22 20.01 7 8 243
22 20.01 7 8 243
22 20.01 7 8 243
22 20.01 7 8 243
22 20.01 7 8 243
22 20.01 7 8 243
22 20.01 7 8 243
22 20.01 7 8 243
22 20.01 7 8 243
22 20.01 7 8 243
22 20.01 7 8 243
22 20.01 7 8 243
22 20.01 7 8 243
22 20.01 7 8 243
22 20.01 7 8 243
22 20.01 7 8 243
22 20.01 7 8 243
22 20.01 7 8 243
22 20.01 7 8 243
22 20.01 7 8 243
22 20.01 7 8 243
22 20.01 7 8 243
22 20.01 7 8 243
22 20.01 7 8 243
22 20.01 7 8 243
22 20.01 7 8 243
22 20.01 7 8 243
22 20.01 7 8 243
22 20.01 7 8 243
22 20.01 7 8 243
22 20.01 7 8 243
22 20.01 7 8 243
22 20.01 7 8 243
22 20.01 7 8 243
22 20.01 7 8 243
22 20.01 7 8 243
22 20.01 7 8 243
22 20.01 7 8 243
22 20.01 7 8 243
22 20.01 7 8 243
22 20.01 7 8 243
22 20.01 7 8 243
22 20.01 7 8 243
22 20.01 7 8 243
22 20.01 7 8 243
22 20.01 7 8 243
22 20.01 7 8 243
22 20.01 7 8 243
22 20.01 7 8 243
22 20.01 7 8 243
22 20.01 7 8 243
22 20.01 7 8 243
22 20.01 7 8 243
22 20.01 7 8 243
22 20.01 7 8 243
22 20.01 7 8 243
22 20.01 7 8 243
22 20.01 7 8 243
22 20.01 7 8 243
22 20.01 7 8 243
22 20.01 7 8 243
22 20.01 7 8 243
22 20.01 7 8 243
22 20.01 7 8 243
22 20.01 7 8 243
22 20.01 7 8 243
22 20.01 7 8 243
22 20.01 7 8 243
22 20.01 7 8 243
22 20.01 7 8 243
22 20.01 7 8 243
22 20.01 7 8 243
22 20.01 7 8 243
22 20.01 7 8 243
22 20.01 7 8 243
22 20.01 7 8 243
22 20.01 7 8 243
22 20.01 7 8 243
22 20.01 7 8 243
22 20.01 7 8 243
22 20.01 7 8 243
22 20.01 7 8 243
22 20.01 7 8 243
22 20.01 7 8 243
22 20.01 7 8 243
22 20.01 7 8 243
22 20.01 7 8 243
22 20.01 7 8 243
22 20.01 7 8 243
22 20.01 7 8 243
22 20.01 7 8 243
22 20.01 7 8 243
22 20.01 7 8 243
22 20.01 7 8 243
22 20.01 7 8 243
22 20.01 7 8 243
22 20.01 7 8 243
22 20.01 7 8 243
22 20.01 7 8 243
22 20.01 7 8 243
22 20.01 7 8 243
22 20.01 7 8 243
22 20.01 7 8 243
22 20.01 7 8 243
22 20.01 8 9 243
22 20.01 8 9 243
22 20.01 8 9 243
22 20.01 8 9 243
22 20.01 8 9 243
22 20.01 8 9 243
22 20.01 8 9 243
22 20.01 8 9 243
22 20.01 8 9 243
22 20.01 8 9 243
22 20.01 8 9 243
22 20.01 8 9 243
22 20.01 8 9 243
22 20.01 8 9 243
22 20.01 8 9 243
22 20.01 8 9 243
22 20.01 8 9 243
22 20.01 8 9 243
22 20.01 8 9 243
22 20.01 8 9 243
22 20.01 8 9 243
22 20.01 8 9 243
22 20.01 8 9 243
22 20.01 8 9 243
22 20.01 8 9 243
22 20.01 8 9 243
22 20.01 8 9 243
22 20.01 8 9 243
22 20.01 8 9 243
22 20.01 8 9 243
22 20.01 8 9 243
22 20.01 8 9 243
22 20.01 8 9 243
22 20.01 8 9 243
22 20.01 8 9 243
22 20.01 8 9 243
22 20.01 8 9 243
22 20.01 8 9 243
22 20.01 8 9 243
22 20.01 8 9 243
22 20.01 8 9 243
22 20.01 8 9 243
22 20.01 8 9 243
22 20.01 8 9 243
22 20.01 8 9 243
22 20.01 8 9 243
22 20.01 8 9 243
22 20.01 8 9 243
22 20.01 8 9 243
22 20.01 8 9 243
22 20.01 8 9 243
22 20.01 8 9 243
22 20.01 8 9 243
22 20.01 8 9 243
22 20.01 8 9 243
22 20.01 8 9 243
22 20.01 8 9 243
22 20.01 8 9 243
22 20.01 8 9 243
22 20.01 8 9 243
22 20.01 8 9 243
22 20.01 8 9 243
22 20.01 8 9 243
22 20.01 8 9 243
22 20.01 8 9 243
22 20.01 8 9 243
22 20.01 8 9 243
22 20.01 8 9 243
22 20.01 8 9 243
22 20.01 8 9 243
22 20.01 8 9 243
22 20.01 8 9 243
22 20.01 8 9 243
22 20.01 8 9 243
22 20.01 8 9 243
22 20.01 8 9 243
22 20.01 8 9 243
22 20.01 8 9 243
22 20.01 8 9 243
22 20.01 8 9 243
22 20.01 8 9 243
22 20.01 8 9 243
22 20.01 8 9 243
22 20.01 8 9 243
22 20.01 8 9 243
22 20.01 8 9 243
22 20.01 8 9 243
22 20.01 8 9 243
22 20.01 8 9 243
22 20.01 8 9 243
22 20.01 8 9 243
22 20.01 8 9 243
22 20.01 8 9 243
22 20.01 8 9 243
22 20.01 8 9 243
22 20.01 8 9 243
22 20.01 8 9 243
22 20.01 8 9 243
22 20.01 8 9 243
22 20.01 9 10 243
22 20.01 9 10 243
22 20.01 9 10 243
22 20.01 9 10 243
22 20.01 9 10 243
22 20.01 9 10 243
22 20.01 9 10 243
22 20.01 9 10 243
22 20.01 9 10 243
22 20.01 9 10 243
22 20.01 9 10 243
22 20.01 9 10 243
22 20.01 9 10 243
22 20.01 9 10 243
22 20.01 9 10 243
22 20.01 9 10 243
22 20.01 9 10 243
22 20.01 9 10 243
23 20.02 6 7 383
23 20.02 6 7 383
23 20.02 6 7 383
23 20.02 6 7 383
23 20.02 6 7 383
23 20.02 6 7 383
23 20.02 6 7 383
23 20.02 6 7 383
23 20.02 6 7 383
23 20.02 6 7 383
23 20.02 6 7 383
23 20.02 6 7 383
23 20.02 6 7 383
23 20.02 6 7 383
23 20.02 6 7 383
23 20.02 6 7 383
23 20.02 6 7 383
23 20.02 6 7 383
23 20.02 6 7 383
23 20.02 6 7 383
23 20.02 6 7 383
23 20.02 6 7 383
23 20.02 6 7 383
23 20.02 6 7 383
23 20.02 6 7 383
23 20.02 6 7 383
23 20.02 6 7 383
23 20.02 6 7 383
23 20.02 6 7 383
23 20.02 6 7 383
23 20.02 6 7 383
23 20.02 6 7 383
23 20.02 6 7 383
23 20.02 6 7 383
23 20.02 6 7 383
23 20.02 6 7 383
23 20.02 6 7 383
23 20.02 6 7 383
23 20.02 6 7 383
23 20.02 6 7 383
23 20.02 6 7 383
23 20.02 6 7 383
23 20.02 6 7 383
23 20.02 6 7 383
23 20.02 6 7 383
23 20.02 6 7 383
23 20.02 6 7 383
23 20.02 6 7 383
23 20.02 6 7 383
23 20.02 6 7 383
23 20.02 6 7 383
23 20.02 6 7 383
23 20.02 6 7 383
23 20.02 6 7 383
23 20.02 6 7 383
23 20.02 6 7 383
23 20.02 6 7 383
23 20.02 6 7 383
23 20.02 6 7 383
23 20.02 6 7 383
23 20.02 6 7 383
23 20.02 6 7 383
23 20.02 6 7 383
23 20.02 6 7 383
23 20.02 6 7 383
23 20.02 6 7 383
23 20.02 6 7 383
23 20.02 6 7 383
23 20.02 6 7 383
23 20.02 6 7 383
23 20.02 6 7 383
23 20.02 6 7 383
23 20.02 6 7 383
23 20.02 6 7 383
23 20.02 6 7 383
23 20.02 6 7 383
23 20.02 6 7 383
23 20.02 6 7 383
23 20.02 6 7 383
23 20.02 6 7 383
23 20.02 6 7 383
23 20.02 6 7 383
23 20.02 6 7 383
23 20.02 6 7 383
23 20.02 6 7 383
23 20.02 6 7 383
23 20.02 6 7 383
23 20.02 6 7 383
23 20.02 6 7 383
23 20.02 6 7 383
23 20.02 6 7 383
23 20.02 6 7 383
23 20.02 6 7 383
23 20.02 6 7 383
23 20.02 6 7 383
23 20.02 6 7 383
23 20.02 6 7 383
23 20.02 6 7 383
23 20.02 6 7 383
23 20.02 6 7 383
23 20.02 6 7 383
23 20.02 6 7 383
23 20.02 6 7 383
23 20.02 6 7 383
23 20.02 6 7 383
23 20.02 6 7 383
23 20.02 6 7 383
23 20.02 6 7 383
23 20.02 6 7 383
23 20.02 6 7 383
23 20.02 6 7 383
23 20.02 6 7 383
23 20.02 6 7 383
23 20.02 6 7 383
23 20.02 6 7 383
23 20.02 6 7 383
23 20.02 6 7 383
23 20.02 6 7 383
23 20.02 6 7 383
23 20.02 6 7 383
23 20.02 6 7 383
23 20.02 6 7 383
23 20.02 6 7 383
23 20.02 6 7 383
23 20.02 6 7 383
23 20.02 6 7 383
23 20.02 6 7 383
23 20.02 6 7 383
23 20.02 6 7 383
23 20.02 6 7 383
23 20.02 6 7 383
23 20.02 6 7 383
23 20.02 6 7 383
23 20.02 6 7 383
23 20.02 6 7 383
23 20.02 6 7 383
23 20.02 6 7 383
23 20.02 6 7 383
23 20.02 6 7 383
23 20.02 6 7 383
23 20.02 6 7 383
23 20.02 6 7 383
23 20.02 6 7 383
23 20.02 6 7 383
23 20.02 6 7 383
23 20.02 6 7 383
23 20.02 6 7 383
23 20.02 6 7 383
23 20.02 6 7 383
23 20.02 6 7 383
23 20.02 6 7 383
23 20.02 6 7 383
23 20.02 6 7 383
23 20.02 6 7 383
23 20.02 6 7 383
23 20.02 6 7 383
23 20.02 6 7 383
23 20.02 6 7 383
23 20.02 6 7 383
23 20.02 6 7 383
23 20.02 6 7 383
23 20.02 6 7 383
23 20.02 6 7 383
23 20.02 6 7 383
23 20.02 6 7 383
23 20.02 6 7 383
23 20.02 6 7 383
23 20.02 6 7 383
23 20.02 6 7 383
23 20.02 6 7 383
23 20.02 6 7 383
23 20.02 6 7 383
23 20.02 6 7 383
23 20.02 6 7 383
23 20.02 6 7 383
23 20.02 6 7 383
23 20.02 6 7 383
23 20.02 6 7 383
23 20.02 6 7 383
23 20.02 6 7 383
23 20.02 6 7 383
23 20.02 6 7 383
23 20.02 6 7 383
23 20.02 6 7 383
23 20.02 6 7 383
23 20.02 6 7 383
23 20.02 6 7 383
23 20.02 7 8 383
23 20.02 7 8 383
23 20.02 7 8 383
23 20.02 7 8 383
23 20.02 7 8 383
23 20.02 7 8 383
23 20.02 7 8 383
23 20.02 7 8 383
23 20.02 7 8 383
23 20.02 7 8 383
23 20.02 7 8 383
23 20.02 7 8 383
23 20.02 7 8 383
23 20.02 7 8 383
23 20.02 7 8 383
23 20.02 7 8 383
23 20.02 7 8 383
23 20.02 7 8 383
23 20.02 7 8 383
23 20.02 7 8 383
23 20.02 7 8 383
23 20.02 7 8 383
23 20.02 7 8 383
23 20.02 7 8 383
23 20.02 7 8 383
23 20.02 7 8 383
23 20.02 7 8 383
23 20.02 7 8 383
23 20.02 7 8 383
23 20.02 7 8 383
23 20.02 7 8 383
23 20.02 7 8 383
23 20.02 7 8 383
23 20.02 7 8 383
23 20.02 7 8 383
23 20.02 7 8 383
23 20.02 7 8 383
23 20.02 7 8 383
23 20.02 7 8 383
23 20.02 7 8 383
23 20.02 7 8 383
23 20.02 7 8 383
23 20.02 7 8 383
23 20.02 7 8 383
23 20.02 7 8 383
23 20.02 7 8 383
23 20.02 7 8 383
23 20.02 7 8 383
23 20.02 7 8 383
23 20.02 7 8 383
23 20.02 7 8 383
23 20.02 7 8 383
23 20.02 7 8 383
23 20.02 7 8 383
23 20.02 7 8 383
23 20.02 7 8 383
23 20.02 7 8 383
23 20.02 7 8 383
23 20.02 7 8 383
23 20.02 7 8 383
23 20.02 7 8 383
23 20.02 7 8 383
23 20.02 7 8 383
23 20.02 7 8 383
23 20.02 7 8 383
23 20.02 7 8 383
23 20.02 7 8 383
23 20.02 7 8 383
23 20.02 7 8 383
23 20.02 7 8 383
23 20.02 7 8 383
23 20.02 7 8 383
23 20.02 7 8 383
23 20.02 7 8 383
23 20.02 7 8 383
23 20.02 7 8 383
23 20.02 7 8 383
23 20.02 7 8 383
23 20.02 7 8 383
23 20.02 7 8 383
23 20.02 7 8 383
23 20.02 7 8 383
23 20.02 7 8 383
23 20.02 7 8 383
23 20.02 7 8 383
23 20.02 7 8 383
23 20.02 7 8 383
23 20.02 7 8 383
23 20.02 7 8 383
23 20.02 7 8 383
23 20.02 7 8 383
23 20.02 7 8 383
23 20.02 7 8 383
23 20.02 7 8 383
23 20.02 7 8 383
23 20.02 7 8 383
23 20.02 7 8 383
23 20.02 7 8 383
23 20.02 7 8 383
23 20.02 7 8 383
23 20.02 7 8 383
23 20.02 7 8 383
23 20.02 7 8 383
23 20.02 7 8 383
23 20.02 7 8 383
23 20.02 7 8 383
23 20.02 7 8 383
23 20.02 7 8 383
23 20.02 7 8 383
23 20.02 7 8 383
23 20.02 7 8 383
23 20.02 7 8 383
23 20.02 7 8 383
23 20.02 7 8 383
23 20.02 7 8 383
23 20.02 7 8 383
23 20.02 7 8 383
23 20.02 7 8 383
23 20.02 7 8 383
23 20.02 7 8 383
23 20.02 7 8 383
23 20.02 7 8 383
23 20.02 7 8 383
23 20.02 7 8 383
23 20.02 7 8 383
23 20.02 7 8 383
23 20.02 7 8 383
23 20.02 7 8 383
23 20.02 7 8 383
23 20.02 7 8 383
23 20.02 7 8 383
23 20.02 7 8 383
23 20.02 7 8 383
23 20.02 7 8 383
23 20.02 7 8 383
23 20.02 7 8 383
23 20.02 7 8 383
23 20.02 7 8 383
23 20.02 7 8 383
23 20.02 7 8 383
23 20.02 7 8 383
23 20.02 7 8 383
23 20.02 7 8 383
23 20.02 7 8 383
23 20.02 7 8 383
23 20.02 7 8 383
23 20.02 7 8 383
23 20.02 7 8 383
23 20.02 7 8 383
23 20.02 7 8 383
23 20.02 7 8 383
23 20.02 7 8 383
23 20.02 7 8 383
23 20.02 7 8 383
23 20.02 7 8 383
23 20.02 7 8 383
23 20.02 7 8 383
23 20.02 7 8 383
23 20.02 7 8 383
23 20.02 7 8 383
23 20.02 7 8 383
23 20.02 8 9 383
23 20.02 8 9 383
23 20.02 8 9 383
23 20.02 8 9 383
23 20.02 8 9 383
23 20.02 8 9 383
23 20.02 8 9 383
23 20.02 8 9 383
23 20.02 8 9 383
23 20.02 8 9 383
23 20.02 8 9 383
23 20.02 8 9 383
23 20.02 8 9 383
24 20.03 6 7 440
24 20.03 6 7 440
24 20.03 6 7 440
24 20.03 6 7 440
24 20.03 6 7 440
24 20.03 6 7 440
24 20.03 6 7 440
24 20.03 6 7 440
24 20.03 6 7 440
24 20.03 6 7 440
24 20.03 6 7 440
24 20.03 6 7 440
24 20.03 6 7 440
24 20.03 6 7 440
24 20.03 6 7 440
24 20.03 6 7 440
24 20.03 6 7 440
24 20.03 6 7 440
24 20.03 6 7 440
24 20.03 6 7 440
24 20.03 6 7 440
24 20.03 6 7 440
24 20.03 6 7 440
24 20.03 6 7 440
24 20.03 6 7 440
24 20.03 6 7 440
24 20.03 6 7 440
24 20.03 6 7 440
24 20.03 6 7 440
24 20.03 6 7 440
24 20.03 6 7 440
24 20.03 6 7 440
24 20.03 6 7 440
24 20.03 6 7 440
24 20.03 6 7 440
24 20.03 6 7 440
24 20.03 6 7 440
24 20.03 6 7 440
24 20.03 6 7 440
24 20.03 6 7 440
24 20.03 6 7 440
24 20.03 6 7 440
24 20.03 6 7 440
24 20.03 6 7 440
24 20.03 6 7 440
24 20.03 6 7 440
24 20.03 6 7 440
24 20.03 6 7 440
24 20.03 6 7 440
24 20.03 6 7 440
24 20.03 6 7 440
24 20.03 6 7 440
24 20.03 6 7 440
24 20.03 6 7 440
24 20.03 6 7 440
24 20.03 6 7 440
24 20.03 6 7 440
24 20.03 6 7 440
24 20.03 6 7 440
24 20.03 6 7 440
24 20.03 6 7 440
24 20.03 6 7 440
24 20.03 6 7 440
24 20.03 6 7 440
24 20.03 6 7 440
24 20.03 6 7 440
24 20.03 6 7 440
24 20.03 6 7 440
24 20.03 6 7 440
24 20.03 6 7 440
24 20.03 6 7 440
24 20.03 6 7 440
24 20.03 6 7 440
24 20.03 6 7 440
24 20.03 6 7 440
24 20.03 6 7 440
24 20.03 6 7 440
24 20.03 6 7 440
24 20.03 6 7 440
24 20.03 6 7 440
24 20.03 6 7 440
24 20.03 6 7 440
24 20.03 6 7 440
24 20.03 6 7 440
24 20.03 6 7 440
24 20.03 6 7 440
24 20.03 6 7 440
24 20.03 6 7 440
24 20.03 6 7 440
24 20.03 6 7 440
24 20.03 6 7 440
24 20.03 6 7 440
24 20.03 6 7 440
24 20.03 6 7 440
24 20.03 6 7 440
24 20.03 6 7 440
24 20.03 6 7 440
24 20.03 6 7 440
24 20.03 6 7 440
24 20.03 6 7 440
24 20.03 6 7 440
24 20.03 6 7 440
24 20.03 6 7 440
24 20.03 6 7 440
24 20.03 6 7 440
24 20.03 6 7 440
24 20.03 6 7 440
24 20.03 6 7 440
24 20.03 6 7 440
24 20.03 6 7 440
24 20.03 6 7 440
24 20.03 6 7 440
24 20.03 6 7 440
24 20.03 6 7 440
24 20.03 6 7 440
24 20.03 6 7 440
24 20.03 6 7 440
24 20.03 6 7 440
24 20.03 6 7 440
24 20.03 6 7 440
24 20.03 6 7 440
24 20.03 6 7 440
24 20.03 6 7 440
24 20.03 6 7 440
24 20.03 6 7 440
24 20.03 6 7 440
24 20.03 6 7 440
24 20.03 6 7 440
24 20.03 6 7 440
24 20.03 6 7 440
24 20.03 6 7 440
24 20.03 6 7 440
24 20.03 6 7 440
24 20.03 6 7 440
24 20.03 6 7 440
24 20.03 6 7 440
24 20.03 6 7 440
24 20.03 6 7 440
24 20.03 6 7 440
24 20.03 6 7 440
24 20.03 6 7 440
24 20.03 6 7 440
24 20.03 6 7 440
24 20.03 6 7 440
24 20.03 6 7 440
24 20.03 6 7 440
24 20.03 6 7 440
24 20.03 6 7 440
24 20.03 6 7 440
24 20.03 6 7 440
24 20.03 7 8 440
24 20.03 7 8 440
24 20.03 7 8 440
24 20.03 7 8 440
24 20.03 7 8 440
24 20.03 7 8 440
24 20.03 7 8 440
24 20.03 7 8 440
24 20.03 7 8 440
24 20.03 7 8 440
24 20.03 7 8 440
24 20.03 7 8 440
24 20.03 7 8 440
24 20.03 7 8 440
24 20.03 7 8 440
24 20.03 7 8 440
24 20.03 7 8 440
24 20.03 7 8 440
24 20.03 7 8 440
24 20.03 7 8 440
24 20.03 7 8 440
24 20.03 7 8 440
24 20.03 7 8 440
24 20.03 7 8 440
24 20.03 7 8 440
24 20.03 7 8 440
24 20.03 7 8 440
24 20.03 7 8 440
24 20.03 7 8 440
24 20.03 7 8 440
24 20.03 7 8 440
24 20.03 7 8 440
24 20.03 7 8 440
24 20.03 7 8 440
24 20.03 7 8 440
24 20.03 7 8 440
24 20.03 7 8 440
24 20.03 7 8 440
24 20.03 7 8 440
24 20.03 7 8 440
24 20.03 7 8 440
24 20.03 7 8 440
24 20.03 7 8 440
24 20.03 7 8 440
24 20.03 7 8 440
24 20.03 7 8 440
24 20.03 7 8 440
24 20.03 7 8 440
24 20.03 7 8 440
24 20.03 7 8 440
24 20.03 7 8 440
24 20.03 7 8 440
24 20.03 7 8 440
24 20.03 7 8 440
24 20.03 7 8 440
24 20.03 7 8 440
24 20.03 7 8 440
24 20.03 7 8 440
24 20.03 7 8 440
24 20.03 7 8 440
24 20.03 7 8 440
24 20.03 7 8 440
24 20.03 7 8 440
24 20.03 7 8 440
24 20.03 7 8 440
24 20.03 7 8 440
24 20.03 7 8 440
24 20.03 7 8 440
24 20.03 7 8 440
24 20.03 7 8 440
24 20.03 7 8 440
24 20.03 7 8 440
24 20.03 7 8 440
24 20.03 7 8 440
24 20.03 7 8 440
24 20.03 7 8 440
24 20.03 7 8 440
24 20.03 7 8 440
24 20.03 7 8 440
24 20.03 7 8 440
24 20.03 7 8 440
24 20.03 7 8 440
24 20.03 7 8 440
24 20.03 7 8 440
24 20.03 7 8 440
24 20.03 7 8 440
24 20.03 7 8 440
24 20.03 7 8 440
24 20.03 7 8 440
24 20.03 7 8 440
24 20.03 7 8 440
24 20.03 7 8 440
24 20.03 7 8 440
24 20.03 7 8 440
24 20.03 7 8 440
24 20.03 7 8 440
24 20.03 7 8 440
24 20.03 7 8 440
24 20.03 7 8 440
24 20.03 7 8 440
24 20.03 7 8 440
24 20.03 7 8 440
24 20.03 7 8 440
24 20.03 7 8 440
24 20.03 7 8 440
24 20.03 7 8 440
24 20.03 7 8 440
24 20.03 7 8 440
24 20.03 7 8 440
24 20.03 7 8 440
24 20.03 7 8 440
24 20.03 7 8 440
24 20.03 7 8 440
24 20.03 7 8 440
24 20.03 7 8 440
24 20.03 7 8 440
24 20.03 7 8 440
24 20.03 7 8 440
24 20.03 7 8 440
24 20.03 7 8 440
24 20.03 7 8 440
24 20.03 7 8 440
24 20.03 7 8 440
24 20.03 7 8 440
24 20.03 7 8 440
24 20.03 7 8 440
24 20.03 7 8 440
24 20.03 7 8 440
24 20.03 7 8 440
24 20.03 7 8 440
24 20.03 7 8 440
24 20.03 7 8 440
24 20.03 7 8 440
24 20.03 7 8 440
24 20.03 7 8 440
24 20.03 7 8 440
24 20.03 7 8 440
24 20.03 7 8 440
24 20.03 7 8 440
24 20.03 7 8 440
24 20.03 7 8 440
24 20.03 7 8 440
24 20.03 7 8 440
24 20.03 7 8 440
24 20.03 7 8 440
24 20.03 7 8 440
24 20.03 7 8 440
24 20.03 7 8 440
24 20.03 7 8 440
24 20.03 7 8 440
24 20.03 7 8 440
24 20.03 7 8 440
24 20.03 7 8 440
24 20.03 7 8 440
24 20.03 7 8 440
24 20.03 7 8 440
24 20.03 7 8 440
24 20.03 7 8 440
24 20.03 7 8 440
24 20.03 7 8 440
24 20.03 7 8 440
24 20.03 7 8 440
24 20.03 7 8 440
24 20.03 7 8 440
24 20.03 7 8 440
24 20.03 7 8 440
24 20.03 7 8 440
24 20.03 7 8 440
24 20.03 7 8 440
24 20.03 7 8 440
24 20.03 7 8 440
24 20.03 7 8 440
24 20.03 7 8 440
24 20.03 7 8 440
24 20.03 7 8 440
24 20.03 7 8 440
24 20.03 7 8 440
24 20.03 7 8 440
24 20.03 7 8 440
24 20.03 7 8 440
24 20.03 7 8 440
24 20.03 7 8 440
24 20.03 7 8 440
24 20.03 7 8 440
24 20.03 7 8 440
24 20.03 7 8 440
24 20.03 7 8 440
24 20.03 7 8 440
24 20.03 7 8 440
24 20.03 7 8 440
24 20.03 7 8 440
24 20.03 7 8 440
24 20.03 7 8 440
24 20.03 7 8 440
24 20.03 7 8 440
24 20.03 7 8 440
24 20.03 7 8 440
24 20.03 7 8 440
24 20.03 7 8 440
24 20.03 7 8 440
24 20.03 8 9 440
24 20.03 8 9 440
24 20.03 8 9 440
24 20.03 8 9 440
24 20.03 8 9 440
24 20.03 8 9 440
24 20.03 8 9 440
24 20.03 8 9 440
24 20.03 8 9 440
24 20.03 8 9 440
24 20.03 8 9 440
24 20.03 8 9 440
24 20.03 8 9 440
24 20.03 8 9 440
24 20.03 8 9 440
24 20.03 8 9 440
24 20.03 8 9 440
24 20.03 8 9 440
24 20.03 8 9 440
24 20.03 8 9 440
24 20.03 8 9 440
24 20.03 8 9 440
24 20.03 8 9 440
24 20.03 8 9 440
24 20.03 8 9 440
24 20.03 8 9 440
24 20.03 8 9 440
24 20.03 8 9 440
24 20.03 8 9 440
24 20.03 8 9 440
24 20.03 8 9 440
24 20.03 8 9 440
24 20.03 8 9 440
24 20.03 8 9 440
24 20.03 8 9 440
24 20.03 8 9 440
24 20.03 8 9 440
24 20.03 8 9 440
24 20.03 8 9 440
24 20.03 8 9 440
24 20.03 8 9 440
24 20.03 8 9 440
24 20.03 8 9 440
24 20.03 8 9 440
24 20.03 8 9 440
24 20.03 8 9 440
24 20.03 8 9 440
24 20.03 8 9 440
24 20.03 8 9 440
24 20.03 8 9 440
24 20.03 8 9 440
24 20.03 8 9 440
24 20.03 8 9 440
24 20.03 8 9 440
24 20.03 8 9 440
24 20.03 8 9 440
24 20.03 8 9 440
24 20.03 8 9 440
24 20.03 8 9 440
24 20.03 8 9 440
24 20.03 9 10 440
24 20.03 9 10 440
25 25 3 4 90
25 25 3 4 90
25 25 3 4 90
25 25 3 4 90
25 25 3 4 90
25 25 3 4 90
25 25 3 4 90
25 25 3 4 90
25 25 3 4 90
25 25 3 4 90
25 25 3 4 90
25 25 3 4 90
25 25 3 4 90
25 25 3 4 90
25 25 3 4 90
25 25 3 4 90
25 25 3 4 90
25 25 3 4 90
25 25 3 4 90
25 25 3 4 90
25 25 4 5 90
25 25 4 5 90
25 25 4 5 90
25 25 4 5 90
25 25 4 5 90
25 25 4 5 90
25 25 4 5 90
25 25 4 5 90
25 25 4 5 90
25 25 4 5 90
25 25 4 5 90
25 25 4 5 90
25 25 4 5 90
25 25 4 5 90
25 25 4 5 90
25 25 4 5 90
25 25 4 5 90
25 25 4 5 90
25 25 4 5 90
25 25 4 5 90
25 25 4 5 90
25 25 4 5 90
25 25 4 5 90
25 25 4 5 90
25 25 4 5 90
25 25 4 5 90
25 25 4 5 90
25 25 4 5 90
25 25 4 5 90
25 25 4 5 90
25 25 4 5 90
25 25 4 5 90
25 25 4 5 90
25 25 4 5 90
25 25 4 5 90
25 25 4 5 90
25 25 4 5 90
25 25 4 5 90
25 25 4 5 90
25 25 4 5 90
25 25 4 5 90
25 25 4 5 90
25 25 4 5 90
25 25 4 5 90
25 25 4 5 90
25 25 4 5 90
25 25 4 5 90
25 25 4 5 90
25 25 4 5 90
25 25 4 5 90
25 25 4 5 90
25 25 4 5 90
25 25 4 5 90
25 25 4 5 90
25 25 4 5 90
25 25 4 5 90
25 25 4 5 90
25 25 4 5 90
25 25 4 5 90
25 25 4 5 90
26 25.01 3 4 83
26 25.01 3 4 83
26 25.01 3 4 83
26 25.01 3 4 83
26 25.01 3 4 83
26 25.01 3 4 83
26 25.01 3 4 83
26 25.01 3 4 83
26 25.01 3 4 83
26 25.01 3 4 83
26 25.01 3 4 83
26 25.01 3 4 83
26 25.01 3 4 83
26 25.01 3 4 83
26 25.01 3 4 83
26 25.01 3 4 83
26 25.01 3 4 83
26 25.01 3 4 83
26 25.01 3 4 83
26 25.01 3 4 83
26 25.01 3 4 83
26 25.01 3 4 83
26 25.01 3 4 83
26 25.01 3 4 83
26 25.01 3 4 83
26 25.01 3 4 83
26 25.01 3 4 83
26 25.01 3 4 83
26 25.01 3 4 83
26 25.01 3 4 83
26 25.01 3 4 83
26 25.01 3 4 83
26 25.01 3 4 83
26 25.01 3 4 83
26 25.01 3 4 83
26 25.01 3 4 83
26 25.01 3 4 83
26 25.01 3 4 83
26 25.01 3 4 83
26 25.01 3 4 83
26 25.01 3 4 83
26 25.01 3 4 83
26 25.01 3 4 83
26 25.01 3 4 83
26 25.01 3 4 83
26 25.01 3 4 83
26 25.01 3 4 83
26 25.01 3 4 83
26 25.01 3 4 83
26 25.01 3 4 83
26 25.01 3 4 83
26 25.01 3 4 83
26 25.01 3 4 83
26 25.01 3 4 83
26 25.01 4 5 83
26 25.01 4 5 83
26 25.01 4 5 83
26 25.01 4 5 83
26 25.01 4 5 83
26 25.01 4 5 83
26 25.01 4 5 83
26 25.01 4 5 83
26 25.01 4 5 83
26 25.01 4 5 83
26 25.01 4 5 83
26 25.01 4 5 83
26 25.01 4 5 83
26 25.01 4 5 83
26 25.01 4 5 83
26 25.01 4 5 83
26 25.01 4 5 83
26 25.01 4 5 83
26 25.01 4 5 83
26 25.01 4 5 83
26 25.01 4 5 83
26 25.01 4 5 83
27 25.02 3 4 72
27 25.02 3 4 72
27 25.02 3 4 72
27 25.02 3 4 72
27 25.02 3 4 72
27 25.02 3 4 72
27 25.02 3 4 72
27 25.02 3 4 72
27 25.02 3 4 72
27 25.02 3 4 72
27 25.02 3 4 72
27 25.02 3 4 72
27 25.02 3 4 72
27 25.02 3 4 72
27 25.02 3 4 72
27 25.02 3 4 72
27 25.02 3 4 72
27 25.02 3 4 72
27 25.02 3 4 72
27 25.02 3 4 72
27 25.02 3 4 72
27 25.02 3 4 72
27 25.02 3 4 72
27 25.02 3 4 72
27 25.02 3 4 72
27 25.02 3 4 72
27 25.02 3 4 72
27 25.02 3 4 72
27 25.02 3 4 72
27 25.02 3 4 72
27 25.02 3 4 72
27 25.02 3 4 72
27 25.02 3 4 72
27 25.02 3 4 72
27 25.02 3 4 72
27 25.02 3 4 72
27 25.02 3 4 72
27 25.02 3 4 72
27 25.02 3 4 72
27 25.02 3 4 72
27 25.02 3 4 72
27 25.02 3 4 72
27 25.02 3 4 72
27 25.02 3 4 72
27 25.02 3 4 72
27 25.02 3 4 72
27 25.02 3 4 72
27 25.02 3 4 72
27 25.02 3 4 72
27 25.02 3 4 72
27 25.02 3 4 72
27 25.02 3 4 72
27 25.02 3 4 72
27 25.02 3 4 72
27 25.02 3 4 72
27 25.02 3 4 72
27 25.02 3 4 72
27 25.02 3 4 72
27 25.02 3 4 72
27 25.02 3 4 72
27 25.02 3 4 72
27 25.02 3 4 72
27 25.02 4 5 72
27 25.02 4 5 72
27 25.02 4 5 72
27 25.02 4 5 72
27 25.02 4 5 72
27 25.02 4 5 72
28 30 3 4 61
28 30 3 4 61
28 30 3 4 61
28 30 3 4 61
28 30 3 4 61
28 30 3 4 61
28 30 3 4 61
28 30 3 4 61
28 30 3 4 61
28 30 3 4 61
28 30 3 4 61
28 30 3 4 61
28 30 3 4 61
28 30 3 4 61
28 30 3 4 61
28 30 3 4 61
28 30 3 4 61
28 30 3 4 61
28 30 3 4 61
28 30 3 4 61
28 30 3 4 61
28 30 3 4 61
28 30 3 4 61
28 30 3 4 61
28 30 3 4 61
28 30 3 4 61
28 30 4 5 61
28 30 4 5 61
28 30 4 5 61
28 30 4 5 61
28 30 4 5 61
28 30 4 5 61
28 30 4 5 61
28 30 4 5 61
28 30 4 5 61
28 30 4 5 61
28 30 4 5 61
28 30 4 5 61
28 30 4 5 61
28 30 4 5 61
28 30 4 5 61
28 30 4 5 61
28 30 4 5 61
28 30 4 5 61
28 30 4 5 61
28 30 4 5 61
28 30 4 5 61
28 30 4 5 61
28 30 4 5 61
28 30 4 5 61
28 30 4 5 61
28 30 4 5 61
28 30 4 5 61
29 30.01 3 4 54
29 30.01 3 4 54
29 30.01 3 4 54
29 30.01 3 4 54
29 30.01 3 4 54
29 30.01 3 4 54
29 30.01 3 4 54
29 30.01 3 4 54
29 30.01 3 4 54
29 30.01 3 4 54
29 30.01 3 4 54
29 30.01 3 4 54
29 30.01 4 5 54
29 30.01 4 5 54
29 30.01 4 5 54
29 30.01 4 5 54
29 30.01 4 5 54
29 30.01 4 5 54
29 30.01 4 5 54
29 30.01 4 5 54
29 30.01 4 5 54
29 30.01 4 5 54
29 30.01 4 5 54
29 30.01 4 5 54
29 30.01 4 5 54
29 30.01 4 5 54
29 30.01 4 5 54
29 30.01 4 5 54
29 30.01 4 5 54
29 30.01 4 5 54
29 30.01 4 5 54
29 30.01 4 5 54
29 30.01 4 5 54
29 30.01 4 5 54
29 30.01 4 5 54
29 30.01 4 5 54
29 30.01 4 5 54
29 30.01 4 5 54
29 30.01 4 5 54
29 30.01 4 5 54
29 30.01 4 5 54
29 30.01 4 5 54
29 30.01 4 5 54
29 30.01 4 5 54
30 30.02 3 4 100
30 30.02 3 4 100
30 30.02 3 4 100
30 30.02 3 4 100
30 30.02 3 4 100
30 30.02 3 4 100
30 30.02 3 4 100
30 30.02 3 4 100
30 30.02 3 4 100
30 30.02 3 4 100
30 30.02 3 4 100
30 30.02 3 4 100
30 30.02 3 4 100
30 30.02 3 4 100
30 30.02 4 5 100
30 30.02 4 5 100
30 30.02 4 5 100
30 30.02 4 5 100
30 30.02 4 5 100
30 30.02 4 5 100
30 30.02 4 5 100
30 30.02 4 5 100
30 30.02 4 5 100
30 30.02 4 5 100
30 30.02 4 5 100
30 30.02 4 5 100
30 30.02 4 5 100
30 30.02 4 5 100
30 30.02 4 5 100
30 30.02 4 5 100
30 30.02 4 5 100
30 30.02 4 5 100
30 30.02 4 5 100
30 30.02 4 5 100
30 30.02 4 5 100
30 30.02 4 5 100
30 30.02 4 5 100
30 30.02 4 5 100
30 30.02 4 5 100
30 30.02 4 5 100
30 30.02 4 5 100
30 30.02 4 5 100
30 30.02 4 5 100
30 30.02 4 5 100
30 30.02 4 5 100
30 30.02 4 5 100
30 30.02 4 5 100
30 30.02 4 5 100
30 30.02 4 5 100
30 30.02 4 5 100
30 30.02 4 5 100
30 30.02 4 5 100
30 30.02 4 5 100
30 30.02 4 5 100
30 30.02 4 5 100
30 30.02 4 5 100
30 30.02 4 5 100
30 30.02 4 5 100
30 30.02 4 5 100
30 30.02 4 5 100
30 30.02 4 5 100
30 30.02 4 5 100
30 30.02 4 5 100
30 30.02 4 5 100
30 30.02 4 5 100
30 30.02 4 5 100
30 30.02 4 5 100
30 30.02 4 5 100
30 30.02 4 5 100
30 30.02 4 5 100
30 30.02 4 5 100
30 30.02 4 5 100
30 30.02 4 5 100
30 30.02 4 5 100
30 30.02 4 5 100
30 30.02 4 5 100
30 30.02 4 5 100
30 30.02 4 5 100
30 30.02 4 5 100
30 30.02 4 5 100
30 30.02 4 5 100
30 30.02 4 5 100
30 30.02 4 5 100
30 30.02 4 5 100
30 30.02 4 5 100
31 30.03 3 4 43
31 30.03 3 4 43
31 30.03 3 4 43
31 30.03 3 4 43
31 30.03 3 4 43
31 30.03 3 4 43
31 30.03 3 4 43
31 30.03 3 4 43
31 30.03 3 4 43
31 30.03 3 4 43
31 30.03 3 4 43
31 30.03 3 4 43
31 30.03 3 4 43
31 30.03 3 4 43
31 30.03 3 4 43
31 30.03 3 4 43
31 30.03 3 4 43
31 30.03 3 4 43
31 30.03 3 4 43
31 30.03 3 4 43
31 30.03 3 4 43
31 30.03 3 4 43
31 30.03 3 4 43
31 30.03 3 4 43
31 30.03 3 4 43
31 30.03 3 4 43
31 30.03 3 4 43
31 30.03 3 4 43
31 30.03 3 4 43
31 30.03 3 4 43
31 30.03 3 4 43
31 30.03 3 4 43
31 30.03 3 4 43
31 30.03 3 4 43
31 30.03 3 4 43
32 30.04 3 4 27
32 30.04 3 4 27
32 30.04 3 4 27
32 30.04 3 4 27
32 30.04 3 4 27
32 30.04 3 4 27
32 30.04 3 4 27
32 30.04 3 4 27
32 30.04 3 4 27
32 30.04 3 4 27
32 30.04 3 4 27
32 30.04 3 4 27
32 30.04 3 4 27
32 30.04 3 4 27
32 30.04 3 4 27
32 30.04 4 5 27
32 30.04 4 5 27
32 30.04 4 5 27
32 30.04 4 5 27
32 30.04 4 5 27
32 30.04 4 5 27
33 30.05 3 4 97
33 30.05 3 4 97
33 30.05 3 4 97
33 30.05 4 5 97
33 30.05 4 5 97
33 30.05 4 5 97
33 30.05 4 5 97
33 30.05 4 5 97
33 30.05 4 5 97
33 30.05 4 5 97
33 30.05 4 5 97
33 30.05 4 5 97
33 30.05 4 5 97
33 30.05 4 5 97
33 30.05 4 5 97
33 30.05 4 5 97
33 30.05 4 5 97
33 30.05 4 5 97
33 30.05 4 5 97
33 30.05 4 5 97
33 30.05 4 5 97
33 30.05 4 5 97
33 30.05 4 5 97
33 30.05 4 5 97
33 30.05 4 5 97
33 30.05 4 5 97
33 30.05 4 5 97
33 30.05 4 5 97
33 30.05 4 5 97
33 30.05 4 5 97
33 30.05 4 5 97
33 30.05 4 5 97
33 30.05 4 5 97
33 30.05 4 5 97
33 30.05 4 5 97
33 30.05 4 5 97
33 30.05 4 5 97
33 30.05 4 5 97
33 30.05 4 5 97
33 30.05 4 5 97
33 30.05 4 5 97
33 30.05 4 5 97
33 30.05 4 5 97
33 30.05 4 5 97
33 30.05 4 5 97
33 30.05 4 5 97
33 30.05 4 5 97
33 30.05 4 5 97
33 30.05 4 5 97
33 30.05 4 5 97
33 30.05 4 5 97
33 30.05 4 5 97
33 30.05 4 5 97
33 30.05 4 5 97
33 30.05 4 5 97
33 30.05 4 5 97
33 30.05 4 5 97
33 30.05 4 5 97
33 30.05 5 6 97
33 30.05 5 6 97
33 30.05 5 6 97
33 30.05 5 6 97
33 30.05 5 6 97
33 30.05 5 6 97
33 30.05 5 6 97
33 30.05 5 6 97
33 30.05 5 6 97
33 30.05 5 6 97
33 30.05 5 6 97
33 30.05 5 6 97
33 30.05 5 6 97
34 30.06 2 3 58
34 30.06 2 3 58
34 30.06 2 3 58
34 30.06 2 3 58
34 30.06 2 3 58
34 30.06 2 3 58
34 30.06 2 3 58
34 30.06 2 3 58
34 30.06 3 4 58
34 30.06 3 4 58
34 30.06 3 4 58
34 30.06 3 4 58
34 30.06 3 4 58
34 30.06 3 4 58
34 30.06 3 4 58
34 30.06 3 4 58
34 30.06 3 4 58
34 30.06 3 4 58
34 30.06 3 4 58
34 30.06 3 4 58
34 30.06 3 4 58
34 30.06 3 4 58
34 30.06 3 4 58
34 30.06 3 4 58
34 30.06 3 4 58
34 30.06 3 4 58
34 30.06 3 4 58
34 30.06 3 4 58
34 30.06 3 4 58
34 30.06 3 4 58
34 30.06 3 4 58
34 30.06 3 4 58
34 30.06 3 4 58
34 30.06 3 4 58
34 30.06 3 4 58
34 30.06 3 4 58
34 30.06 3 4 58
34 30.06 3 4 58
34 30.06 3 4 58
34 30.06 3 4 58
34 30.06 3 4 58
34 30.06 3 4 58
34 30.06 3 4 58
34 30.06 3 4 58
34 30.06 3 4 58
34 30.06 3 4 58
34 30.06 3 4 58
34 30.06 3 4 58
34 30.06 3 4 58
34 30.06 3 4 58
34 30.06 3 4 58
34 30.06 3 4 58
34 30.06 3 4 58
34 30.06 3 4 58
34 30.06 3 4 58
34 30.06 3 4 58
34 30.06 3 4 58
34 30.06 3 4 58
35 30.07 2 3 96
35 30.07 2 3 96
35 30.07 2 3 96
35 30.07 3 4 96
35 30.07 3 4 96
35 30.07 3 4 96
35 30.07 3 4 96
35 30.07 3 4 96
35 30.07 3 4 96
35 30.07 3 4 96
35 30.07 3 4 96
35 30.07 3 4 96
35 30.07 3 4 96
35 30.07 3 4 96
35 30.07 3 4 96
35 30.07 3 4 96
35 30.07 3 4 96
35 30.07 3 4 96
35 30.07 3 4 96
35 30.07 3 4 96
35 30.07 3 4 96
35 30.07 3 4 96
35 30.07 3 4 96
35 30.07 3 4 96
35 30.07 3 4 96
35 30.07 3 4 96
35 30.07 3 4 96
35 30.07 3 4 96
35 30.07 3 4 96
35 30.07 3 4 96
35 30.07 3 4 96
35 30.07 3 4 96
35 30.07 3 4 96
35 30.07 3 4 96
35 30.07 3 4 96
35 30.07 3 4 96
35 30.07 3 4 96
35 30.07 3 4 96
35 30.07 3 4 96
35 30.07 3 4 96
35 30.07 3 4 96
35 30.07 3 4 96
35 30.07 3 4 96
35 30.07 3 4 96
35 30.07 3 4 96
35 30.07 3 4 96
35 30.07 3 4 96
35 30.07 3 4 96
35 30.07 3 4 96
35 30.07 3 4 96
35 30.07 3 4 96
35 30.07 3 4 96
35 30.07 3 4 96
35 30.07 3 4 96
35 30.07 3 4 96
35 30.07 3 4 96
35 30.07 3 4 96
35 30.07 3 4 96
35 30.07 3 4 96
35 30.07 4 5 96
35 30.07 4 5 96
35 30.07 4 5 96
35 30.07 4 5 96
35 30.07 4 5 96
35 30.07 4 5 96
35 30.07 4 5 96
35 30.07 4 5 96
35 30.07 4 5 96
35 30.07 5 6 96
35 30.07 5 6 96
35 30.07 5 6 96
35 30.07 5 6 96
35 30.07 5 6 96
35 30.07 5 6 96
35 30.07 5 6 96
35 30.07 5 6 96
35 30.07 5 6 96
36 30.08 2 3 274
36 30.08 2 3 274
36 30.08 2 3 274
36 30.08 2 3 274
36 30.08 2 3 274
36 30.08 2 3 274
36 30.08 2 3 274
36 30.08 2 3 274
36 30.08 2 3 274
36 30.08 2 3 274
36 30.08 2 3 274
36 30.08 2 3 274
36 30.08 2 3 274
36 30.08 2 3 274
36 30.08 2 3 274
36 30.08 2 3 274
36 30.08 2 3 274
36 30.08 2 3 274
36 30.08 2 3 274
36 30.08 2 3 274
36 30.08 2 3 274
36 30.08 2 3 274
36 30.08 2 3 274
36 30.08 2 3 274
36 30.08 2 3 274
36 30.08 2 3 274
36 30.08 2 3 274
36 30.08 3 4 274
36 30.08 3 4 274
36 30.08 3 4 274
36 30.08 3 4 274
36 30.08 3 4 274
36 30.08 3 4 274
36 30.08 3 4 274
36 30.08 3 4 274
36 30.08 3 4 274
36 30.08 3 4 274
36 30.08 3 4 274
36 30.08 3 4 274
36 30.08 3 4 274
36 30.08 3 4 274
36 30.08 3 4 274
36 30.08 3 4 274
36 30.08 3 4 274
36 30.08 3 4 274
36 30.08 3 4 274
36 30.08 3 4 274
36 30.08 3 4 274
36 30.08 3 4 274
36 30.08 3 4 274
36 30.08 3 4 274
36 30.08 3 4 274
36 30.08 3 4 274
36 30.08 3 4 274
36 30.08 3 4 274
36 30.08 3 4 274
36 30.08 3 4 274
36 30.08 3 4 274
36 30.08 3 4 274
36 30.08 3 4 274
36 30.08 3 4 274
36 30.08 3 4 274
36 30.08 3 4 274
36 30.08 3 4 274
36 30.08 3 4 274
36 30.08 3 4 274
36 30.08 3 4 274
36 30.08 3 4 274
36 30.08 3 4 274
36 30.08 3 4 274
36 30.08 3 4 274
36 30.08 3 4 274
36 30.08 3 4 274
36 30.08 3 4 274
36 30.08 3 4 274
36 30.08 3 4 274
36 30.08 3 4 274
36 30.08 3 4 274
36 30.08 3 4 274
36 30.08 3 4 274
36 30.08 3 4 274
36 30.08 3 4 274
36 30.08 3 4 274
36 30.08 3 4 274
36 30.08 3 4 274
36 30.08 3 4 274
36 30.08 3 4 274
36 30.08 3 4 274
36 30.08 3 4 274
36 30.08 3 4 274
36 30.08 3 4 274
36 30.08 3 4 274
36 30.08 3 4 274
36 30.08 3 4 274
36 30.08 3 4 274
36 30.08 3 4 274
36 30.08 3 4 274
36 30.08 3 4 274
36 30.08 3 4 274
36 30.08 3 4 274
36 30.08 3 4 274
36 30.08 3 4 274
36 30.08 3 4 274
36 30.08 3 4 274
36 30.08 3 4 274
36 30.08 3 4 274
36 30.08 3 4 274
36 30.08 3 4 274
36 30.08 3 4 274
36 30.08 3 4 274
36 30.08 3 4 274
36 30.08 3 4 274
36 30.08 3 4 274
36 30.08 3 4 274
36 30.08 3 4 274
36 30.08 3 4 274
36 30.08 3 4 274
36 30.08 3 4 274
36 30.08 3 4 274
36 30.08 3 4 274
36 30.08 3 4 274
36 30.08 3 4 274
36 30.08 3 4 274
36 30.08 3 4 274
36 30.08 3 4 274
36 30.08 3 4 274
36 30.08 3 4 274
36 30.08 3 4 274
36 30.08 3 4 274
36 30.08 3 4 274
36 30.08 3 4 274
36 30.08 3 4 274
36 30.08 3 4 274
36 30.08 3 4 274
36 30.08 3 4 274
36 30.08 3 4 274
36 30.08 3 4 274
36 30.08 3 4 274
36 30.08 3 4 274
36 30.08 3 4 274
36 30.08 3 4 274
36 30.08 3 4 274
36 30.08 3 4 274
36 30.08 3 4 274
36 30.08 3 4 274
36 30.08 3 4 274
36 30.08 3 4 274
36 30.08 3 4 274
36 30.08 3 4 274
36 30.08 3 4 274
36 30.08 3 4 274
36 30.08 3 4 274
36 30.08 4 5 274
36 30.08 4 5 274
36 30.08 4 5 274
36 30.08 4 5 274
36 30.08 4 5 274
36 30.08 4 5 274
36 30.08 4 5 274
36 30.08 4 5 274
36 30.08 4 5 274
36 30.08 4 5 274
36 30.08 4 5 274
36 30.08 4 5 274
36 30.08 4 5 274
36 30.08 4 5 274
36 30.08 4 5 274
36 30.08 4 5 274
36 30.08 4 5 274
36 30.08 4 5 274
36 30.08 4 5 274
36 30.08 4 5 274
36 30.08 4 5 274
36 30.08 4 5 274
36 30.08 4 5 274
36 30.08 4 5 274
36 30.08 4 5 274
36 30.08 4 5 274
36 30.08 4 5 274
36 30.08 4 5 274
36 30.08 4 5 274
36 30.08 4 5 274
36 30.08 4 5 274
36 30.08 4 5 274
36 30.08 4 5 274
36 30.08 4 5 274
36 30.08 4 5 274
36 30.08 4 5 274
36 30.08 4 5 274
36 30.08 4 5 274
36 30.08 4 5 274
36 30.08 4 5 274
36 30.08 4 5 274
36 30.08 4 5 274
36 30.08 4 5 274
36 30.08 4 5 274
36 30.08 4 5 274
36 30.08 4 5 274
36 30.08 4 5 274
36 30.08 4 5 274
36 30.08 4 5 274
36 30.08 4 5 274
36 30.08 5 6 274
36 30.08 5 6 274
36 30.08 5 6 274
36 30.08 5 6 274
36 30.08 5 6 274
36 30.08 5 6 274
36 30.08 5 6 274
36 30.08 5 6 274
36 30.08 5 6 274
36 30.08 5 6 274
36 30.08 5 6 274
36 30.08 5 6 274
36 30.08 5 6 274
36 30.08 5 6 274
36 30.08 5 6 274
36 30.08 5 6 274
36 30.08 5 6 274
36 30.08 5 6 274
36 30.08 5 6 274
36 30.08 5 6 274
36 30.08 6 7 274
36 30.08 6 7 274
36 30.08 6 7 274
37 32 2 3 34
37 32 2 3 34
37 32 2 3 34
37 32 2 3 34
37 32 2 3 34
37 32 2 3 34
37 32 2 3 34
37 32 2 3 34
37 32 2 3 34
37 32 2 3 34
37 32 2 3 34
37 32 2 3 34
37 32 2 3 34
37 32 2 3 34
37 32 2 3 34
37 32 2.17 3.17 34
37 32 2.17 3.17 34
37 32 2.17 3.17 34
37 32 2.17 3.17 34
37 32 2.17 3.17 34
37 32 2.17 3.17 34
37 32 2.17 3.17 34
37 32 3 4 34
37 32 3 4 34
37 32 3.33 4.33 34
38 32.01 2.083333333 3.083333333 69
38 32.01 2.083333333 3.083333333 69
38 32.01 2.083333333 3.083333333 69
38 32.01 2.083333333 3.083333333 69
38 32.01 2.083333333 3.083333333 69
38 32.01 2.083333333 3.083333333 69
38 32.01 2.083333333 3.083333333 69
38 32.01 2.083333333 3.083333333 69
38 32.01 2.083333333 3.083333333 69
38 32.01 2.083333333 3.083333333 69
38 32.01 2.083333333 3.083333333 69
38 32.01 2.083333333 3.083333333 69
38 32.01 2.083333333 3.083333333 69
38 32.01 2.083333333 3.083333333 69
38 32.01 2.083333333 3.083333333 69
38 32.01 2.083333333 3.083333333 69
38 32.01 2.083333333 3.083333333 69
38 32.01 2.083333333 3.083333333 69
38 32.01 2.083333333 3.083333333 69
38 32.01 2.083333333 3.083333333 69
38 32.01 2.083333333 3.083333333 69
38 32.01 2.083333333 3.083333333 69
38 32.01 2.083333333 3.083333333 69
38 32.01 2.083333333 3.083333333 69
38 32.01 2.083333333 3.083333333 69
38 32.01 2.25 3.25 69
38 32.01 2.25 3.25 69
38 32.01 2.25 3.25 69
38 32.01 2.25 3.25 69
38 32.01 2.25 3.25 69
38 32.01 2.25 3.25 69
38 32.01 2.25 3.25 69
38 32.01 2.25 3.25 69
38 32.01 2.25 3.25 69
38 32.01 2.25 3.25 69
38 32.01 2.25 3.25 69
38 32.01 2.25 3.25 69
38 32.01 2.25 3.25 69
38 32.01 2.25 3.25 69
38 32.01 2.916666667 3.916666667 69
38 32.01 2.916666667 3.916666667 69
38 32.01 2.916666667 3.916666667 69
38 32.01 2.916666667 3.916666667 69
38 32.01 2.916666667 3.916666667 69
38 32.01 2.916666667 3.916666667 69
38 32.01 2.916666667 3.916666667 69
38 32.01 2.916666667 3.916666667 69
38 32.01 2.916666667 3.916666667 69
38 32.01 2.916666667 3.916666667 69
38 32.01 2.916666667 3.916666667 69
38 32.01 2.916666667 3.916666667 69
38 32.01 2.916666667 3.916666667 69
38 32.01 2.916666667 3.916666667 69
39 32.02 2.67 3.67 120
39 32.02 2.67 3.67 120
39 32.02 2.67 3.67 120
39 32.02 2.67 3.67 120
39 32.02 2.67 3.67 120
39 32.02 2.67 3.67 120
39 32.02 2.67 3.67 120
39 32.02 2.67 3.67 120
39 32.02 2.67 3.67 120
39 32.02 2.67 3.67 120
39 32.02 2.67 3.67 120
39 32.02 2.67 3.67 120
39 32.02 2.67 3.67 120
39 32.02 2.67 3.67 120
39 32.02 2.67 3.67 120
39 32.02 2.67 3.67 120
39 32.02 2.67 3.67 120
39 32.02 2.67 3.67 120
39 32.02 2.67 3.67 120
39 32.02 2.67 3.67 120
39 32.02 2.67 3.67 120
39 32.02 2.67 3.67 120
39 32.02 2.67 3.67 120
39 32.02 2.67 3.67 120
39 32.02 2.67 3.67 120
39 32.02 2.67 3.67 120
39 32.02 2.67 3.67 120
39 32.02 2.67 3.67 120
39 32.02 2.67 3.67 120
39 32.02 2.67 3.67 120
39 32.02 2.67 3.67 120
39 32.02 2.67 3.67 120
39 32.02 2.67 3.67 120
39 32.02 2.67 3.67 120
39 32.02 2.67 3.67 120
39 32.02 2.67 3.67 120
39 32.02 2.67 3.67 120
39 32.02 2.67 3.67 120
39 32.02 2.67 3.67 120
39 32.02 2.83 3.83 120
39 32.02 2.83 3.83 120
39 32.02 2.83 3.83 120
39 32.02 2.83 3.83 120
39 32.02 2.83 3.83 120
39 32.02 2.83 3.83 120
39 32.02 2.83 3.83 120
39 32.02 2.83 3.83 120
39 32.02 2.83 3.83 120
39 32.02 2.83 3.83 120
39 32.02 2.83 3.83 120
39 32.02 2.83 3.83 120
39 32.02 2.83 3.83 120
39 32.02 2.83 3.83 120
39 32.02 2.83 3.83 120
39 32.02 2.83 3.83 120
39 32.02 2.83 3.83 120
39 32.02 2.83 3.83 120
39 32.02 3 4 120
39 32.02 3 4 120
39 32.02 3 4 120
39 32.02 3 4 120
39 32.02 3 4 120
39 32.02 3 4 120
39 32.02 3 4 120
39 32.02 3 4 120
39 32.02 3 4 120
39 32.02 3 4 120
39 32.02 3 4 120
39 32.02 3 4 120
39 32.02 3 4 120
39 32.02 3 4 120
39 32.02 3 4 120
39 32.02 3 4 120
39 32.02 3.67 4.67 120
39 32.02 3.67 4.67 120
39 32.02 3.67 4.67 120
39 32.02 3.67 4.67 120
39 32.02 3.67 4.67 120
39 32.02 3.67 4.67 120
39 32.02 3.67 4.67 120
39 32.02 3.67 4.67 120
39 32.02 3.67 4.67 120
39 32.02 3.67 4.67 120
39 32.02 3.67 4.67 120
39 32.02 3.67 4.67 120
39 32.02 3.67 4.67 120
39 32.02 3.67 4.67 120
39 32.02 3.67 4.67 120
39 32.02 3.67 4.67 120
39 32.02 3.67 4.67 120
39 32.02 3.67 4.67 120
39 32.02 3.67 4.67 120
39 32.02 3.67 4.67 120
39 32.02 3.67 4.67 120
39 32.02 3.67 4.67 120
39 32.02 3.67 4.67 120
39 32.02 3.67 4.67 120
39 32.02 3.83 4.83 120
40 35 2.04 3.04 120
40 35 2.04 3.04 120
40 35 2.04 3.04 120
40 35 2.04 3.04 120
40 35 2.04 3.04 120
40 35 2.04 3.04 120
40 35 2.04 3.04 120
40 35 2.04 3.04 120
40 35 2.04 3.04 120
40 35 2.04 3.04 120
40 35 2.04 3.04 120
40 35 2.21 3.21 120
40 35 2.38 3.38 120
40 35 2.38 3.38 120
40 35 2.38 3.38 120
40 35 2.38 3.38 120
40 35 2.38 3.38 120
40 35 2.38 3.38 120
40 35 2.38 3.38 120
40 35 2.38 3.38 120
40 35 2.38 3.38 120
40 35 2.38 3.38 120
40 35 2.38 3.38 120
40 35 2.38 3.38 120
40 35 2.38 3.38 120
40 35 3.04 4.04 120
40 35 3.04 4.04 120
40 35 3.04 4.04 120
40 35 3.04 4.04 120
40 35 3.04 4.04 120
40 35 3.04 4.04 120
40 35 3.04 4.04 120
40 35 3.04 4.04 120
40 35 3.04 4.04 120
40 35 3.04 4.04 120
41 35.01 1.38 2.38 120
41 35.01 1.38 2.38 120
41 35.01 1.38 2.38 120
41 35.01 1.38 2.38 120
41 35.01 1.38 2.38 120
41 35.01 1.38 2.38 120
41 35.01 1.38 2.38 120
41 35.01 1.38 2.38 120
41 35.01 1.38 2.38 120
41 35.01 1.38 2.38 120
41 35.01 1.38 2.38 120
41 35.01 1.38 2.38 120
41 35.01 1.38 2.38 120
41 35.01 1.38 2.38 120
41 35.01 1.38 2.38 120
41 35.01 1.38 2.38 120
41 35.01 1.38 2.38 120
41 35.01 1.38 2.38 120
41 35.01 1.38 2.38 120
41 35.01 1.38 2.38 120
41 35.01 1.38 2.38 120
41 35.01 1.38 2.38 120
41 35.01 2.38 3.38 120
41 35.01 2.38 3.38 120
41 35.01 2.38 3.38 120
41 35.01 2.38 3.38 120
41 35.01 2.38 3.38 120
41 35.01 2.38 3.38 120
41 35.01 2.38 3.38 120
41 35.01 2.38 3.38 120
41 35.01 2.38 3.38 120
41 35.01 2.38 3.38 120
41 35.01 2.38 3.38 120
41 35.01 2.38 3.38 120
41 35.01 2.38 3.38 120
41 35.01 2.38 3.38 120
41 35.01 2.38 3.38 120
42 35.02 1.708333333 2.708333333 120
42 35.02 1.708333333 2.708333333 120
42 35.02 1.708333333 2.708333333 120
42 35.02 1.708333333 2.708333333 120
42 35.02 1.708333333 2.708333333 120
42 35.02 1.708333333 2.708333333 120
42 35.02 1.708333333 2.708333333 120
42 35.02 1.708333333 2.708333333 120
42 35.02 1.708333333 2.708333333 120
42 35.02 1.708333333 2.708333333 120
42 35.02 1.708333333 2.708333333 120
42 35.02 1.708333333 2.708333333 120
42 35.02 1.708333333 2.708333333 120
42 35.02 1.708333333 2.708333333 120
42 35.02 1.708333333 2.708333333 120
42 35.02 1.708333333 2.708333333 120
42 35.02 1.708333333 2.708333333 120
42 35.02 1.708333333 2.708333333 120
42 35.02 1.708333333 2.708333333 120
42 35.02 1.708333333 2.708333333 120
42 35.02 1.708333333 2.708333333 120
42 35.02 1.708333333 2.708333333 120
42 35.02 1.708333333 2.708333333 120
42 35.02 1.708333333 2.708333333 120
42 35.02 1.708333333 2.708333333 120
42 35.02 1.708333333 2.708333333 120
42 35.02 1.708333333 2.708333333 120
42 35.02 1.708333333 2.708333333 120
42 35.02 1.708333333 2.708333333 120
42 35.02 1.708333333 2.708333333 120
42 35.02 2.416666667 3.416666667 120
42 35.02 2.416666667 3.416666667 120
42 35.02 2.416666667 3.416666667 120
42 35.02 2.416666667 3.416666667 120
42 35.02 2.416666667 3.416666667 120
42 35.02 2.416666667 3.416666667 120
42 35.02 2.416666667 3.416666667 120
42 35.02 2.416666667 3.416666667 120
42 35.02 2.416666667 3.416666667 120
42 35.02 2.416666667 3.416666667 120
42 35.02 2.416666667 3.416666667 120
42 35.02 2.416666667 3.416666667 120
42 35.02 2.666666667 3.666666667 120
42 35.02 2.666666667 3.666666667 120
42 35.02 2.666666667 3.666666667 120
42 35.02 2.666666667 3.666666667 120
42 35.02 2.666666667 3.666666667 120
42 35.02 2.666666667 3.666666667 120
42 35.02 2.666666667 3.666666667 120
42 35.02 2.666666667 3.666666667 120
42 35.02 2.666666667 3.666666667 120
42 35.02 2.666666667 3.666666667 120
42 35.02 2.666666667 3.666666667 120
42 35.02 2.666666667 3.666666667 120
42 35.02 2.666666667 3.666666667 120
42 35.02 2.666666667 3.666666667 120
42 35.02 2.666666667 3.666666667 120
42 35.02 2.666666667 3.666666667 120
