1 10 6 7 7
1 10 9 10 7
1 10 18 19 7
1 10 19 20 7
1 10 34 35 7
1 10 35 36 7
1 10 62 63 7
2 10.01 3 4 20
2 10.01 3 4 20
2 10.01 6 7 20
2 10.01 9 10 20
2 10.01 10 11 20
2 10.01 14 15 20
2 10.01 15 16 20
2 10.01 16 17 20
2 10.01 19 20 20
2 10.01 20 21 20
2 10.01 21 22 20
2 10.01 24 25 20
2 10.01 28 29 20
2 10.01 38 39 20
2 10.01 48 49 20
2 10.01 51 52 20
2 10.01 61 62 20
2 10.01 66 67 20
2 10.01 88 89 20
2 10.01 90 91 20
3 10.02 3 4 27
3 10.02 6 7 27
3 10.02 7 8 27
3 10.02 7 8 27
3 10.02 13 14 27
3 10.02 14 15 27
3 10.02 16 17 27
3 10.02 24 25 27
3 10.02 24 25 27
3 10.02 40 41 27
3 10.02 41 42 27
3 10.02 41 42 27
3 10.02 48 49 27
3 10.02 49 50 27
3 10.02 55 56 27
3 10.02 55 56 27
3 10.02 55 56 27
3 10.02 59 60 27
3 10.02 60 61 27
3 10.02 61 62 27
3 10.02 61 62 27
3 10.02 62 63 27
3 10.02 65 66 27
3 10.02 66 67 27
3 10.02 66 67 27
3 10.02 67 68 27
3 10.02 68 69 27
4 10.03 1 2 12
4 10.03 1 2 12
4 10.03 6 7 12
4 10.03 9 10 12
4 10.03 13 14 12
4 10.03 18 19 12
4 10.03 29 30 12
4 10.03 34 35 12
4 10.03 35 36 12
4 10.03 37 38 12
4 10.03 56 57 12
4 10.03 57 58 12
5 10.04 14 15 27
5 10.04 17 18 27
5 10.04 17 18 27
5 10.04 20 21 27
5 10.04 21 22 27
5 10.04 23 24 27
5 10.04 24 25 27
5 10.04 24 25 27
5 10.04 24 25 27
5 10.04 27 28 27
5 10.04 27 28 27
5 10.04 27 28 27
5 10.04 28 29 27
5 10.04 30 31 27
5 10.04 31 32 27
5 10.04 31 32 27
5 10.04 31 32 27
5 10.04 32 33 27
5 10.04 34 35 27
5 10.04 37 38 27
5 10.04 37 38 27
5 10.04 37 38 27
5 10.04 41 42 27
5 10.04 42 43 27
5 10.04 57 58 27
5 10.04 71 72 27
5 10.04 76 77 27
6 15 13 14 36
6 15 13 14 36
6 15 13 14 36
6 15 14 15 36
6 15 14 15 36
6 15 17 18 36
6 15 17 18 36
6 15 20 21 36
6 15 23 24 36
6 15 27 28 36
6 15 30 31 36
6 15 32 33 36
6 15 34 35 36
6 15 36 37 36
6 15 41 42 36
6 15 41 42 36
6 15 41 42 36
6 15 42 43 36
6 15 43 44 36
6 15 44 45 36
6 15 45 46 36
6 15 49 50 36
6 15 51 52 36
6 15 52 53 36
6 15 52 53 36
6 15 52 53 36
6 15 53 54 36
6 15 53 54 36
6 15 53 54 36
6 15 53 54 36
6 15 53 54 36
6 15 53 54 36
6 15 54 55 36
6 15 55 56 36
6 15 56 57 36
6 15 56 57 36
7 15.01 13 14 36
7 15.01 13 14 36
7 15.01 13 14 36
7 15.01 14 15 36
7 15.01 14 15 36
7 15.01 17 18 36
7 15.01 17 18 36
7 15.01 20 21 36
7 15.01 23 24 36
7 15.01 27 28 36
7 15.01 30 31 36
7 15.01 32 33 36
7 15.01 34 35 36
7 15.01 36 37 36
7 15.01 41 42 36
7 15.01 41 42 36
7 15.01 41 42 36
7 15.01 42 43 36
7 15.01 43 44 36
7 15.01 44 45 36
7 15.01 45 46 36
7 15.01 49 50 36
7 15.01 51 52 36
7 15.01 52 53 36
7 15.01 52 53 36
7 15.01 52 53 36
7 15.01 53 54 36
7 15.01 53 54 36
7 15.01 53 54 36
7 15.01 53 54 36
7 15.01 53 54 36
7 15.01 53 54 36
7 15.01 54 55 36
7 15.01 55 56 36
7 15.01 56 57 36
7 15.01 56 57 36
8 20 13 14 43
8 20 14 15 43
8 20 15 16 43
8 20 21 22 43
8 20 23 24 43
8 20 24 25 43
8 20 24 25 43
8 20 24 25 43
8 20 24 25 43
8 20 25 26 43
8 20 25 26 43
8 20 25 26 43
8 20 26 27 43
8 20 26 27 43
8 20 27 28 43
8 20 28 29 43
8 20 28 29 43
8 20 28 29 43
8 20 28 29 43
8 20 29 30 43
8 20 29 30 43
8 20 30 31 43
8 20 34 35 43
8 20 34 35 43
8 20 35 36 43
8 20 35 36 43
8 20 36 37 43
8 20 37 38 43
8 20 38 39 43
8 20 39 40 43
8 20 41 42 43
8 20 41 42 43
8 20 41 42 43
8 20 42 43 43
8 20 42 43 43
8 20 42 43 43
8 20 44 45 43
8 20 45 46 43
8 20 49 50 43
8 20 49 50 43
8 20 50 51 43
8 20 53 54 43
8 20 56 57 43
9 20.01 4 5 57
9 20.01 8 9 57
9 20.01 10 11 57
9 20.01 12 13 57
9 20.01 12 13 57
9 20.01 16 17 57
9 20.01 16 17 57
9 20.01 16 17 57
9 20.01 17 18 57
9 20.01 17 18 57
9 20.01 18 19 57
9 20.01 19 20 57
9 20.01 20 21 57
9 20.01 21 22 57
9 20.01 22 23 57
9 20.01 23 24 57
9 20.01 24 25 57
9 20.01 24 25 57
9 20.01 24 25 57
9 20.01 25 26 57
9 20.01 25 26 57
9 20.01 25 26 57
9 20.01 26 27 57
9 20.01 29 30 57
9 20.01 31 32 57
9 20.01 32 33 57
9 20.01 32 33 57
9 20.01 32 33 57
9 20.01 33 34 57
9 20.01 33 34 57
9 20.01 34 35 57
9 20.01 34 35 57
9 20.01 34 35 57
9 20.01 34 35 57
9 20.01 35 36 57
9 20.01 36 37 57
9 20.01 36 37 57
9 20.01 37 38 57
9 20.01 38 39 57
9 20.01 39 40 57
9 20.01 40 41 57
9 20.01 41 42 57
9 20.01 41 42 57
9 20.01 43 44 57
9 20.01 45 46 57
9 20.01 45 46 57
9 20.01 46 47 57
9 20.01 47 48 57
9 20.01 52 53 57
9 20.01 54 55 57
9 20.01 55 56 57
9 20.01 55 56 57
9 20.01 57 58 57
9 20.01 57 58 57
9 20.01 61 62 57
9 20.01 62 63 57
9 20.01 62 63 57
10 25 2 3 9
10 25 10 11 9
10 25 13 14 9
10 25 13 14 9
10 25 16 17 9
10 25 16 17 9
10 25 16 17 9
10 25 18 19 9
10 25 23 24 9
11 25.01 3 4 14
11 25.01 10 11 14
11 25.01 13 14 14
11 25.01 13 14 14
11 25.01 13 14 14
11 25.01 20 21 14
11 25.01 21 22 14
11 25.01 23 24 14
11 25.01 27 28 14
11 25.01 27 28 14
11 25.01 27 28 14
11 25.01 29 30 14
11 25.01 30 31 14
11 25.01 30 31 14
12 25.02 2 3 20
12 25.02 13 14 20
12 25.02 13 14 20
12 25.02 17 18 20
12 25.02 18 19 20
12 25.02 19 20 20
12 25.02 20 21 20
12 25.02 20 21 20
12 25.02 20 21 20
12 25.02 20 21 20
12 25.02 20 21 20
12 25.02 21 22 20
12 25.02 23 24 20
12 25.02 24 25 20
12 25.02 26 27 20
12 25.02 27 28 20
12 25.02 27 28 20
12 25.02 30 31 20
12 25.02 30 31 20
12 25.02 34 35 20
13 25.03 6 7 50
13 25.03 6 7 50
13 25.03 7 8 50
13 25.03 8 9 50
13 25.03 8 9 50
13 25.03 9 10 50
13 25.03 10 11 50
13 25.03 10 11 50
13 25.03 10 11 50
13 25.03 10 11 50
13 25.03 10 11 50
13 25.03 11 12 50
13 25.03 11 12 50
13 25.03 12 13 50
13 25.03 12 13 50
13 25.03 12 13 50
13 25.03 13 14 50
13 25.03 13 14 50
13 25.03 13 14 50
13 25.03 13 14 50
13 25.03 13 14 50
13 25.03 13 14 50
13 25.03 13 14 50
13 25.03 13 14 50
13 25.03 13 14 50
13 25.03 13 14 50
13 25.03 13 14 50
13 25.03 14 15 50
13 25.03 15 16 50
13 25.03 16 17 50
13 25.03 16 17 50
13 25.03 16 17 50
13 25.03 19 20 50
13 25.03 20 21 50
13 25.03 20 21 50
13 25.03 20 21 50
13 25.03 20 21 50
13 25.03 20 21 50
13 25.03 20 21 50
13 25.03 20 21 50
13 25.03 21 22 50
13 25.03 21 22 50
13 25.03 23 24 50
13 25.03 25 26 50
13 25.03 27 28 50
13 25.03 27 28 50
13 25.03 31 32 50
13 25.03 34 35 50
13 25.03 37 38 50
13 25.03 37 38 50
14 30 1 1.01 18
14 30 3 4 18
14 30 3 4 18
14 30 4 5 18
14 30 4 5 18
14 30 4 5 18
14 30 5 6 18
14 30 5 6 18
14 30 5 6 18
14 30 6 7 18
14 30 6 7 18
14 30 7 8 18
14 30 7 8 18
14 30 7 8 18
14 30 8 9 18
14 30 9 10 18
14 30 10 11 18
14 30 13 14 18
15 30.01 3 4 2
15 30.01 6 7 2
16 30.02 2 3 11
16 30.02 2 3 11
16 30.02 3 4 11
16 30.02 3 4 11
16 30.02 4 5 11
16 30.02 4 5 11
16 30.02 4 5 11
16 30.02 5 6 11
16 30.02 5 6 11
16 30.02 5 6 11
16 30.02 5 6 11
17 30.03 5 6 3
17 30.03 5 6 3
17 30.03 6 7 3
18 32.01 4 5 2
18 32.01 4.1 5.1 2
19 32.02 4 5 2
19 32.02 6 7 2
