1 10 75 76 79
1 10 75 76 79
1 10 77 78 79
1 10 77 78 79
1 10 78 79 79
1 10 78 79 79
1 10 78 79 79
1 10 78 79 79
1 10 78 79 79
1 10 78 79 79
1 10 78 79 79
1 10 78 79 79
1 10 79 80 79
1 10 79 80 79
1 10 79 80 79
1 10 79 80 79
1 10 79 80 79
1 10 79 80 79
1 10 79 80 79
1 10 79 80 79
1 10 79 80 79
1 10 79 80 79
1 10 82 83 79
1 10 82 83 79
1 10 82 83 79
1 10 82 83 79
1 10 82 83 79
1 10 82 83 79
1 10 82 83 79
1 10 82 83 79
1 10 83 84 79
1 10 86 87 79
1 10 86 87 79
1 10 86 87 79
1 10 86 87 79
1 10 89 90 79
1 10 89 90 79
1 10 93 94 79
1 10 93 94 79
1 10 96 97 79
1 10 96 97 79
1 10 103 104 79
2 10.01 54 55 89
2 10.01 62 63 89
2 10.01 62 63 89
2 10.01 62 63 89
2 10.01 62 63 89
2 10.01 62 63 89
2 10.01 62 63 89
2 10.01 62 63 89
2 10.01 62 63 89
2 10.01 62 63 89
2 10.01 62 63 89
2 10.01 62 63 89
2 10.01 62 63 89
2 10.01 62 63 89
2 10.01 62 63 89
2 10.01 62 63 89
2 10.01 63 64 89
2 10.01 63 64 89
2 10.01 64 65 89
2 10.01 64 65 89
2 10.01 64 65 89
2 10.01 64 65 89
2 10.01 65 66 89
2 10.01 65 66 89
2 10.01 65 66 89
2 10.01 65 66 89
2 10.01 65 66 89
2 10.01 65 66 89
2 10.01 67 68 89
2 10.01 67 68 89
2 10.01 67 68 89
2 10.01 67 68 89
2 10.01 68 69 89
2 10.01 68 69 89
2 10.01 68 69 89
2 10.01 68 69 89
2 10.01 68 69 89
2 10.01 68 69 89
2 10.01 68 69 89
2 10.01 68 69 89
2 10.01 68 69 89
2 10.01 68 69 89
2 10.01 68 69 89
2 10.01 68 69 89
2 10.01 68 69 89
2 10.01 68 69 89
2 10.01 68 69 89
2 10.01 68 69 89
2 10.01 68 69 89
2 10.01 68 69 89
2 10.01 69 70 89
2 10.01 69 70 89
2 10.01 71 72 89
2 10.01 71 72 89
2 10.01 71 72 89
2 10.01 71 72 89
2 10.01 72 73 89
2 10.01 72 73 89
2 10.01 72 73 89
2 10.01 72 73 89
2 10.01 72 73 89
2 10.01 72 73 89
2 10.01 75 76 89
2 10.01 75 76 89
2 10.01 75 76 89
2 10.01 75 76 89
2 10.01 75 76 89
2 10.01 79 80 89
2 10.01 79 80 89
2 10.01 79 80 89
2 10.01 82 83 89
2 10.01 82 83 89
2 10.01 82 83 89
3 10.02 63 64 134
3 10.02 65 66 134
3 10.02 65 66 134
3 10.02 65 66 134
3 10.02 67 68 134
3 10.02 67 68 134
3 10.02 67 68 134
3 10.02 67 68 134
3 10.02 68 69 134
3 10.02 68 69 134
3 10.02 68 69 134
3 10.02 68 69 134
3 10.02 68 69 134
3 10.02 71 72 134
3 10.02 71 72 134
3 10.02 71 72 134
3 10.02 71 72 134
3 10.02 71 72 134
3 10.02 71 72 134
3 10.02 71 72 134
3 10.02 71 72 134
3 10.02 71 72 134
3 10.02 71 72 134
3 10.02 71 72 134
3 10.02 71 72 134
3 10.02 71 72 134
3 10.02 71 72 134
3 10.02 71 72 134
3 10.02 71 72 134
3 10.02 71 72 134
3 10.02 71 72 134
3 10.02 71 72 134
3 10.02 71 72 134
3 10.02 71 72 134
3 10.02 72 73 134
3 10.02 72 73 134
3 10.02 72 73 134
3 10.02 72 73 134
3 10.02 73 74 134
3 10.02 73 74 134
3 10.02 73 74 134
3 10.02 73 74 134
3 10.02 74 75 134
3 10.02 74 75 134
3 10.02 74 75 134
3 10.02 74 75 134
3 10.02 75 76 134
3 10.02 75 76 134
3 10.02 75 76 134
3 10.02 75 76 134
3 10.02 75 76 134
3 10.02 76 77 134
3 10.02 76 77 134
3 10.02 77 78 134
3 10.02 78 79 134
3 10.02 78 79 134
3 10.02 79 80 134
3 10.02 79 80 134
3 10.02 79 80 134
3 10.02 79 80 134
3 10.02 81 82 134
3 10.02 81 82 134
3 10.02 82 83 134
3 10.02 82 83 134
3 10.02 82 83 134
3 10.02 82 83 134
3 10.02 85 86 134
3 10.02 85 86 134
3 10.02 86 87 134
3 10.02 87 88 134
3 10.02 89 90 134
3 10.02 89 90 134
3 10.02 89 90 134
3 10.02 89 90 134
3 10.02 92 93 134
3 10.02 96 97 134
3 10.02 100 101 134
3 10.02 100 101 134
3 10.02 113 114 134
4 10.03 66 67 105
4 10.03 68 69 105
4 10.03 68 69 105
4 10.03 68 69 105
4 10.03 68 69 105
4 10.03 68 69 105
4 10.03 69 70 105
4 10.03 69 70 105
4 10.03 69 70 105
4 10.03 69 70 105
4 10.03 69 70 105
4 10.03 70 71 105
4 10.03 70 71 105
4 10.03 70 71 105
4 10.03 70 71 105
4 10.03 70 71 105
4 10.03 70 71 105
4 10.03 70 71 105
4 10.03 71 72 105
4 10.03 71 72 105
4 10.03 71 72 105
4 10.03 71 72 105
4 10.03 71 72 105
4 10.03 71 72 105
4 10.03 72 73 105
4 10.03 72 73 105
4 10.03 72 73 105
4 10.03 72 73 105
4 10.03 73 74 105
4 10.03 74 75 105
4 10.03 74 75 105
4 10.03 75 76 105
4 10.03 75 76 105
4 10.03 75 76 105
4 10.03 75 76 105
4 10.03 75 76 105
4 10.03 75 76 105
4 10.03 75 76 105
4 10.03 75 76 105
4 10.03 76 77 105
4 10.03 76 77 105
4 10.03 77 78 105
4 10.03 77 78 105
4 10.03 77 78 105
4 10.03 77 78 105
4 10.03 78 79 105
4 10.03 78 79 105
4 10.03 79 80 105
4 10.03 82 83 105
4 10.03 88 89 105
5 10.04 63 64 117
5 10.04 63 64 117
5 10.04 63 64 117
5 10.04 64 65 117
5 10.04 64 65 117
5 10.04 64 65 117
5 10.04 64 65 117
5 10.04 64 65 117
5 10.04 64 65 117
5 10.04 66 67 117
5 10.04 67 68 117
5 10.04 67 68 117
5 10.04 67 68 117
5 10.04 67 68 117
5 10.04 67 68 117
5 10.04 67 68 117
5 10.04 67 68 117
5 10.04 67 68 117
5 10.04 67 68 117
5 10.04 67 68 117
5 10.04 67 68 117
5 10.04 67 68 117
5 10.04 67 68 117
5 10.04 67 68 117
5 10.04 67 68 117
5 10.04 67 68 117
5 10.04 67 68 117
5 10.04 67 68 117
5 10.04 68 69 117
5 10.04 68 69 117
5 10.04 68 69 117
5 10.04 68 69 117
5 10.04 68 69 117
5 10.04 68 69 117
5 10.04 68 69 117
5 10.04 68 69 117
5 10.04 68 69 117
5 10.04 69 70 117
5 10.04 69 70 117
5 10.04 69 70 117
5 10.04 69 70 117
5 10.04 69 70 117
5 10.04 69 70 117
5 10.04 69 70 117
5 10.04 70 71 117
5 10.04 70 71 117
5 10.04 70 71 117
5 10.04 70 71 117
5 10.04 70 71 117
5 10.04 70 71 117
5 10.04 70 71 117
5 10.04 70 71 117
5 10.04 70 71 117
5 10.04 70 71 117
5 10.04 70 71 117
5 10.04 70 71 117
5 10.04 70 71 117
5 10.04 71 72 117
5 10.04 71 72 117
5 10.04 71 72 117
5 10.04 71 72 117
5 10.04 71 72 117
5 10.04 74 75 117
5 10.04 74 75 117
5 10.04 74 75 117
5 10.04 74 75 117
5 10.04 74 75 117
5 10.04 74 75 117
5 10.04 74 75 117
5 10.04 74 75 117
5 10.04 74 75 117
5 10.04 74 75 117
5 10.04 74 75 117
5 10.04 74 75 117
5 10.04 74 75 117
5 10.04 74 75 117
5 10.04 74 75 117
5 10.04 74 75 117
5 10.04 74 75 117
5 10.04 75 76 117
5 10.04 75 76 117
5 10.04 75 76 117
5 10.04 75 76 117
5 10.04 75 76 117
5 10.04 75 76 117
5 10.04 75 76 117
5 10.04 75 76 117
5 10.04 77 78 117
5 10.04 81 82 117
5 10.04 81 82 117
5 10.04 81 82 117
5 10.04 81 82 117
5 10.04 81 82 117
5 10.04 81 82 117
5 10.04 85 86 117
5 10.04 85 86 117
6 15 34 35 119
6 15 34 35 119
6 15 34 35 119
6 15 34 35 119
6 15 34 35 119
6 15 34 35 119
6 15 34 35 119
6 15 34 35 119
6 15 34 35 119
6 15 34 35 119
6 15 34 35 119
6 15 34 35 119
6 15 34 35 119
6 15 34 35 119
6 15 34 35 119
6 15 34 35 119
6 15 34 35 119
6 15 34 35 119
6 15 34 35 119
6 15 34 35 119
6 15 34 35 119
6 15 34 35 119
6 15 34 35 119
6 15 34 35 119
6 15 34 35 119
6 15 34 35 119
6 15 34 35 119
6 15 34 35 119
6 15 34 35 119
6 15 35 36 119
6 15 35 36 119
6 15 35 36 119
6 15 35 36 119
6 15 35 36 119
6 15 35 36 119
6 15 35 36 119
6 15 35 36 119
6 15 35 36 119
6 15 35 36 119
6 15 35 36 119
6 15 35 36 119
6 15 35 36 119
6 15 35 36 119
6 15 35 36 119
6 15 35 36 119
6 15 35 36 119
6 15 35 36 119
6 15 35 36 119
6 15 35 36 119
6 15 35 36 119
6 15 35 36 119
6 15 35 36 119
6 15 36 37 119
6 15 36 37 119
6 15 36 37 119
6 15 36 37 119
6 15 36 37 119
6 15 36 37 119
6 15 36 37 119
6 15 36 37 119
6 15 36 37 119
6 15 36 37 119
6 15 36 37 119
6 15 36 37 119
6 15 36 37 119
6 15 36 37 119
6 15 36 37 119
6 15 37 38 119
6 15 37 38 119
6 15 37 38 119
6 15 37 38 119
6 15 37 38 119
6 15 37 38 119
6 15 37 38 119
6 15 37 38 119
6 15 37 38 119
6 15 37 38 119
6 15 37 38 119
6 15 38 39 119
6 15 38 39 119
6 15 38 39 119
6 15 38 39 119
6 15 38 39 119
6 15 38 39 119
6 15 38 39 119
6 15 38 39 119
6 15 38 39 119
6 15 38 39 119
6 15 41 42 119
6 15 44 45 119
7 15.01 34 35 119
7 15.01 34 35 119
7 15.01 34 35 119
7 15.01 34 35 119
7 15.01 34 35 119
7 15.01 34 35 119
7 15.01 34 35 119
7 15.01 34 35 119
7 15.01 34 35 119
7 15.01 34 35 119
7 15.01 34 35 119
7 15.01 34 35 119
7 15.01 34 35 119
7 15.01 34 35 119
7 15.01 34 35 119
7 15.01 34 35 119
7 15.01 34 35 119
7 15.01 34 35 119
7 15.01 34 35 119
7 15.01 34 35 119
7 15.01 34 35 119
7 15.01 34 35 119
7 15.01 34 35 119
7 15.01 34 35 119
7 15.01 34 35 119
7 15.01 34 35 119
7 15.01 34 35 119
7 15.01 34 35 119
7 15.01 34 35 119
7 15.01 35 36 119
7 15.01 35 36 119
7 15.01 35 36 119
7 15.01 35 36 119
7 15.01 35 36 119
7 15.01 35 36 119
7 15.01 35 36 119
7 15.01 35 36 119
7 15.01 35 36 119
7 15.01 35 36 119
7 15.01 35 36 119
7 15.01 35 36 119
7 15.01 35 36 119
7 15.01 35 36 119
7 15.01 35 36 119
7 15.01 35 36 119
7 15.01 35 36 119
7 15.01 35 36 119
7 15.01 35 36 119
7 15.01 35 36 119
7 15.01 35 36 119
7 15.01 35 36 119
7 15.01 35 36 119
7 15.01 36 37 119
7 15.01 36 37 119
7 15.01 36 37 119
7 15.01 36 37 119
7 15.01 36 37 119
7 15.01 36 37 119
7 15.01 36 37 119
7 15.01 36 37 119
7 15.01 36 37 119
7 15.01 36 37 119
7 15.01 36 37 119
7 15.01 36 37 119
7 15.01 36 37 119
7 15.01 36 37 119
7 15.01 36 37 119
7 15.01 37 38 119
7 15.01 37 38 119
7 15.01 37 38 119
7 15.01 37 38 119
7 15.01 37 38 119
7 15.01 37 38 119
7 15.01 37 38 119
7 15.01 37 38 119
7 15.01 37 38 119
7 15.01 37 38 119
7 15.01 37 38 119
7 15.01 38 39 119
7 15.01 38 39 119
7 15.01 38 39 119
7 15.01 38 39 119
7 15.01 38 39 119
7 15.01 38 39 119
7 15.01 38 39 119
7 15.01 38 39 119
7 15.01 38 39 119
7 15.01 38 39 119
7 15.01 41 42 119
7 15.01 44 45 119
8 20 12 13 119
8 20 13 14 119
8 20 14 15 119
8 20 14 15 119
8 20 14 15 119
8 20 14 15 119
8 20 14 15 119
8 20 14 15 119
8 20 14 15 119
8 20 14 15 119
8 20 15 16 119
8 20 15 16 119
8 20 15 16 119
8 20 15 16 119
8 20 15 16 119
8 20 15 16 119
8 20 15 16 119
8 20 15 16 119
8 20 15 16 119
8 20 15 16 119
8 20 15 16 119
8 20 15 16 119
8 20 15 16 119
8 20 15 16 119
8 20 15 16 119
8 20 15 16 119
8 20 15 16 119
8 20 15 16 119
8 20 15 16 119
8 20 15 16 119
8 20 15 16 119
8 20 15 16 119
8 20 15 16 119
8 20 15 16 119
8 20 15 16 119
8 20 15 16 119
8 20 15 16 119
8 20 15 16 119
8 20 15 16 119
8 20 15 16 119
8 20 15 16 119
8 20 15 16 119
8 20 15 16 119
8 20 15 16 119
8 20 15 16 119
8 20 15 16 119
8 20 15 16 119
8 20 15 16 119
8 20 15 16 119
8 20 15 16 119
8 20 15 16 119
8 20 15 16 119
8 20 15 16 119
8 20 15 16 119
8 20 15 16 119
8 20 15 16 119
8 20 15 16 119
8 20 15 16 119
8 20 15 16 119
8 20 15 16 119
8 20 15 16 119
8 20 15 16 119
8 20 15 16 119
8 20 15 16 119
8 20 15 16 119
8 20 15 16 119
8 20 15 16 119
8 20 15 16 119
8 20 16 17 119
8 20 16 17 119
8 20 16 17 119
8 20 16 17 119
8 20 16 17 119
8 20 16 17 119
8 20 16 17 119
8 20 16 17 119
8 20 16 17 119
8 20 16 17 119
8 20 16 17 119
8 20 16 17 119
8 20 16 17 119
8 20 16 17 119
8 20 16 17 119
8 20 16 17 119
8 20 16 17 119
8 20 16 17 119
8 20 16 17 119
8 20 16 17 119
8 20 16 17 119
8 20 16 17 119
8 20 16 17 119
8 20 16 17 119
8 20 16 17 119
8 20 16 17 119
8 20 18 19 119
8 20 18 19 119
8 20 18 19 119
8 20 18 19 119
8 20 18 19 119
8 20 18 19 119
8 20 18 19 119
8 20 18 19 119
8 20 18 19 119
8 20 18 19 119
8 20 18 19 119
8 20 19 20 119
8 20 19 20 119
8 20 19 20 119
8 20 26 27 119
8 20 26 27 119
9 20.01 14 15 116
9 20.01 14 15 116
9 20.01 14 15 116
9 20.01 14 15 116
9 20.01 14 15 116
9 20.01 14 15 116
9 20.01 14 15 116
9 20.01 14 15 116
9 20.01 15 16 116
9 20.01 15 16 116
9 20.01 15 16 116
9 20.01 15 16 116
9 20.01 15 16 116
9 20.01 15 16 116
9 20.01 15 16 116
9 20.01 15 16 116
9 20.01 15 16 116
9 20.01 15 16 116
9 20.01 15 16 116
9 20.01 15 16 116
9 20.01 15 16 116
9 20.01 16 17 116
9 20.01 16 17 116
9 20.01 16 17 116
9 20.01 16 17 116
9 20.01 16 17 116
9 20.01 16 17 116
9 20.01 16 17 116
9 20.01 16 17 116
9 20.01 16 17 116
9 20.01 16 17 116
9 20.01 16 17 116
9 20.01 16 17 116
9 20.01 16 17 116
9 20.01 16 17 116
9 20.01 16 17 116
9 20.01 16 17 116
9 20.01 16 17 116
9 20.01 16 17 116
9 20.01 16 17 116
9 20.01 16 17 116
9 20.01 16 17 116
9 20.01 16 17 116
9 20.01 16 17 116
9 20.01 16 17 116
9 20.01 16 17 116
9 20.01 16 17 116
9 20.01 16 17 116
9 20.01 16 17 116
9 20.01 16 17 116
9 20.01 16 17 116
9 20.01 16 17 116
9 20.01 16 17 116
9 20.01 16 17 116
9 20.01 16 17 116
9 20.01 16 17 116
9 20.01 16 17 116
9 20.01 16 17 116
9 20.01 17 18 116
9 20.01 17 18 116
9 20.01 17 18 116
9 20.01 17 18 116
9 20.01 17 18 116
9 20.01 17 18 116
9 20.01 18 19 116
9 20.01 18 19 116
9 20.01 18 19 116
9 20.01 18 19 116
9 20.01 18 19 116
9 20.01 18 19 116
9 20.01 18 19 116
9 20.01 18 19 116
9 20.01 18 19 116
9 20.01 18 19 116
9 20.01 18 19 116
9 20.01 18 19 116
9 20.01 18 19 116
9 20.01 18 19 116
9 20.01 18 19 116
9 20.01 18 19 116
9 20.01 18 19 116
9 20.01 18 19 116
9 20.01 18 19 116
9 20.01 19 20 116
9 20.01 19 20 116
9 20.01 19 20 116
9 20.01 19 20 116
9 20.01 19 20 116
9 20.01 19 20 116
9 20.01 19 20 116
9 20.01 19 20 116
9 20.01 19 20 116
9 20.01 20 21 116
9 20.01 20 21 116
9 20.01 20 21 116
9 20.01 20 21 116
9 20.01 20 21 116
9 20.01 20 21 116
9 20.01 21 22 116
9 20.01 21 22 116
9 20.01 22 23 116
10 25 7 8 47
10 25 7 8 47
10 25 8 9 47
10 25 8 9 47
10 25 8 9 47
10 25 8 9 47
10 25 9 10 47
10 25 9 10 47
10 25 9 10 47
10 25 9 10 47
10 25 9 10 47
10 25 9 10 47
10 25 9 10 47
10 25 9 10 47
10 25 9 10 47
10 25 9 10 47
10 25 9 10 47
10 25 9 10 47
10 25 9 10 47
10 25 10 11 47
10 25 10 11 47
10 25 11 12 47
10 25 12 13 47
10 25 12 13 47
10 25 12 13 47
10 25 12 13 47
10 25 12 13 47
10 25 12 13 47
10 25 12 13 47
10 25 12 13 47
10 25 12 13 47
10 25 12 13 47
10 25 12 13 47
10 25 12 13 47
11 25.01 8 9 43
11 25.01 8 9 43
11 25.01 11 12 43
11 25.01 11 12 43
11 25.01 11 12 43
11 25.01 11 12 43
11 25.01 11 12 43
11 25.01 11 12 43
11 25.01 11 12 43
11 25.01 11 12 43
11 25.01 11 12 43
11 25.01 11 12 43
11 25.01 11 12 43
11 25.01 11 12 43
11 25.01 11 12 43
11 25.01 11 12 43
11 25.01 11 12 43
11 25.01 11 12 43
11 25.01 11 12 43
11 25.01 11 12 43
11 25.01 11 12 43
11 25.01 11 12 43
11 25.01 11 12 43
11 25.01 11 12 43
11 25.01 11 12 43
11 25.01 11 12 43
11 25.01 11 12 43
11 25.01 11 12 43
11 25.01 11 12 43
11 25.01 11 12 43
11 25.01 11 12 43
11 25.01 11 12 43
11 25.01 12 13 43
11 25.01 12 13 43
11 25.01 12 13 43
11 25.01 12 13 43
11 25.01 12 13 43
11 25.01 17 18 43
12 25.02 9 10 109
12 25.02 9 10 109
12 25.02 10 11 109
12 25.02 11 12 109
12 25.02 11 12 109
12 25.02 11 12 109
12 25.02 11 12 109
12 25.02 11 12 109
12 25.02 11 12 109
12 25.02 12 13 109
12 25.02 12 13 109
12 25.02 12 13 109
12 25.02 12 13 109
12 25.02 12 13 109
12 25.02 12 13 109
12 25.02 12 13 109
12 25.02 12 13 109
12 25.02 12 13 109
12 25.02 12 13 109
12 25.02 12 13 109
12 25.02 12 13 109
12 25.02 12 13 109
12 25.02 12 13 109
12 25.02 12 13 109
12 25.02 12 13 109
12 25.02 12 13 109
12 25.02 12 13 109
12 25.02 12 13 109
12 25.02 12 13 109
12 25.02 12 13 109
12 25.02 12 13 109
12 25.02 12 13 109
12 25.02 12 13 109
12 25.02 12 13 109
12 25.02 12 13 109
12 25.02 12 13 109
12 25.02 12 13 109
12 25.02 12 13 109
12 25.02 12 13 109
12 25.02 12 13 109
12 25.02 12 13 109
12 25.02 12 13 109
12 25.02 12 13 109
12 25.02 12 13 109
12 25.02 12 13 109
12 25.02 12 13 109
12 25.02 12 13 109
12 25.02 12 13 109
12 25.02 12 13 109
12 25.02 12 13 109
12 25.02 12 13 109
12 25.02 12 13 109
12 25.02 12 13 109
12 25.02 12 13 109
12 25.02 12 13 109
12 25.02 12 13 109
12 25.02 12 13 109
12 25.02 12 13 109
12 25.02 12 13 109
12 25.02 12 13 109
12 25.02 12 13 109
12 25.02 12 13 109
12 25.02 12 13 109
12 25.02 12 13 109
12 25.02 12 13 109
12 25.02 12 13 109
12 25.02 12 13 109
12 25.02 12 13 109
12 25.02 12 13 109
12 25.02 12 13 109
12 25.02 12 13 109
12 25.02 12 13 109
12 25.02 12 13 109
12 25.02 12 13 109
12 25.02 12 13 109
12 25.02 13 14 109
12 25.02 13 14 109
12 25.02 13 14 109
12 25.02 13 14 109
12 25.02 13 14 109
12 25.02 19 20 109
13 25.03 9 10 149
13 25.03 9 10 149
13 25.03 9 10 149
13 25.03 9 10 149
13 25.03 9 10 149
13 25.03 9 10 149
13 25.03 9 10 149
13 25.03 9 10 149
13 25.03 9 10 149
13 25.03 9 10 149
13 25.03 9 10 149
13 25.03 9 10 149
13 25.03 9 10 149
13 25.03 9 10 149
13 25.03 9 10 149
13 25.03 9 10 149
13 25.03 9 10 149
13 25.03 9 10 149
13 25.03 9 10 149
13 25.03 9 10 149
13 25.03 9 10 149
13 25.03 9 10 149
13 25.03 9 10 149
13 25.03 9 10 149
13 25.03 9 10 149
13 25.03 9 10 149
13 25.03 9 10 149
13 25.03 9 10 149
13 25.03 9 10 149
13 25.03 9 10 149
13 25.03 9 10 149
13 25.03 9 10 149
13 25.03 9 10 149
13 25.03 9 10 149
13 25.03 9 10 149
13 25.03 9 10 149
13 25.03 9 10 149
13 25.03 9 10 149
13 25.03 9 10 149
13 25.03 9 10 149
13 25.03 9 10 149
13 25.03 9 10 149
13 25.03 9 10 149
13 25.03 9 10 149
13 25.03 9 10 149
13 25.03 9 10 149
13 25.03 9 10 149
13 25.03 9 10 149
13 25.03 9 10 149
13 25.03 9 10 149
13 25.03 9 10 149
13 25.03 9 10 149
13 25.03 9 10 149
13 25.03 9 10 149
13 25.03 9 10 149
13 25.03 9 10 149
13 25.03 9 10 149
13 25.03 9 10 149
13 25.03 9 10 149
13 25.03 9 10 149
13 25.03 9 10 149
13 25.03 10 11 149
13 25.03 10 11 149
13 25.03 10 11 149
13 25.03 10 11 149
13 25.03 10 11 149
13 25.03 10 11 149
13 25.03 10 11 149
13 25.03 10 11 149
13 25.03 10 11 149
13 25.03 10 11 149
13 25.03 10 11 149
13 25.03 10 11 149
13 25.03 10 11 149
13 25.03 10 11 149
13 25.03 10 11 149
13 25.03 10 11 149
13 25.03 10 11 149
13 25.03 10 11 149
13 25.03 10 11 149
13 25.03 10 11 149
13 25.03 10 11 149
13 25.03 10 11 149
13 25.03 10 11 149
13 25.03 10 11 149
13 25.03 10 11 149
13 25.03 10 11 149
13 25.03 10 11 149
13 25.03 10 11 149
13 25.03 10 11 149
13 25.03 10 11 149
13 25.03 10 11 149
13 25.03 10 11 149
13 25.03 10 11 149
13 25.03 10 11 149
13 25.03 10 11 149
13 25.03 10 11 149
13 25.03 10 11 149
13 25.03 10 11 149
13 25.03 10 11 149
13 25.03 10 11 149
13 25.03 10 11 149
13 25.03 10 11 149
13 25.03 10 11 149
13 25.03 10 11 149
13 25.03 10 11 149
13 25.03 10 11 149
13 25.03 10 11 149
13 25.03 10 11 149
13 25.03 10 11 149
13 25.03 10 11 149
13 25.03 11 12 149
13 25.03 11 12 149
13 25.03 11 12 149
13 25.03 11 12 149
13 25.03 11 12 149
13 25.03 11 12 149
13 25.03 11 12 149
13 25.03 12 13 149
13 25.03 12 13 149
13 25.03 12 13 149
13 25.03 12 13 149
13 25.03 12 13 149
13 25.03 12 13 149
13 25.03 12 13 149
13 25.03 12 13 149
13 25.03 12 13 149
13 25.03 13 14 149
13 25.03 13 14 149
13 25.03 13 14 149
13 25.03 13 14 149
13 25.03 14 15 149
13 25.03 14 15 149
13 25.03 15 16 149
14 30 7 8 88
14 30 7 8 88
14 30 7 8 88
14 30 7 8 88
14 30 7 8 88
14 30 7 8 88
14 30 7 8 88
14 30 7 8 88
14 30 7 8 88
14 30 7 8 88
14 30 10 11 88
14 30 10 11 88
14 30 10 11 88
14 30 10 11 88
14 30 10 11 88
14 30 10 11 88
14 30 10 11 88
14 30 10 11 88
14 30 10 11 88
14 30 10 11 88
14 30 10 11 88
14 30 10 11 88
14 30 10 11 88
14 30 10 11 88
14 30 10 11 88
14 30 10 11 88
14 30 10 11 88
14 30 10 11 88
14 30 10 11 88
14 30 10 11 88
14 30 10 11 88
14 30 10 11 88
14 30 10 11 88
14 30 10 11 88
14 30 10 11 88
14 30 10 11 88
14 30 10 11 88
14 30 10 11 88
14 30 10 11 88
14 30 10 11 88
14 30 10 11 88
14 30 11 12 88
14 30 12 13 88
14 30 12 13 88
14 30 13 14 88
14 30 13 14 88
15 30.01 9 10 47
15 30.01 9 10 47
15 30.01 9 10 47
15 30.01 9 10 47
15 30.01 9 10 47
15 30.01 9 10 47
15 30.01 9 10 47
15 30.01 9 10 47
15 30.01 9 10 47
15 30.01 10 11 47
15 30.01 10 11 47
15 30.01 10 11 47
16 30.02 7 8 120
16 30.02 8 9 120
16 30.02 8 9 120
16 30.02 8 9 120
16 30.02 8 9 120
16 30.02 8 9 120
16 30.02 8 9 120
16 30.02 8 9 120
16 30.02 9 10 120
16 30.02 9 10 120
16 30.02 9 10 120
16 30.02 9 10 120
16 30.02 9 10 120
16 30.02 9 10 120
16 30.02 9 10 120
16 30.02 9 10 120
16 30.02 10 11 120
16 30.02 10 11 120
16 30.02 10 11 120
16 30.02 10 11 120
16 30.02 10 11 120
16 30.02 10 11 120
16 30.02 10 11 120
16 30.02 10 11 120
16 30.02 10 11 120
16 30.02 10 11 120
16 30.02 10 11 120
16 30.02 10 11 120
16 30.02 10 11 120
16 30.02 10 11 120
16 30.02 10 11 120
16 30.02 10 11 120
16 30.02 10 11 120
16 30.02 10 11 120
16 30.02 11 12 120
16 30.02 11 12 120
16 30.02 11 12 120
16 30.02 11 12 120
16 30.02 11 12 120
16 30.02 11 12 120
17 30.03 7 8 99
17 30.03 7 8 99
17 30.03 7 8 99
17 30.03 7 8 99
17 30.03 7 8 99
17 30.03 7 8 99
17 30.03 8 9 99
17 30.03 8 9 99
17 30.03 8 9 99
17 30.03 8 9 99
17 30.03 8 9 99
17 30.03 8 9 99
17 30.03 8 9 99
17 30.03 9 10 99
17 30.03 9 10 99
17 30.03 9 10 99
17 30.03 10 11 99
17 30.03 10 11 99
18 32 7 8 24
18 32 8 9 24
18 32 10 11 24
18 32 10 11 24
19 32.01 9 10 53
19 32.01 9 10 53
19 32.01 9.1 10.1 53
20 32.02 10 11 104
20 32.02 10 11 104
20 32.02 10 11 104
20 32.02 11 12 104
20 32.02 11 12 104
20 32.02 12 13 104
20 32.02 12 13 104
20 32.02 12 13 104
