1 10 59 60 42
1 10 59 60 42
1 10 60 61 42
1 10 60 61 42
1 10 62 63 42
1 10 66 67 42
1 10 66 67 42
1 10 67 68 42
1 10 69 70 42
1 10 74 75 42
1 10 76 77 42
2 10.01 38 39 73
2 10.01 41 42 73
2 10.01 52 53 73
2 10.01 53 54 73
2 10.01 54 55 73
2 10.01 54 55 73
2 10.01 55 56 73
2 10.01 55 56 73
2 10.01 55 56 73
2 10.01 55 56 73
2 10.01 55 56 73
2 10.01 56 57 73
2 10.01 56 57 73
2 10.01 56 57 73
2 10.01 57 58 73
2 10.01 58 59 73
2 10.01 58 59 73
2 10.01 58 59 73
2 10.01 58 59 73
2 10.01 59 60 73
2 10.01 60 61 73
2 10.01 60 61 73
2 10.01 61 62 73
2 10.01 61 62 73
2 10.01 61 62 73
2 10.01 62 63 73
2 10.01 62 63 73
2 10.01 62 63 73
2 10.01 62 63 73
2 10.01 63 64 73
2 10.01 65 66 73
2 10.01 65 66 73
2 10.01 65 66 73
2 10.01 65 66 73
2 10.01 66 67 73
2 10.01 66 67 73
2 10.01 66 67 73
2 10.01 66 67 73
2 10.01 66 67 73
2 10.01 66 67 73
2 10.01 69 70 73
2 10.01 69 70 73
2 10.01 70 71 73
2 10.01 72 73 73
2 10.01 72 73 73
2 10.01 73 74 73
2 10.01 80 81 73
3 10.02 28 29 79
3 10.02 34 35 79
3 10.02 34 35 79
3 10.02 36 37 79
3 10.02 36 37 79
3 10.02 37 38 79
3 10.02 37 38 79
3 10.02 37 38 79
3 10.02 37 38 79
3 10.02 37 38 79
3 10.02 37 38 79
3 10.02 37 38 79
3 10.02 37 38 79
3 10.02 38 39 79
3 10.02 38 39 79
3 10.02 38 39 79
3 10.02 38 39 79
3 10.02 38 39 79
3 10.02 38 39 79
3 10.02 39 40 79
3 10.02 40 41 79
3 10.02 40 41 79
3 10.02 40 41 79
3 10.02 40 41 79
3 10.02 41 42 79
3 10.02 41 42 79
3 10.02 41 42 79
3 10.02 43 44 79
3 10.02 43 44 79
3 10.02 44 45 79
3 10.02 44 45 79
3 10.02 44 45 79
3 10.02 44 45 79
3 10.02 44 45 79
3 10.02 45 46 79
3 10.02 45 46 79
3 10.02 45 46 79
3 10.02 46 47 79
3 10.02 46 47 79
3 10.02 46 47 79
3 10.02 47 48 79
3 10.02 48 49 79
3 10.02 48 49 79
3 10.02 48 49 79
3 10.02 48 49 79
3 10.02 48 49 79
3 10.02 49 50 79
3 10.02 49 50 79
3 10.02 51 52 79
3 10.02 51 52 79
3 10.02 52 53 79
4 10.03 42 43 50
4 10.03 45 46 50
4 10.03 46 47 50
4 10.03 48 49 50
4 10.03 49 50 50
4 10.03 49 50 50
4 10.03 51 52 50
4 10.03 52 53 50
4 10.03 53 54 50
4 10.03 53 54 50
4 10.03 54 55 50
4 10.03 54 55 50
4 10.03 55 56 50
4 10.03 56 57 50
4 10.03 57 58 50
4 10.03 58 59 50
4 10.03 58 59 50
4 10.03 58 59 50
4 10.03 58 59 50
4 10.03 59 60 50
4 10.03 59 60 50
4 10.03 60 61 50
4 10.03 61 62 50
4 10.03 61 62 50
4 10.03 62 63 50
4 10.03 62 63 50
5 10.04 47 48 96
5 10.04 47 48 96
5 10.04 47 48 96
5 10.04 48 49 96
5 10.04 48 49 96
5 10.04 48 49 96
5 10.04 49 50 96
5 10.04 49 50 96
5 10.04 50 51 96
5 10.04 51 52 96
5 10.04 51 52 96
5 10.04 51 52 96
5 10.04 52 53 96
5 10.04 52 53 96
5 10.04 52 53 96
5 10.04 52 53 96
5 10.04 52 53 96
5 10.04 52 53 96
5 10.04 52 53 96
5 10.04 52 53 96
5 10.04 52 53 96
5 10.04 52 53 96
5 10.04 53 54 96
5 10.04 54 55 96
5 10.04 54 55 96
5 10.04 55 56 96
5 10.04 55 56 96
5 10.04 55 56 96
5 10.04 55 56 96
5 10.04 55 56 96
5 10.04 55 56 96
5 10.04 55 56 96
5 10.04 55 56 96
5 10.04 56 57 96
5 10.04 56 57 96
5 10.04 56 57 96
5 10.04 56 57 96
5 10.04 56 57 96
5 10.04 59 60 96
5 10.04 59 60 96
5 10.04 59 60 96
5 10.04 60 61 96
5 10.04 61 62 96
5 10.04 61 62 96
5 10.04 61 62 96
5 10.04 61 62 96
5 10.04 62 63 96
5 10.04 62 63 96
5 10.04 62 63 96
5 10.04 62 63 96
5 10.04 62 63 96
5 10.04 62 63 96
5 10.04 63 64 96
5 10.04 66 67 96
5 10.04 68 69 96
5 10.04 68 69 96
5 10.04 69 70 96
5 10.04 69 70 96
5 10.04 69 70 96
6 15 14 15 90
6 15 14 15 90
6 15 16 17 90
6 15 16 17 90
6 15 16 17 90
6 15 16 17 90
6 15 17 18 90
6 15 18 19 90
6 15 18 19 90
6 15 19 20 90
6 15 19 20 90
6 15 19 20 90
6 15 19 20 90
6 15 19 20 90
6 15 19 20 90
6 15 19 20 90
6 15 19 20 90
6 15 19 20 90
6 15 19 20 90
6 15 19 20 90
6 15 19 20 90
6 15 19 20 90
6 15 20 21 90
6 15 20 21 90
6 15 20 21 90
6 15 20 21 90
6 15 20 21 90
6 15 20 21 90
6 15 20 21 90
6 15 20 21 90
6 15 20 21 90
6 15 20 21 90
6 15 20 21 90
6 15 20 21 90
6 15 20 21 90
6 15 20 21 90
6 15 20 21 90
6 15 21 22 90
6 15 21 22 90
6 15 21 22 90
6 15 21 22 90
6 15 21 22 90
6 15 21 22 90
6 15 21 22 90
6 15 22 23 90
6 15 22 23 90
6 15 22 23 90
6 15 22 23 90
6 15 22 23 90
6 15 23 24 90
6 15 23 24 90
6 15 23 24 90
6 15 23 24 90
6 15 24 25 90
6 15 24 25 90
6 15 24 25 90
6 15 25 26 90
6 15 25 26 90
6 15 25 26 90
6 15 25 26 90
6 15 26 27 90
6 15 26 27 90
6 15 26 27 90
6 15 27 28 90
6 15 27 28 90
6 15 27 28 90
7 15.01 14 15 90
7 15.01 14 15 90
7 15.01 16 17 90
7 15.01 16 17 90
7 15.01 16 17 90
7 15.01 16 17 90
7 15.01 17 18 90
7 15.01 18 19 90
7 15.01 18 19 90
7 15.01 19 20 90
7 15.01 19 20 90
7 15.01 19 20 90
7 15.01 19 20 90
7 15.01 19 20 90
7 15.01 19 20 90
7 15.01 19 20 90
7 15.01 19 20 90
7 15.01 19 20 90
7 15.01 19 20 90
7 15.01 19 20 90
7 15.01 19 20 90
7 15.01 19 20 90
7 15.01 20 21 90
7 15.01 20 21 90
7 15.01 20 21 90
7 15.01 20 21 90
7 15.01 20 21 90
7 15.01 20 21 90
7 15.01 20 21 90
7 15.01 20 21 90
7 15.01 20 21 90
7 15.01 20 21 90
7 15.01 20 21 90
7 15.01 20 21 90
7 15.01 20 21 90
7 15.01 20 21 90
7 15.01 20 21 90
7 15.01 21 22 90
7 15.01 21 22 90
7 15.01 21 22 90
7 15.01 21 22 90
7 15.01 21 22 90
7 15.01 21 22 90
7 15.01 21 22 90
7 15.01 22 23 90
7 15.01 22 23 90
7 15.01 22 23 90
7 15.01 22 23 90
7 15.01 22 23 90
7 15.01 23 24 90
7 15.01 23 24 90
7 15.01 23 24 90
7 15.01 23 24 90
7 15.01 24 25 90
7 15.01 24 25 90
7 15.01 24 25 90
7 15.01 25 26 90
7 15.01 25 26 90
7 15.01 25 26 90
7 15.01 25 26 90
7 15.01 26 27 90
7 15.01 26 27 90
7 15.01 26 27 90
7 15.01 27 28 90
7 15.01 27 28 90
7 15.01 27 28 90
8 20 7 8 110
8 20 7 8 110
8 20 7 8 110
8 20 7 8 110
8 20 7 8 110
8 20 7 8 110
8 20 7 8 110
8 20 8 9 110
8 20 8 9 110
8 20 8 9 110
8 20 8 9 110
8 20 8 9 110
8 20 8 9 110
8 20 9 10 110
8 20 9 10 110
8 20 9 10 110
8 20 9 10 110
8 20 9 10 110
8 20 9 10 110
8 20 9 10 110
8 20 9 10 110
8 20 9 10 110
8 20 9 10 110
8 20 9 10 110
8 20 9 10 110
8 20 9 10 110
8 20 9 10 110
8 20 9 10 110
8 20 9 10 110
8 20 9 10 110
8 20 9 10 110
8 20 9 10 110
8 20 9 10 110
8 20 9 10 110
8 20 9 10 110
8 20 9 10 110
8 20 9 10 110
8 20 9 10 110
8 20 9 10 110
8 20 9 10 110
8 20 9 10 110
8 20 9 10 110
8 20 9 10 110
8 20 9 10 110
8 20 10 11 110
8 20 10 11 110
8 20 10 11 110
8 20 10 11 110
8 20 10 11 110
8 20 10 11 110
8 20 10 11 110
8 20 10 11 110
8 20 10 11 110
8 20 10 11 110
8 20 10 11 110
8 20 10 11 110
8 20 10 11 110
8 20 10 11 110
8 20 10 11 110
8 20 10 11 110
8 20 10 11 110
8 20 10 11 110
8 20 10 11 110
8 20 10 11 110
8 20 10 11 110
8 20 10 11 110
8 20 10 11 110
8 20 10 11 110
8 20 10 11 110
8 20 10 11 110
8 20 10 11 110
8 20 10 11 110
8 20 10 11 110
8 20 10 11 110
8 20 10 11 110
8 20 10 11 110
8 20 10 11 110
8 20 10 11 110
8 20 10 11 110
8 20 10 11 110
8 20 10 11 110
8 20 10 11 110
8 20 10 11 110
8 20 10 11 110
8 20 11 12 110
8 20 11 12 110
8 20 11 12 110
8 20 11 12 110
8 20 11 12 110
8 20 11 12 110
8 20 11 12 110
8 20 11 12 110
8 20 11 12 110
8 20 11 12 110
8 20 11 12 110
8 20 11 12 110
8 20 11 12 110
8 20 12 13 110
8 20 12 13 110
8 20 14 15 110
8 20 15 16 110
9 20.01 9 10 101
9 20.01 9 10 101
9 20.01 9 10 101
9 20.01 9 10 101
9 20.01 9 10 101
9 20.01 9 10 101
9 20.01 9 10 101
9 20.01 9 10 101
9 20.01 9 10 101
9 20.01 9 10 101
9 20.01 9 10 101
9 20.01 9 10 101
9 20.01 9 10 101
9 20.01 9 10 101
9 20.01 9 10 101
9 20.01 9 10 101
9 20.01 9 10 101
9 20.01 10 11 101
9 20.01 10 11 101
9 20.01 10 11 101
9 20.01 10 11 101
9 20.01 10 11 101
9 20.01 10 11 101
9 20.01 10 11 101
9 20.01 10 11 101
9 20.01 10 11 101
9 20.01 10 11 101
9 20.01 10 11 101
9 20.01 10 11 101
9 20.01 10 11 101
9 20.01 10 11 101
9 20.01 10 11 101
9 20.01 10 11 101
9 20.01 10 11 101
9 20.01 10 11 101
9 20.01 10 11 101
9 20.01 10 11 101
9 20.01 10 11 101
9 20.01 10 11 101
9 20.01 10 11 101
9 20.01 10 11 101
9 20.01 10 11 101
9 20.01 10 11 101
9 20.01 10 11 101
9 20.01 10 11 101
9 20.01 10 11 101
9 20.01 10 11 101
9 20.01 10 11 101
9 20.01 10 11 101
9 20.01 10 11 101
9 20.01 11 12 101
9 20.01 11 12 101
9 20.01 11 12 101
9 20.01 11 12 101
9 20.01 11 12 101
9 20.01 11 12 101
9 20.01 11 12 101
9 20.01 11 12 101
9 20.01 11 12 101
9 20.01 11 12 101
9 20.01 11 12 101
9 20.01 11 12 101
9 20.01 11 12 101
9 20.01 11 12 101
9 20.01 11 12 101
9 20.01 11 12 101
9 20.01 11 12 101
9 20.01 11 12 101
9 20.01 11 12 101
9 20.01 11 12 101
9 20.01 11 12 101
9 20.01 11 12 101
9 20.01 11 12 101
9 20.01 12 13 101
9 20.01 12 13 101
9 20.01 12 13 101
9 20.01 12 13 101
9 20.01 12 13 101
9 20.01 12 13 101
9 20.01 12 13 101
9 20.01 12 13 101
9 20.01 12 13 101
9 20.01 12 13 101
9 20.01 12 13 101
9 20.01 12 13 101
9 20.01 12 13 101
9 20.01 13 14 101
9 20.01 13 14 101
9 20.01 13 14 101
9 20.01 13 14 101
9 20.01 13 14 101
9 20.01 13 14 101
9 20.01 13 14 101
9 20.01 14 15 101
9 20.01 14 15 101
10 25 4 5 34
10 25 6 7 34
10 25 6 7 34
10 25 6 7 34
10 25 6 7 34
10 25 6 7 34
10 25 6 7 34
10 25 6 7 34
10 25 6 7 34
10 25 6 7 34
10 25 6 7 34
10 25 6 7 34
10 25 6 7 34
10 25 6 7 34
10 25 6 7 34
10 25 6 7 34
10 25 6 7 34
10 25 6 7 34
10 25 6 7 34
10 25 6 7 34
10 25 7 8 34
10 25 7 8 34
10 25 7 8 34
10 25 7 8 34
10 25 8 9 34
10 25 8 9 34
10 25 9 10 34
10 25 9 10 34
10 25 9 10 34
11 25.01 3 4 38
11 25.01 3 4 38
11 25.01 3 4 38
11 25.01 5 6 38
11 25.01 6 7 38
11 25.01 6 7 38
11 25.01 6 7 38
11 25.01 6 7 38
11 25.01 6 7 38
11 25.01 6 7 38
11 25.01 6 7 38
11 25.01 6 7 38
11 25.01 6 7 38
11 25.01 6 7 38
11 25.01 6 7 38
11 25.01 6 7 38
11 25.01 6 7 38
11 25.01 6 7 38
11 25.01 6 7 38
11 25.01 6 7 38
11 25.01 6 7 38
11 25.01 6 7 38
11 25.01 6 7 38
11 25.01 6 7 38
11 25.01 6 7 38
11 25.01 6 7 38
11 25.01 6 7 38
11 25.01 6 7 38
11 25.01 6 7 38
11 25.01 7 8 38
11 25.01 7 8 38
11 25.01 8 9 38
11 25.01 9 10 38
11 25.01 9 10 38
12 25.02 3 4 81
12 25.02 3 4 81
12 25.02 3 4 81
12 25.02 3 4 81
12 25.02 3 4 81
12 25.02 3 4 81
12 25.02 3 4 81
12 25.02 3 4 81
12 25.02 3 4 81
12 25.02 3 4 81
12 25.02 3 4 81
12 25.02 3 4 81
12 25.02 3 4 81
12 25.02 3 4 81
12 25.02 3 4 81
12 25.02 3 4 81
12 25.02 5 6 81
12 25.02 5 6 81
12 25.02 5 6 81
12 25.02 6 7 81
12 25.02 6 7 81
12 25.02 6 7 81
12 25.02 6 7 81
12 25.02 6 7 81
12 25.02 6 7 81
12 25.02 6 7 81
12 25.02 6 7 81
12 25.02 6 7 81
12 25.02 6 7 81
12 25.02 6 7 81
12 25.02 6 7 81
12 25.02 6 7 81
12 25.02 6 7 81
12 25.02 6 7 81
12 25.02 6 7 81
12 25.02 6 7 81
12 25.02 6 7 81
12 25.02 6 7 81
12 25.02 6 7 81
12 25.02 6 7 81
12 25.02 6 7 81
12 25.02 6 7 81
12 25.02 6 7 81
12 25.02 6 7 81
12 25.02 6 7 81
12 25.02 6 7 81
12 25.02 6 7 81
12 25.02 6 7 81
12 25.02 6 7 81
12 25.02 6 7 81
12 25.02 6 7 81
12 25.02 6 7 81
12 25.02 6 7 81
12 25.02 6 7 81
12 25.02 6 7 81
12 25.02 6 7 81
12 25.02 6 7 81
12 25.02 6 7 81
12 25.02 6 7 81
12 25.02 7 8 81
12 25.02 9 10 81
12 25.02 9 10 81
13 25.03 3 4 134
13 25.03 4 5 134
13 25.03 4 5 134
13 25.03 4 5 134
13 25.03 4 5 134
13 25.03 5 6 134
13 25.03 5 6 134
13 25.03 5 6 134
13 25.03 5 6 134
13 25.03 5 6 134
13 25.03 6 7 134
13 25.03 6 7 134
13 25.03 6 7 134
13 25.03 6 7 134
13 25.03 6 7 134
13 25.03 6 7 134
13 25.03 6 7 134
13 25.03 6 7 134
13 25.03 6 7 134
13 25.03 6 7 134
13 25.03 6 7 134
13 25.03 6 7 134
13 25.03 6 7 134
13 25.03 6 7 134
13 25.03 6 7 134
13 25.03 6 7 134
13 25.03 6 7 134
13 25.03 6 7 134
13 25.03 6 7 134
13 25.03 6 7 134
13 25.03 7 8 134
13 25.03 7 8 134
13 25.03 7 8 134
13 25.03 7 8 134
13 25.03 7 8 134
13 25.03 7 8 134
13 25.03 7 8 134
13 25.03 7 8 134
13 25.03 8 9 134
13 25.03 8 9 134
13 25.03 8 9 134
13 25.03 8 9 134
13 25.03 8 9 134
13 25.03 8 9 134
13 25.03 8 9 134
13 25.03 8 9 134
13 25.03 8 9 134
13 25.03 8 9 134
13 25.03 8 9 134
13 25.03 8 9 134
13 25.03 8 9 134
13 25.03 8 9 134
13 25.03 8 9 134
13 25.03 8 9 134
13 25.03 8 9 134
13 25.03 8 9 134
13 25.03 8 9 134
13 25.03 8 9 134
13 25.03 8 9 134
13 25.03 8 9 134
13 25.03 8 9 134
13 25.03 8 9 134
13 25.03 8 9 134
13 25.03 8 9 134
13 25.03 8 9 134
13 25.03 8 9 134
13 25.03 8 9 134
13 25.03 8 9 134
13 25.03 9 10 134
13 25.03 9 10 134
13 25.03 9 10 134
13 25.03 9 10 134
13 25.03 9 10 134
13 25.03 9 10 134
13 25.03 9 10 134
13 25.03 9 10 134
13 25.03 9 10 134
13 25.03 9 10 134
13 25.03 9 10 134
13 25.03 9 10 134
13 25.03 9 10 134
13 25.03 9 10 134
13 25.03 9 10 134
13 25.03 9 10 134
13 25.03 9 10 134
13 25.03 9 10 134
13 25.03 9 10 134
13 25.03 9 10 134
13 25.03 9 10 134
13 25.03 9 10 134
13 25.03 9 10 134
13 25.03 9 10 134
13 25.03 9 10 134
13 25.03 9 10 134
13 25.03 9 10 134
13 25.03 9 10 134
13 25.03 9 10 134
13 25.03 9 10 134
13 25.03 9 10 134
13 25.03 9 10 134
13 25.03 9 10 134
13 25.03 9 10 134
13 25.03 9 10 134
13 25.03 9 10 134
13 25.03 9 10 134
13 25.03 9 10 134
13 25.03 9 10 134
13 25.03 9 10 134
13 25.03 10 11 134
13 25.03 10 11 134
13 25.03 11 12 134
14 30 2 3 46
14 30 2 3 46
14 30 2 3 46
14 30 2 3 46
14 30 2 3 46
14 30 2 3 46
14 30 2 3 46
14 30 2 3 46
14 30 2 3 46
14 30 2 3 46
14 30 3 4 46
14 30 3 4 46
14 30 3 4 46
14 30 3 4 46
14 30 4 5 46
14 30 5 6 46
14 30 5 6 46
14 30 5 6 46
14 30 5 6 46
14 30 5 6 46
14 30 5 6 46
14 30 5 6 46
14 30 6 7 46
14 30 6 7 46
14 30 6 7 46
14 30 6 7 46
14 30 6 7 46
14 30 9 10 46
15 30.01 3 4 12
15 30.01 3 4 12
15 30.01 3 4 12
15 30.01 5 6 12
15 30.01 6 7 12
15 30.01 6 7 12
16 30.02 3 4 40
16 30.02 3 4 40
16 30.02 4 5 40
16 30.02 4 5 40
16 30.02 4 5 40
16 30.02 4 5 40
16 30.02 4 5 40
16 30.02 4 5 40
16 30.02 4 5 40
16 30.02 4 5 40
16 30.02 4 5 40
16 30.02 4 5 40
16 30.02 5 6 40
16 30.02 5 6 40
16 30.02 5 6 40
16 30.02 5 6 40
16 30.02 5 6 40
16 30.02 5 6 40
16 30.02 5 6 40
16 30.02 5 6 40
16 30.02 5 6 40
16 30.02 5 6 40
16 30.02 5 6 40
16 30.02 5 6 40
16 30.02 5 6 40
16 30.02 5 6 40
16 30.02 6 7 40
16 30.02 6 7 40
16 30.02 6 7 40
16 30.02 6 7 40
17 30.03 3 4 18
17 30.03 4 5 18
17 30.03 4 5 18
17 30.03 4 5 18
17 30.03 5 6 18
18 32 4 5 4
18 32 4.1 5.1 4
19 32.01 5 6 6
19 32.01 5.1 6.1 6
20 32.02 3 4 8
20 32.02 4 5 8
20 32.02 4 5 8
20 32.02 6 7 8
20 32.02 7 8 8
