1 10 13 14 50
1 10 14 15 50
1 10 15 16 50
1 10 16 17 50
1 10 16 17 50
1 10 17 18 50
1 10 18 19 50
1 10 19 20 50
1 10 20 21 50
1 10 22 23 50
1 10 22 23 50
1 10 22 23 50
1 10 25 26 50
1 10 26 27 50
1 10 27 28 50
1 10 27 28 50
1 10 27 28 50
1 10 27 28 50
1 10 28 29 50
1 10 29 30 50
1 10 29 30 50
1 10 30 31 50
1 10 31 32 50
1 10 31 32 50
1 10 31 32 50
1 10 32 33 50
1 10 33 34 50
1 10 34 35 50
1 10 34 35 50
1 10 36 37 50
1 10 36 37 50
1 10 36 37 50
1 10 37 38 50
1 10 37 38 50
1 10 38 39 50
1 10 39 40 50
1 10 39 40 50
1 10 39 40 50
1 10 39 40 50
1 10 40 41 50
1 10 41 42 50
1 10 41 42 50
1 10 41 42 50
1 10 42 43 50
1 10 42 43 50
1 10 43 44 50
1 10 44 45 50
1 10 44 45 50
1 10 45 46 50
1 10 47 48 50
2 15 12 13 25
2 15 14 15 25
2 15 14 15 25
2 15 15 16 25
2 15 17 18 25
2 15 19 20 25
2 15 20 21 25
2 15 21 22 25
2 15 24 25 25
2 15 24 25 25
2 15 24 25 25
2 15 25 26 25
2 15 26 27 25
2 15 27 28 25
2 15 30 31 25
2 15 30 31 25
2 15 31 32 25
2 15 31 32 25
2 15 34 35 25
2 15 34 35 25
2 15 34 35 25
2 15 36 37 25
2 15 36 37 25
2 15 36 37 25
2 15 37 38 25
3 17 8 9 35
3 17 9 10 35
3 17 10 11 35
3 17 11 12 35
3 17 11 12 35
3 17 12 13 35
3 17 12 13 35
3 17 14 15 35
3 17 15 16 35
3 17 16 17 35
3 17 16 17 35
3 17 17 18 35
3 17 18 19 35
3 17 19 20 35
3 17 20 21 35
3 17 20 21 35
3 17 20 21 35
3 17 20 21 35
3 17 21 22 35
3 17 22 23 35
3 17 22 23 35
3 17 23 24 35
3 17 25 26 35
3 17 25 26 35
3 17 25 26 35
3 17 25 26 35
3 17 26 27 35
3 17 27 28 35
3 17 27 28 35
3 17 28 29 35
3 17 28 29 35
3 17 28 29 35
3 17 29 30 35
3 17 30 31 35
3 17 30 31 35
4 20 8 9 35
4 20 8 9 35
4 20 9 10 35
4 20 10 11 35
4 20 10 11 35
4 20 10 11 35
4 20 11 12 35
4 20 11 12 35
4 20 11 12 35
4 20 11 12 35
4 20 12 13 35
4 20 12 13 35
4 20 13 14 35
4 20 13 14 35
4 20 14 15 35
4 20 15 16 35
4 20 15 16 35
4 20 16 17 35
4 20 17 18 35
4 20 18 19 35
4 20 18 19 35
4 20 19 20 35
4 20 19 20 35
4 20 20 21 35
4 20 20 21 35
4 20 22 23 35
4 20 25 26 35
4 20 25 26 35
4 20 25 26 35
4 20 25 26 35
4 20 28 29 35
4 20 28 29 35
4 20 28 29 35
4 20 29 30 35
4 20 29 30 35
5 24 7 8 40
5 24 8 9 40
5 24 9 10 40
5 24 9 10 40
5 24 11 12 40
5 24 11 12 40
5 24 11 12 40
5 24 11 12 40
5 24 12 13 40
5 24 12 13 40
5 24 13 14 40
5 24 14 15 40
5 24 15 16 40
5 24 15 16 40
5 24 15 16 40
5 24 15 16 40
5 24 17 18 40
5 24 17 18 40
5 24 18 19 40
5 24 18 19 40
5 24 18 19 40
5 24 19 20 40
5 24 19 20 40
5 24 19 20 40
5 24 20 21 40
5 24 21 22 40
5 24 21 22 40
5 24 22 23 40
5 24 22 23 40
5 24 22 23 40
5 24 23 24 40
5 24 24 25 40
5 24 24 25 40
5 24 24 25 40
5 24 25 26 40
5 24 25 26 40
5 24 25 26 40
5 24 25 26 40
5 24 26 27 40
5 24 27 28 40
6 28 7 8 25
6 28 8 9 25
6 28 9 10 25
6 28 9 10 25
6 28 9 10 25
6 28 10 11 25
6 28 10 11 25
6 28 10 11 25
6 28 10 11 25
6 28 11 12 25
6 28 11 12 25
6 28 12 13 25
6 28 13 14 25
6 28 13 14 25
6 28 13 14 25
6 28 14 15 25
6 28 14 15 25
6 28 14 15 25
6 28 15 16 25
6 28 16 17 25
6 28 19 20 25
6 28 20 21 25
6 28 20 21 25
6 28 21 22 25
6 28 21 22 25
