1 10 83 84 923
1 10 84 85 923
1 10 84 85 923
1 10 84 85 923
1 10 84 85 923
1 10 84 85 923
1 10 84 85 923
1 10 84 85 923
1 10 85 86 923
1 10 85 86 923
1 10 85 86 923
1 10 85 86 923
1 10 85 86 923
1 10 85 86 923
1 10 85 86 923
1 10 86 87 923
1 10 86 87 923
1 10 86 87 923
1 10 86 87 923
1 10 86 87 923
1 10 86 87 923
1 10 86 87 923
1 10 86 87 923
1 10 86 87 923
1 10 86 87 923
1 10 86 87 923
1 10 86 87 923
1 10 86 87 923
1 10 86 87 923
1 10 86 87 923
1 10 86 87 923
1 10 86 87 923
1 10 86 87 923
1 10 86 87 923
1 10 87 88 923
1 10 87 88 923
1 10 87 88 923
1 10 87 88 923
1 10 87 88 923
1 10 87 88 923
1 10 87 88 923
1 10 87 88 923
1 10 87 88 923
1 10 87 88 923
1 10 87 88 923
1 10 87 88 923
1 10 87 88 923
1 10 87 88 923
1 10 87 88 923
1 10 87 88 923
1 10 87 88 923
1 10 87 88 923
1 10 88 89 923
1 10 88 89 923
1 10 88 89 923
1 10 88 89 923
1 10 88 89 923
1 10 88 89 923
1 10 88 89 923
1 10 88 89 923
1 10 88 89 923
1 10 88 89 923
1 10 88 89 923
1 10 88 89 923
1 10 88 89 923
1 10 88 89 923
1 10 88 89 923
1 10 88 89 923
1 10 88 89 923
1 10 88 89 923
1 10 88 89 923
1 10 88 89 923
1 10 88 89 923
1 10 88 89 923
1 10 88 89 923
1 10 88 89 923
1 10 88 89 923
1 10 88 89 923
1 10 88 89 923
1 10 89 90 923
1 10 89 90 923
1 10 89 90 923
1 10 89 90 923
1 10 89 90 923
1 10 89 90 923
1 10 89 90 923
1 10 89 90 923
1 10 89 90 923
1 10 89 90 923
1 10 89 90 923
1 10 89 90 923
1 10 89 90 923
1 10 89 90 923
1 10 89 90 923
1 10 89 90 923
1 10 89 90 923
1 10 89 90 923
1 10 89 90 923
1 10 89 90 923
1 10 89 90 923
1 10 89 90 923
1 10 89 90 923
1 10 89 90 923
1 10 89 90 923
1 10 89 90 923
1 10 89 90 923
1 10 89 90 923
1 10 89 90 923
1 10 89 90 923
1 10 89 90 923
1 10 89 90 923
1 10 90 91 923
1 10 90 91 923
1 10 90 91 923
1 10 90 91 923
1 10 90 91 923
1 10 90 91 923
1 10 90 91 923
1 10 90 91 923
1 10 90 91 923
1 10 90 91 923
1 10 90 91 923
1 10 90 91 923
1 10 90 91 923
1 10 90 91 923
1 10 90 91 923
1 10 90 91 923
1 10 90 91 923
1 10 90 91 923
1 10 90 91 923
1 10 90 91 923
1 10 90 91 923
1 10 90 91 923
1 10 90 91 923
1 10 90 91 923
1 10 90 91 923
1 10 90 91 923
1 10 90 91 923
1 10 90 91 923
1 10 90 91 923
1 10 90 91 923
1 10 91 92 923
1 10 91 92 923
1 10 91 92 923
1 10 91 92 923
1 10 91 92 923
1 10 91 92 923
1 10 91 92 923
1 10 91 92 923
1 10 91 92 923
1 10 91 92 923
1 10 91 92 923
1 10 91 92 923
1 10 91 92 923
1 10 91 92 923
1 10 91 92 923
1 10 91 92 923
1 10 91 92 923
1 10 91 92 923
1 10 92 93 923
1 10 92 93 923
1 10 92 93 923
1 10 92 93 923
1 10 92 93 923
1 10 92 93 923
1 10 92 93 923
1 10 92 93 923
1 10 92 93 923
1 10 92 93 923
1 10 92 93 923
1 10 92 93 923
1 10 92 93 923
1 10 92 93 923
1 10 92 93 923
1 10 92 93 923
1 10 92 93 923
1 10 92 93 923
1 10 92 93 923
1 10 92 93 923
1 10 92 93 923
1 10 92 93 923
1 10 92 93 923
1 10 92 93 923
1 10 92 93 923
1 10 92 93 923
1 10 92 93 923
1 10 93 94 923
1 10 93 94 923
1 10 93 94 923
1 10 93 94 923
1 10 93 94 923
1 10 93 94 923
1 10 93 94 923
1 10 93 94 923
1 10 93 94 923
1 10 93 94 923
1 10 93 94 923
1 10 93 94 923
1 10 93 94 923
1 10 93 94 923
1 10 93 94 923
1 10 93 94 923
1 10 93 94 923
1 10 93 94 923
1 10 93 94 923
1 10 93 94 923
1 10 93 94 923
1 10 93 94 923
1 10 93 94 923
1 10 93 94 923
1 10 93 94 923
1 10 93 94 923
1 10 93 94 923
1 10 93 94 923
1 10 93 94 923
1 10 93 94 923
1 10 93 94 923
1 10 93 94 923
1 10 93 94 923
1 10 93 94 923
1 10 93 94 923
1 10 93 94 923
1 10 93 94 923
1 10 94 95 923
1 10 94 95 923
1 10 94 95 923
1 10 94 95 923
1 10 94 95 923
1 10 94 95 923
1 10 94 95 923
1 10 94 95 923
1 10 94 95 923
1 10 94 95 923
1 10 94 95 923
1 10 94 95 923
1 10 94 95 923
1 10 94 95 923
1 10 94 95 923
1 10 94 95 923
1 10 94 95 923
1 10 94 95 923
1 10 94 95 923
1 10 94 95 923
1 10 94 95 923
1 10 94 95 923
1 10 94 95 923
1 10 94 95 923
1 10 94 95 923
1 10 95 96 923
1 10 95 96 923
1 10 95 96 923
1 10 95 96 923
1 10 95 96 923
1 10 95 96 923
1 10 95 96 923
1 10 95 96 923
1 10 95 96 923
1 10 95 96 923
1 10 95 96 923
1 10 95 96 923
1 10 95 96 923
1 10 95 96 923
1 10 95 96 923
1 10 95 96 923
1 10 95 96 923
1 10 95 96 923
1 10 95 96 923
1 10 95 96 923
1 10 95 96 923
1 10 95 96 923
1 10 95 96 923
1 10 96 97 923
1 10 96 97 923
1 10 96 97 923
1 10 96 97 923
1 10 96 97 923
1 10 96 97 923
1 10 96 97 923
1 10 96 97 923
1 10 96 97 923
1 10 96 97 923
1 10 96 97 923
1 10 96 97 923
1 10 96 97 923
1 10 96 97 923
1 10 96 97 923
1 10 96 97 923
1 10 96 97 923
1 10 96 97 923
1 10 96 97 923
1 10 97 98 923
1 10 97 98 923
1 10 97 98 923
1 10 97 98 923
1 10 97 98 923
1 10 97 98 923
1 10 97 98 923
1 10 97 98 923
1 10 97 98 923
1 10 97 98 923
1 10 97 98 923
1 10 97 98 923
1 10 97 98 923
1 10 97 98 923
1 10 97 98 923
1 10 97 98 923
1 10 97 98 923
1 10 97 98 923
1 10 97 98 923
1 10 97 98 923
1 10 97 98 923
1 10 97 98 923
1 10 98 99 923
1 10 98 99 923
1 10 98 99 923
1 10 98 99 923
1 10 98 99 923
1 10 98 99 923
1 10 98 99 923
1 10 98 99 923
1 10 98 99 923
1 10 98 99 923
1 10 98 99 923
1 10 99 100 923
1 10 99 100 923
1 10 99 100 923
1 10 99 100 923
1 10 99 100 923
1 10 99 100 923
1 10 99 100 923
1 10 99 100 923
1 10 99 100 923
1 10 99 100 923
1 10 99 100 923
1 10 99 100 923
1 10 100 101 923
1 10 100 101 923
1 10 100 101 923
1 10 100 101 923
1 10 100 101 923
1 10 100 101 923
1 10 100 101 923
1 10 100 101 923
1 10 100 101 923
1 10 100 101 923
1 10 100 101 923
1 10 100 101 923
1 10 100 101 923
1 10 101 102 923
1 10 101 102 923
1 10 101 102 923
1 10 101 102 923
1 10 101 102 923
1 10 101 102 923
1 10 101 102 923
1 10 101 102 923
1 10 101 102 923
1 10 101 102 923
1 10 101 102 923
1 10 101 102 923
1 10 101 102 923
1 10 101 102 923
1 10 101 102 923
1 10 102 103 923
1 10 102 103 923
1 10 102 103 923
1 10 102 103 923
1 10 102 103 923
1 10 102 103 923
1 10 102 103 923
1 10 102 103 923
1 10 103 104 923
1 10 103 104 923
1 10 103 104 923
1 10 103 104 923
1 10 103 104 923
1 10 103 104 923
1 10 103 104 923
1 10 103 104 923
1 10 103 104 923
1 10 103 104 923
1 10 103 104 923
1 10 104 105 923
1 10 104 105 923
1 10 104 105 923
1 10 104 105 923
1 10 104 105 923
1 10 105 106 923
1 10 105 106 923
1 10 106 107 923
1 10 106 107 923
1 10 106 107 923
1 10 106 107 923
1 10 106 107 923
1 10 106 107 923
1 10 106 107 923
1 10 106 107 923
1 10 107 108 923
1 10 107 108 923
1 10 107 108 923
1 10 107 108 923
1 10 107 108 923
1 10 107 108 923
1 10 107 108 923
1 10 108 109 923
1 10 108 109 923
1 10 108 109 923
1 10 108 109 923
1 10 108 109 923
1 10 108 109 923
1 10 108 109 923
1 10 108 109 923
1 10 108 109 923
1 10 108 109 923
1 10 109 110 923
1 10 109 110 923
1 10 109 110 923
1 10 109 110 923
1 10 110 111 923
1 10 110 111 923
1 10 110 111 923
1 10 111 112 923
1 10 111 112 923
1 10 112 113 923
1 10 112 113 923
1 10 112 113 923
1 10 112 113 923
1 10 112 113 923
1 10 112 113 923
1 10 113 114 923
1 10 113 114 923
1 10 113 114 923
1 10 114 115 923
1 10 114 115 923
1 10 115 116 923
2 15 47 48 593
2 15 47 48 593
2 15 47 48 593
2 15 48 49 593
2 15 48 49 593
2 15 48 49 593
2 15 48 49 593
2 15 48 49 593
2 15 48 49 593
2 15 48 49 593
2 15 48 49 593
2 15 48 49 593
2 15 48 49 593
2 15 48 49 593
2 15 48 49 593
2 15 48 49 593
2 15 48 49 593
2 15 48 49 593
2 15 48 49 593
2 15 48 49 593
2 15 48 49 593
2 15 48 49 593
2 15 48 49 593
2 15 48 49 593
2 15 48 49 593
2 15 48 49 593
2 15 48 49 593
2 15 49 50 593
2 15 49 50 593
2 15 49 50 593
2 15 49 50 593
2 15 49 50 593
2 15 49 50 593
2 15 49 50 593
2 15 49 50 593
2 15 49 50 593
2 15 49 50 593
2 15 49 50 593
2 15 49 50 593
2 15 49 50 593
2 15 49 50 593
2 15 49 50 593
2 15 49 50 593
2 15 49 50 593
2 15 49 50 593
2 15 49 50 593
2 15 49 50 593
2 15 49 50 593
2 15 49 50 593
2 15 49 50 593
2 15 49 50 593
2 15 49 50 593
2 15 49 50 593
2 15 49 50 593
2 15 49 50 593
2 15 49 50 593
2 15 49 50 593
2 15 49 50 593
2 15 49 50 593
2 15 49 50 593
2 15 49 50 593
2 15 49 50 593
2 15 49 50 593
2 15 49 50 593
2 15 49 50 593
2 15 49 50 593
2 15 49 50 593
2 15 49 50 593
2 15 49 50 593
2 15 49 50 593
2 15 49 50 593
2 15 50 51 593
2 15 50 51 593
2 15 50 51 593
2 15 50 51 593
2 15 50 51 593
2 15 50 51 593
2 15 50 51 593
2 15 50 51 593
2 15 50 51 593
2 15 50 51 593
2 15 50 51 593
2 15 50 51 593
2 15 50 51 593
2 15 50 51 593
2 15 50 51 593
2 15 50 51 593
2 15 50 51 593
2 15 50 51 593
2 15 50 51 593
2 15 50 51 593
2 15 50 51 593
2 15 50 51 593
2 15 50 51 593
2 15 50 51 593
2 15 50 51 593
2 15 50 51 593
2 15 50 51 593
2 15 50 51 593
2 15 50 51 593
2 15 50 51 593
2 15 50 51 593
2 15 50 51 593
2 15 50 51 593
2 15 50 51 593
2 15 50 51 593
2 15 50 51 593
2 15 50 51 593
2 15 50 51 593
2 15 50 51 593
2 15 50 51 593
2 15 51 52 593
2 15 51 52 593
2 15 51 52 593
2 15 51 52 593
2 15 51 52 593
2 15 51 52 593
2 15 51 52 593
2 15 51 52 593
2 15 51 52 593
2 15 51 52 593
2 15 51 52 593
2 15 51 52 593
2 15 51 52 593
2 15 51 52 593
2 15 51 52 593
2 15 51 52 593
2 15 51 52 593
2 15 51 52 593
2 15 51 52 593
2 15 51 52 593
2 15 51 52 593
2 15 51 52 593
2 15 51 52 593
2 15 51 52 593
2 15 51 52 593
2 15 51 52 593
2 15 51 52 593
2 15 51 52 593
2 15 51 52 593
2 15 51 52 593
2 15 51 52 593
2 15 51 52 593
2 15 51 52 593
2 15 51 52 593
2 15 51 52 593
2 15 51 52 593
2 15 51 52 593
2 15 51 52 593
2 15 51 52 593
2 15 51 52 593
2 15 51 52 593
2 15 51 52 593
2 15 51 52 593
2 15 51 52 593
2 15 51 52 593
2 15 51 52 593
2 15 51 52 593
2 15 51 52 593
2 15 51 52 593
2 15 51 52 593
2 15 51 52 593
2 15 51 52 593
2 15 51 52 593
2 15 51 52 593
2 15 51 52 593
2 15 51 52 593
2 15 51 52 593
2 15 51 52 593
2 15 51 52 593
2 15 51 52 593
2 15 51 52 593
2 15 52 53 593
2 15 52 53 593
2 15 52 53 593
2 15 52 53 593
2 15 52 53 593
2 15 52 53 593
2 15 52 53 593
2 15 52 53 593
2 15 52 53 593
2 15 52 53 593
2 15 52 53 593
2 15 52 53 593
2 15 52 53 593
2 15 52 53 593
2 15 52 53 593
2 15 52 53 593
2 15 52 53 593
2 15 52 53 593
2 15 52 53 593
2 15 52 53 593
2 15 52 53 593
2 15 52 53 593
2 15 52 53 593
2 15 52 53 593
2 15 52 53 593
2 15 52 53 593
2 15 52 53 593
2 15 52 53 593
2 15 52 53 593
2 15 52 53 593
2 15 52 53 593
2 15 52 53 593
2 15 52 53 593
2 15 52 53 593
2 15 52 53 593
2 15 52 53 593
2 15 52 53 593
2 15 52 53 593
2 15 52 53 593
2 15 52 53 593
2 15 52 53 593
2 15 52 53 593
2 15 53 54 593
2 15 53 54 593
2 15 53 54 593
2 15 53 54 593
2 15 53 54 593
2 15 53 54 593
2 15 53 54 593
2 15 53 54 593
2 15 53 54 593
2 15 53 54 593
2 15 53 54 593
2 15 53 54 593
2 15 53 54 593
2 15 53 54 593
2 15 53 54 593
2 15 53 54 593
2 15 53 54 593
2 15 53 54 593
2 15 53 54 593
2 15 53 54 593
2 15 53 54 593
2 15 53 54 593
2 15 53 54 593
2 15 53 54 593
2 15 53 54 593
2 15 53 54 593
2 15 53 54 593
2 15 53 54 593
2 15 53 54 593
2 15 53 54 593
2 15 53 54 593
2 15 53 54 593
2 15 53 54 593
2 15 53 54 593
2 15 53 54 593
2 15 53 54 593
2 15 53 54 593
2 15 53 54 593
2 15 53 54 593
2 15 53 54 593
2 15 53 54 593
2 15 53 54 593
2 15 53 54 593
2 15 53 54 593
2 15 54 55 593
2 15 54 55 593
2 15 54 55 593
2 15 54 55 593
2 15 54 55 593
2 15 54 55 593
2 15 54 55 593
2 15 54 55 593
2 15 54 55 593
2 15 54 55 593
2 15 54 55 593
2 15 54 55 593
2 15 54 55 593
2 15 54 55 593
2 15 54 55 593
2 15 54 55 593
2 15 54 55 593
2 15 54 55 593
2 15 54 55 593
2 15 54 55 593
2 15 54 55 593
2 15 54 55 593
2 15 54 55 593
2 15 54 55 593
2 15 54 55 593
2 15 54 55 593
2 15 54 55 593
2 15 54 55 593
2 15 54 55 593
2 15 54 55 593
2 15 54 55 593
2 15 54 55 593
2 15 54 55 593
2 15 54 55 593
2 15 54 55 593
2 15 54 55 593
2 15 54 55 593
2 15 54 55 593
2 15 54 55 593
2 15 54 55 593
2 15 54 55 593
2 15 54 55 593
2 15 54 55 593
2 15 54 55 593
2 15 55 56 593
2 15 55 56 593
2 15 55 56 593
2 15 55 56 593
2 15 55 56 593
2 15 55 56 593
2 15 55 56 593
2 15 55 56 593
2 15 55 56 593
2 15 55 56 593
2 15 55 56 593
2 15 55 56 593
2 15 55 56 593
2 15 55 56 593
2 15 55 56 593
2 15 55 56 593
2 15 55 56 593
2 15 55 56 593
2 15 55 56 593
2 15 55 56 593
2 15 55 56 593
2 15 55 56 593
2 15 55 56 593
2 15 55 56 593
2 15 55 56 593
2 15 55 56 593
2 15 55 56 593
2 15 55 56 593
2 15 55 56 593
2 15 55 56 593
2 15 55 56 593
2 15 55 56 593
2 15 55 56 593
2 15 55 56 593
2 15 55 56 593
2 15 55 56 593
2 15 55 56 593
2 15 55 56 593
2 15 56 57 593
2 15 56 57 593
2 15 56 57 593
2 15 56 57 593
2 15 56 57 593
2 15 56 57 593
2 15 56 57 593
2 15 56 57 593
2 15 56 57 593
2 15 56 57 593
2 15 56 57 593
2 15 56 57 593
2 15 56 57 593
2 15 56 57 593
2 15 56 57 593
2 15 56 57 593
2 15 56 57 593
2 15 56 57 593
2 15 56 57 593
2 15 56 57 593
2 15 56 57 593
2 15 56 57 593
2 15 56 57 593
2 15 56 57 593
2 15 56 57 593
2 15 56 57 593
2 15 56 57 593
2 15 56 57 593
2 15 56 57 593
2 15 56 57 593
2 15 56 57 593
2 15 56 57 593
2 15 56 57 593
2 15 56 57 593
2 15 57 58 593
2 15 57 58 593
2 15 57 58 593
2 15 57 58 593
2 15 57 58 593
2 15 57 58 593
2 15 57 58 593
2 15 57 58 593
2 15 57 58 593
2 15 57 58 593
2 15 57 58 593
2 15 57 58 593
2 15 57 58 593
2 15 57 58 593
2 15 57 58 593
2 15 57 58 593
2 15 57 58 593
2 15 57 58 593
2 15 57 58 593
2 15 57 58 593
2 15 57 58 593
2 15 57 58 593
2 15 57 58 593
2 15 57 58 593
2 15 57 58 593
2 15 57 58 593
2 15 57 58 593
2 15 58 59 593
2 15 58 59 593
2 15 58 59 593
2 15 58 59 593
2 15 58 59 593
2 15 58 59 593
2 15 58 59 593
2 15 58 59 593
2 15 58 59 593
2 15 58 59 593
2 15 58 59 593
2 15 58 59 593
2 15 58 59 593
2 15 58 59 593
2 15 58 59 593
2 15 58 59 593
2 15 58 59 593
2 15 58 59 593
2 15 58 59 593
2 15 58 59 593
3 17 32 33 800
3 17 32 33 800
3 17 32 33 800
3 17 32 33 800
3 17 32 33 800
3 17 32 33 800
3 17 32 33 800
3 17 32 33 800
3 17 32 33 800
3 17 32 33 800
3 17 32 33 800
3 17 32 33 800
3 17 32 33 800
3 17 32 33 800
3 17 32 33 800
3 17 32 33 800
3 17 32 33 800
3 17 32 33 800
3 17 32 33 800
3 17 32 33 800
3 17 32 33 800
3 17 32 33 800
3 17 32 33 800
3 17 32 33 800
3 17 32 33 800
3 17 32 33 800
3 17 32 33 800
3 17 32 33 800
3 17 32 33 800
3 17 32 33 800
3 17 32 33 800
3 17 32 33 800
3 17 32 33 800
3 17 32 33 800
3 17 32 33 800
3 17 32 33 800
3 17 32 33 800
3 17 32 33 800
3 17 32 33 800
3 17 32 33 800
3 17 32 33 800
3 17 32 33 800
3 17 32 33 800
3 17 32 33 800
3 17 32 33 800
3 17 32 33 800
3 17 32 33 800
3 17 32 33 800
3 17 32 33 800
3 17 32 33 800
3 17 32 33 800
3 17 32 33 800
3 17 32 33 800
3 17 32 33 800
3 17 32 33 800
3 17 34 35 800
3 17 34 35 800
3 17 34 35 800
3 17 34 35 800
3 17 34 35 800
3 17 34 35 800
3 17 34 35 800
3 17 34 35 800
3 17 34 35 800
3 17 34 35 800
3 17 34 35 800
3 17 34 35 800
3 17 34 35 800
3 17 34 35 800
3 17 34 35 800
3 17 34 35 800
3 17 34 35 800
3 17 34 35 800
3 17 34 35 800
3 17 34 35 800
3 17 34 35 800
3 17 34 35 800
3 17 34 35 800
3 17 34 35 800
3 17 34 35 800
3 17 34 35 800
3 17 34 35 800
3 17 34 35 800
3 17 34 35 800
3 17 34 35 800
3 17 34 35 800
3 17 34 35 800
3 17 34 35 800
3 17 34 35 800
3 17 34 35 800
3 17 34 35 800
3 17 34 35 800
3 17 34 35 800
3 17 34 35 800
3 17 34 35 800
3 17 34 35 800
3 17 34 35 800
3 17 34 35 800
3 17 34 35 800
3 17 34 35 800
3 17 34 35 800
3 17 34 35 800
3 17 34 35 800
3 17 34 35 800
3 17 34 35 800
3 17 34 35 800
3 17 34 35 800
3 17 34 35 800
3 17 34 35 800
3 17 34 35 800
3 17 34 35 800
3 17 34 35 800
3 17 34 35 800
3 17 34 35 800
3 17 34 35 800
3 17 34 35 800
3 17 34 35 800
3 17 34 35 800
3 17 34 35 800
3 17 34 35 800
3 17 34 35 800
3 17 34 35 800
3 17 34 35 800
3 17 34 35 800
3 17 34 35 800
3 17 34 35 800
3 17 34 35 800
3 17 34 35 800
3 17 34 35 800
3 17 34 35 800
3 17 34 35 800
3 17 34 35 800
3 17 34 35 800
3 17 34 35 800
3 17 34 35 800
3 17 34 35 800
3 17 34 35 800
3 17 34 35 800
3 17 34 35 800
3 17 34 35 800
3 17 34 35 800
3 17 34 35 800
3 17 34 35 800
3 17 34 35 800
3 17 34 35 800
3 17 34 35 800
3 17 34 35 800
3 17 34 35 800
3 17 34 35 800
3 17 34 35 800
3 17 34 35 800
3 17 34 35 800
3 17 34 35 800
3 17 34 35 800
3 17 34 35 800
3 17 34 35 800
3 17 34 35 800
3 17 34 35 800
3 17 34 35 800
3 17 34 35 800
3 17 34 35 800
3 17 34 35 800
3 17 34 35 800
3 17 34 35 800
3 17 34 35 800
3 17 34 35 800
3 17 34 35 800
3 17 34 35 800
3 17 34 35 800
3 17 34 35 800
3 17 34 35 800
3 17 34 35 800
3 17 34 35 800
3 17 34 35 800
3 17 34 35 800
3 17 34 35 800
3 17 34 35 800
3 17 34 35 800
3 17 34 35 800
3 17 34 35 800
3 17 34 35 800
3 17 34 35 800
3 17 34 35 800
3 17 34 35 800
3 17 34 35 800
3 17 34 35 800
3 17 34 35 800
3 17 34 35 800
3 17 34 35 800
3 17 34 35 800
3 17 34 35 800
3 17 34 35 800
3 17 34 35 800
3 17 34 35 800
3 17 34 35 800
3 17 34 35 800
3 17 34 35 800
3 17 34 35 800
3 17 34 35 800
3 17 34 35 800
3 17 34 35 800
3 17 34 35 800
3 17 34 35 800
3 17 34 35 800
3 17 34 35 800
3 17 34 35 800
3 17 34 35 800
3 17 34 35 800
3 17 34 35 800
3 17 34 35 800
3 17 34 35 800
3 17 34 35 800
3 17 34 35 800
3 17 34 35 800
3 17 34 35 800
3 17 34 35 800
3 17 34 35 800
3 17 34 35 800
3 17 34 35 800
3 17 34 35 800
3 17 34 35 800
3 17 35 36 800
3 17 35 36 800
3 17 35 36 800
3 17 35 36 800
3 17 35 36 800
3 17 35 36 800
3 17 35 36 800
3 17 35 36 800
3 17 35 36 800
3 17 35 36 800
3 17 35 36 800
3 17 35 36 800
3 17 35 36 800
3 17 35 36 800
3 17 35 36 800
3 17 35 36 800
3 17 35 36 800
3 17 35 36 800
3 17 35 36 800
3 17 35 36 800
3 17 35 36 800
3 17 35 36 800
3 17 35 36 800
3 17 35 36 800
3 17 35 36 800
3 17 35 36 800
3 17 35 36 800
3 17 35 36 800
3 17 35 36 800
3 17 35 36 800
3 17 35 36 800
3 17 35 36 800
3 17 35 36 800
3 17 35 36 800
3 17 35 36 800
3 17 35 36 800
3 17 35 36 800
3 17 35 36 800
3 17 35 36 800
3 17 35 36 800
3 17 35 36 800
3 17 35 36 800
3 17 35 36 800
3 17 35 36 800
3 17 35 36 800
3 17 35 36 800
3 17 35 36 800
3 17 35 36 800
3 17 35 36 800
3 17 35 36 800
3 17 35 36 800
3 17 35 36 800
3 17 35 36 800
3 17 35 36 800
3 17 35 36 800
3 17 35 36 800
3 17 35 36 800
3 17 35 36 800
3 17 35 36 800
3 17 35 36 800
3 17 35 36 800
3 17 35 36 800
3 17 35 36 800
3 17 35 36 800
3 17 35 36 800
3 17 35 36 800
3 17 35 36 800
3 17 35 36 800
3 17 35 36 800
3 17 35 36 800
3 17 35 36 800
3 17 35 36 800
3 17 35 36 800
3 17 35 36 800
3 17 35 36 800
3 17 35 36 800
3 17 35 36 800
3 17 35 36 800
3 17 35 36 800
3 17 35 36 800
3 17 35 36 800
3 17 35 36 800
3 17 35 36 800
3 17 35 36 800
3 17 35 36 800
3 17 35 36 800
3 17 35 36 800
3 17 35 36 800
3 17 35 36 800
3 17 35 36 800
3 17 35 36 800
3 17 35 36 800
3 17 35 36 800
3 17 35 36 800
3 17 36 37 800
3 17 36 37 800
3 17 36 37 800
3 17 36 37 800
3 17 36 37 800
3 17 36 37 800
3 17 36 37 800
3 17 36 37 800
3 17 36 37 800
3 17 36 37 800
3 17 36 37 800
3 17 36 37 800
3 17 36 37 800
3 17 36 37 800
3 17 36 37 800
3 17 36 37 800
3 17 36 37 800
3 17 36 37 800
3 17 36 37 800
3 17 36 37 800
3 17 36 37 800
3 17 36 37 800
3 17 36 37 800
3 17 36 37 800
3 17 36 37 800
3 17 36 37 800
3 17 36 37 800
3 17 36 37 800
3 17 36 37 800
3 17 36 37 800
3 17 36 37 800
3 17 36 37 800
3 17 36 37 800
3 17 36 37 800
3 17 36 37 800
3 17 36 37 800
3 17 36 37 800
3 17 36 37 800
3 17 36 37 800
3 17 36 37 800
3 17 36 37 800
3 17 36 37 800
3 17 36 37 800
3 17 36 37 800
3 17 36 37 800
3 17 36 37 800
3 17 36 37 800
3 17 36 37 800
3 17 36 37 800
3 17 36 37 800
3 17 36 37 800
3 17 36 37 800
3 17 36 37 800
3 17 36 37 800
3 17 36 37 800
3 17 36 37 800
3 17 36 37 800
3 17 36 37 800
3 17 36 37 800
3 17 36 37 800
3 17 36 37 800
3 17 37 38 800
3 17 37 38 800
3 17 37 38 800
3 17 37 38 800
3 17 37 38 800
3 17 37 38 800
3 17 37 38 800
3 17 37 38 800
3 17 37 38 800
3 17 37 38 800
3 17 37 38 800
3 17 37 38 800
3 17 37 38 800
3 17 37 38 800
3 17 37 38 800
3 17 37 38 800
3 17 37 38 800
3 17 37 38 800
3 17 37 38 800
3 17 37 38 800
3 17 37 38 800
3 17 37 38 800
3 17 37 38 800
3 17 37 38 800
3 17 37 38 800
3 17 37 38 800
3 17 37 38 800
3 17 37 38 800
3 17 37 38 800
3 17 37 38 800
3 17 37 38 800
3 17 37 38 800
3 17 37 38 800
3 17 37 38 800
3 17 37 38 800
3 17 37 38 800
3 17 37 38 800
3 17 37 38 800
3 17 37 38 800
3 17 37 38 800
3 17 37 38 800
3 17 37 38 800
3 17 37 38 800
3 17 37 38 800
3 17 37 38 800
3 17 37 38 800
3 17 37 38 800
3 17 37 38 800
3 17 37 38 800
3 17 37 38 800
3 17 37 38 800
3 17 38 39 800
3 17 38 39 800
3 17 38 39 800
3 17 38 39 800
3 17 38 39 800
3 17 38 39 800
3 17 38 39 800
3 17 38 39 800
3 17 38 39 800
3 17 38 39 800
3 17 38 39 800
3 17 38 39 800
3 17 38 39 800
3 17 38 39 800
3 17 38 39 800
3 17 38 39 800
3 17 38 39 800
3 17 38 39 800
3 17 38 39 800
3 17 38 39 800
3 17 38 39 800
3 17 38 39 800
3 17 38 39 800
3 17 38 39 800
3 17 38 39 800
3 17 38 39 800
3 17 38 39 800
3 17 38 39 800
3 17 38 39 800
3 17 38 39 800
3 17 38 39 800
3 17 38 39 800
3 17 38 39 800
3 17 38 39 800
3 17 38 39 800
3 17 38 39 800
3 17 38 39 800
3 17 38 39 800
3 17 38 39 800
3 17 38 39 800
3 17 38 39 800
3 17 38 39 800
3 17 38 39 800
3 17 38 39 800
3 17 38 39 800
3 17 38 39 800
3 17 39 40 800
3 17 39 40 800
3 17 39 40 800
3 17 39 40 800
3 17 39 40 800
3 17 39 40 800
3 17 39 40 800
3 17 39 40 800
3 17 39 40 800
3 17 39 40 800
3 17 39 40 800
3 17 39 40 800
3 17 39 40 800
3 17 39 40 800
3 17 39 40 800
3 17 39 40 800
3 17 39 40 800
3 17 39 40 800
3 17 39 40 800
3 17 39 40 800
3 17 39 40 800
3 17 39 40 800
3 17 39 40 800
3 17 39 40 800
3 17 39 40 800
3 17 39 40 800
3 17 39 40 800
3 17 39 40 800
3 17 39 40 800
3 17 39 40 800
3 17 39 40 800
3 17 39 40 800
3 17 39 40 800
3 17 39 40 800
3 17 39 40 800
3 17 39 40 800
3 17 39 40 800
3 17 39 40 800
3 17 39 40 800
3 17 39 40 800
3 17 39 40 800
3 17 39 40 800
3 17 41 42 800
3 17 41 42 800
3 17 41 42 800
3 17 41 42 800
3 17 41 42 800
3 17 41 42 800
3 17 41 42 800
3 17 41 42 800
3 17 41 42 800
3 17 41 42 800
3 17 41 42 800
3 17 41 42 800
3 17 41 42 800
3 17 41 42 800
3 17 41 42 800
3 17 41 42 800
3 17 41 42 800
3 17 41 42 800
3 17 41 42 800
3 17 41 42 800
3 17 41 42 800
3 17 41 42 800
3 17 41 42 800
3 17 41 42 800
3 17 41 42 800
3 17 41 42 800
3 17 41 42 800
3 17 41 42 800
3 17 41 42 800
3 17 41 42 800
3 17 41 42 800
3 17 41 42 800
3 17 41 42 800
3 17 41 42 800
3 17 41 42 800
3 17 41 42 800
3 17 41 42 800
3 17 41 42 800
3 17 41 42 800
3 17 41 42 800
3 17 41 42 800
3 17 41 42 800
3 17 42 43 800
3 17 42 43 800
3 17 42 43 800
3 17 42 43 800
3 17 42 43 800
3 17 42 43 800
3 17 42 43 800
3 17 42 43 800
3 17 42 43 800
3 17 42 43 800
3 17 42 43 800
3 17 42 43 800
3 17 42 43 800
3 17 42 43 800
3 17 42 43 800
3 17 42 43 800
3 17 42 43 800
3 17 42 43 800
3 17 42 43 800
3 17 42 43 800
3 17 42 43 800
3 17 43 44 800
3 17 43 44 800
3 17 43 44 800
3 17 43 44 800
3 17 43 44 800
3 17 43 44 800
3 17 43 44 800
3 17 43 44 800
3 17 43 44 800
3 17 43 44 800
3 17 43 44 800
3 17 43 44 800
3 17 43 44 800
3 17 43 44 800
3 17 43 44 800
3 17 43 44 800
3 17 43 44 800
3 17 43 44 800
3 17 43 44 800
3 17 43 44 800
3 17 43 44 800
3 17 44 45 800
3 17 44 45 800
3 17 44 45 800
3 17 44 45 800
3 17 44 45 800
3 17 44 45 800
3 17 44 45 800
3 17 44 45 800
3 17 44 45 800
3 17 44 45 800
3 17 44 45 800
3 17 44 45 800
3 17 44 45 800
3 17 44 45 800
3 17 44 45 800
3 17 44 45 800
3 17 45 46 800
3 17 45 46 800
4 20 22 23 1900
4 20 22 23 1900
4 20 22 23 1900
4 20 22 23 1900
4 20 22 23 1900
4 20 22 23 1900
4 20 22 23 1900
4 20 23 24 1900
4 20 23 24 1900
4 20 23 24 1900
4 20 23 24 1900
4 20 23 24 1900
4 20 23 24 1900
4 20 23 24 1900
4 20 23 24 1900
4 20 23 24 1900
4 20 23 24 1900
4 20 23 24 1900
4 20 23 24 1900
4 20 23 24 1900
4 20 23 24 1900
4 20 23 24 1900
4 20 23 24 1900
4 20 23 24 1900
4 20 23 24 1900
4 20 23 24 1900
4 20 23 24 1900
4 20 23 24 1900
4 20 23 24 1900
4 20 23 24 1900
4 20 23 24 1900
4 20 23 24 1900
4 20 23 24 1900
4 20 23 24 1900
4 20 23 24 1900
4 20 23 24 1900
4 20 23 24 1900
4 20 23 24 1900
4 20 24 25 1900
4 20 24 25 1900
4 20 24 25 1900
4 20 24 25 1900
4 20 24 25 1900
4 20 24 25 1900
4 20 24 25 1900
4 20 24 25 1900
4 20 24 25 1900
4 20 24 25 1900
4 20 24 25 1900
4 20 24 25 1900
4 20 24 25 1900
4 20 24 25 1900
4 20 24 25 1900
4 20 24 25 1900
4 20 24 25 1900
4 20 24 25 1900
4 20 24 25 1900
4 20 24 25 1900
4 20 24 25 1900
4 20 24 25 1900
4 20 24 25 1900
4 20 24 25 1900
4 20 24 25 1900
4 20 24 25 1900
4 20 24 25 1900
4 20 24 25 1900
4 20 24 25 1900
4 20 24 25 1900
4 20 24 25 1900
4 20 24 25 1900
4 20 24 25 1900
4 20 24 25 1900
4 20 24 25 1900
4 20 24 25 1900
4 20 24 25 1900
4 20 24 25 1900
4 20 24 25 1900
4 20 24 25 1900
4 20 24 25 1900
4 20 24 25 1900
4 20 24 25 1900
4 20 24 25 1900
4 20 24 25 1900
4 20 24 25 1900
4 20 24 25 1900
4 20 24 25 1900
4 20 24 25 1900
4 20 24 25 1900
4 20 24 25 1900
4 20 24 25 1900
4 20 24 25 1900
4 20 24 25 1900
4 20 24 25 1900
4 20 24 25 1900
4 20 24 25 1900
4 20 24 25 1900
4 20 24 25 1900
4 20 24 25 1900
4 20 24 25 1900
4 20 24 25 1900
4 20 24 25 1900
4 20 24 25 1900
4 20 24 25 1900
4 20 24 25 1900
4 20 24 25 1900
4 20 24 25 1900
4 20 24 25 1900
4 20 24 25 1900
4 20 24 25 1900
4 20 24 25 1900
4 20 24 25 1900
4 20 24 25 1900
4 20 24 25 1900
4 20 24 25 1900
4 20 24 25 1900
4 20 24 25 1900
4 20 24 25 1900
4 20 24 25 1900
4 20 24 25 1900
4 20 25 26 1900
4 20 25 26 1900
4 20 25 26 1900
4 20 25 26 1900
4 20 25 26 1900
4 20 25 26 1900
4 20 25 26 1900
4 20 25 26 1900
4 20 25 26 1900
4 20 25 26 1900
4 20 25 26 1900
4 20 25 26 1900
4 20 25 26 1900
4 20 25 26 1900
4 20 25 26 1900
4 20 25 26 1900
4 20 25 26 1900
4 20 25 26 1900
4 20 25 26 1900
4 20 25 26 1900
4 20 25 26 1900
4 20 25 26 1900
4 20 25 26 1900
4 20 25 26 1900
4 20 25 26 1900
4 20 25 26 1900
4 20 25 26 1900
4 20 25 26 1900
4 20 25 26 1900
4 20 25 26 1900
4 20 25 26 1900
4 20 25 26 1900
4 20 25 26 1900
4 20 25 26 1900
4 20 25 26 1900
4 20 25 26 1900
4 20 25 26 1900
4 20 25 26 1900
4 20 25 26 1900
4 20 25 26 1900
4 20 25 26 1900
4 20 25 26 1900
4 20 25 26 1900
4 20 25 26 1900
4 20 25 26 1900
4 20 25 26 1900
4 20 25 26 1900
4 20 25 26 1900
4 20 25 26 1900
4 20 25 26 1900
4 20 25 26 1900
4 20 25 26 1900
4 20 25 26 1900
4 20 25 26 1900
4 20 25 26 1900
4 20 25 26 1900
4 20 25 26 1900
4 20 25 26 1900
4 20 25 26 1900
4 20 25 26 1900
4 20 25 26 1900
4 20 25 26 1900
4 20 25 26 1900
4 20 25 26 1900
4 20 25 26 1900
4 20 25 26 1900
4 20 25 26 1900
4 20 25 26 1900
4 20 25 26 1900
4 20 25 26 1900
4 20 25 26 1900
4 20 25 26 1900
4 20 25 26 1900
4 20 25 26 1900
4 20 25 26 1900
4 20 25 26 1900
4 20 25 26 1900
4 20 25 26 1900
4 20 25 26 1900
4 20 25 26 1900
4 20 25 26 1900
4 20 25 26 1900
4 20 25 26 1900
4 20 25 26 1900
4 20 25 26 1900
4 20 25 26 1900
4 20 25 26 1900
4 20 25 26 1900
4 20 25 26 1900
4 20 25 26 1900
4 20 25 26 1900
4 20 25 26 1900
4 20 25 26 1900
4 20 25 26 1900
4 20 25 26 1900
4 20 25 26 1900
4 20 25 26 1900
4 20 25 26 1900
4 20 25 26 1900
4 20 25 26 1900
4 20 25 26 1900
4 20 25 26 1900
4 20 25 26 1900
4 20 25 26 1900
4 20 25 26 1900
4 20 25 26 1900
4 20 25 26 1900
4 20 25 26 1900
4 20 25 26 1900
4 20 25 26 1900
4 20 25 26 1900
4 20 25 26 1900
4 20 25 26 1900
4 20 25 26 1900
4 20 25 26 1900
4 20 25 26 1900
4 20 25 26 1900
4 20 25 26 1900
4 20 25 26 1900
4 20 25 26 1900
4 20 26 27 1900
4 20 26 27 1900
4 20 26 27 1900
4 20 26 27 1900
4 20 26 27 1900
4 20 26 27 1900
4 20 26 27 1900
4 20 26 27 1900
4 20 26 27 1900
4 20 26 27 1900
4 20 26 27 1900
4 20 26 27 1900
4 20 26 27 1900
4 20 26 27 1900
4 20 26 27 1900
4 20 26 27 1900
4 20 26 27 1900
4 20 26 27 1900
4 20 26 27 1900
4 20 26 27 1900
4 20 26 27 1900
4 20 26 27 1900
4 20 26 27 1900
4 20 26 27 1900
4 20 26 27 1900
4 20 26 27 1900
4 20 26 27 1900
4 20 26 27 1900
4 20 26 27 1900
4 20 26 27 1900
4 20 26 27 1900
4 20 26 27 1900
4 20 26 27 1900
4 20 26 27 1900
4 20 26 27 1900
4 20 26 27 1900
4 20 26 27 1900
4 20 26 27 1900
4 20 26 27 1900
4 20 26 27 1900
4 20 26 27 1900
4 20 26 27 1900
4 20 26 27 1900
4 20 26 27 1900
4 20 26 27 1900
4 20 26 27 1900
4 20 26 27 1900
4 20 26 27 1900
4 20 26 27 1900
4 20 26 27 1900
4 20 26 27 1900
4 20 26 27 1900
4 20 26 27 1900
4 20 26 27 1900
4 20 26 27 1900
4 20 26 27 1900
4 20 26 27 1900
4 20 26 27 1900
4 20 26 27 1900
4 20 26 27 1900
4 20 26 27 1900
4 20 26 27 1900
4 20 26 27 1900
4 20 26 27 1900
4 20 26 27 1900
4 20 26 27 1900
4 20 26 27 1900
4 20 26 27 1900
4 20 26 27 1900
4 20 26 27 1900
4 20 26 27 1900
4 20 26 27 1900
4 20 26 27 1900
4 20 26 27 1900
4 20 26 27 1900
4 20 26 27 1900
4 20 26 27 1900
4 20 26 27 1900
4 20 26 27 1900
4 20 26 27 1900
4 20 26 27 1900
4 20 26 27 1900
4 20 26 27 1900
4 20 26 27 1900
4 20 26 27 1900
4 20 26 27 1900
4 20 26 27 1900
4 20 26 27 1900
4 20 26 27 1900
4 20 26 27 1900
4 20 26 27 1900
4 20 26 27 1900
4 20 26 27 1900
4 20 26 27 1900
4 20 26 27 1900
4 20 26 27 1900
4 20 26 27 1900
4 20 26 27 1900
4 20 26 27 1900
4 20 26 27 1900
4 20 26 27 1900
4 20 26 27 1900
4 20 26 27 1900
4 20 26 27 1900
4 20 26 27 1900
4 20 26 27 1900
4 20 26 27 1900
4 20 26 27 1900
4 20 26 27 1900
4 20 26 27 1900
4 20 26 27 1900
4 20 26 27 1900
4 20 26 27 1900
4 20 26 27 1900
4 20 26 27 1900
4 20 26 27 1900
4 20 26 27 1900
4 20 26 27 1900
4 20 26 27 1900
4 20 26 27 1900
4 20 26 27 1900
4 20 26 27 1900
4 20 26 27 1900
4 20 26 27 1900
4 20 26 27 1900
4 20 26 27 1900
4 20 26 27 1900
4 20 26 27 1900
4 20 26 27 1900
4 20 26 27 1900
4 20 26 27 1900
4 20 26 27 1900
4 20 26 27 1900
4 20 26 27 1900
4 20 27 28 1900
4 20 27 28 1900
4 20 27 28 1900
4 20 27 28 1900
4 20 27 28 1900
4 20 27 28 1900
4 20 27 28 1900
4 20 27 28 1900
4 20 27 28 1900
4 20 27 28 1900
4 20 27 28 1900
4 20 27 28 1900
4 20 27 28 1900
4 20 27 28 1900
4 20 27 28 1900
4 20 27 28 1900
4 20 27 28 1900
4 20 27 28 1900
4 20 27 28 1900
4 20 27 28 1900
4 20 27 28 1900
4 20 27 28 1900
4 20 27 28 1900
4 20 27 28 1900
4 20 27 28 1900
4 20 27 28 1900
4 20 27 28 1900
4 20 27 28 1900
4 20 27 28 1900
4 20 27 28 1900
4 20 27 28 1900
4 20 27 28 1900
4 20 27 28 1900
4 20 27 28 1900
4 20 27 28 1900
4 20 27 28 1900
4 20 27 28 1900
4 20 27 28 1900
4 20 27 28 1900
4 20 27 28 1900
4 20 27 28 1900
4 20 27 28 1900
4 20 27 28 1900
4 20 27 28 1900
4 20 27 28 1900
4 20 27 28 1900
4 20 27 28 1900
4 20 27 28 1900
4 20 27 28 1900
4 20 27 28 1900
4 20 27 28 1900
4 20 27 28 1900
4 20 27 28 1900
4 20 27 28 1900
4 20 27 28 1900
4 20 27 28 1900
4 20 27 28 1900
4 20 27 28 1900
4 20 27 28 1900
4 20 27 28 1900
4 20 27 28 1900
4 20 27 28 1900
4 20 27 28 1900
4 20 27 28 1900
4 20 27 28 1900
4 20 27 28 1900
4 20 27 28 1900
4 20 27 28 1900
4 20 27 28 1900
4 20 27 28 1900
4 20 27 28 1900
4 20 27 28 1900
4 20 27 28 1900
4 20 27 28 1900
4 20 27 28 1900
4 20 27 28 1900
4 20 27 28 1900
4 20 27 28 1900
4 20 27 28 1900
4 20 27 28 1900
4 20 27 28 1900
4 20 27 28 1900
4 20 27 28 1900
4 20 27 28 1900
4 20 27 28 1900
4 20 27 28 1900
4 20 27 28 1900
4 20 27 28 1900
4 20 27 28 1900
4 20 27 28 1900
4 20 27 28 1900
4 20 27 28 1900
4 20 27 28 1900
4 20 27 28 1900
4 20 27 28 1900
4 20 27 28 1900
4 20 27 28 1900
4 20 27 28 1900
4 20 27 28 1900
4 20 27 28 1900
4 20 27 28 1900
4 20 27 28 1900
4 20 27 28 1900
4 20 27 28 1900
4 20 27 28 1900
4 20 27 28 1900
4 20 27 28 1900
4 20 27 28 1900
4 20 27 28 1900
4 20 27 28 1900
4 20 27 28 1900
4 20 27 28 1900
4 20 27 28 1900
4 20 27 28 1900
4 20 27 28 1900
4 20 27 28 1900
4 20 27 28 1900
4 20 27 28 1900
4 20 27 28 1900
4 20 27 28 1900
4 20 27 28 1900
4 20 27 28 1900
4 20 27 28 1900
4 20 27 28 1900
4 20 27 28 1900
4 20 27 28 1900
4 20 27 28 1900
4 20 27 28 1900
4 20 27 28 1900
4 20 27 28 1900
4 20 27 28 1900
4 20 27 28 1900
4 20 27 28 1900
4 20 27 28 1900
4 20 27 28 1900
4 20 27 28 1900
4 20 27 28 1900
4 20 27 28 1900
4 20 27 28 1900
4 20 27 28 1900
4 20 27 28 1900
4 20 27 28 1900
4 20 27 28 1900
4 20 27 28 1900
4 20 27 28 1900
4 20 27 28 1900
4 20 27 28 1900
4 20 27 28 1900
4 20 27 28 1900
4 20 27 28 1900
4 20 27 28 1900
4 20 27 28 1900
4 20 27 28 1900
4 20 27 28 1900
4 20 27 28 1900
4 20 27 28 1900
4 20 27 28 1900
4 20 27 28 1900
4 20 27 28 1900
4 20 27 28 1900
4 20 27 28 1900
4 20 27 28 1900
4 20 27 28 1900
4 20 27 28 1900
4 20 27 28 1900
4 20 27 28 1900
4 20 27 28 1900
4 20 27 28 1900
4 20 27 28 1900
4 20 27 28 1900
4 20 27 28 1900
4 20 27 28 1900
4 20 27 28 1900
4 20 27 28 1900
4 20 27 28 1900
4 20 27 28 1900
4 20 27 28 1900
4 20 27 28 1900
4 20 27 28 1900
4 20 27 28 1900
4 20 27 28 1900
4 20 27 28 1900
4 20 27 28 1900
4 20 27 28 1900
4 20 27 28 1900
4 20 27 28 1900
4 20 27 28 1900
4 20 27 28 1900
4 20 27 28 1900
4 20 27 28 1900
4 20 27 28 1900
4 20 27 28 1900
4 20 27 28 1900
4 20 27 28 1900
4 20 27 28 1900
4 20 27 28 1900
4 20 27 28 1900
4 20 27 28 1900
4 20 27 28 1900
4 20 27 28 1900
4 20 27 28 1900
4 20 27 28 1900
4 20 27 28 1900
4 20 27 28 1900
4 20 27 28 1900
4 20 27 28 1900
4 20 27 28 1900
4 20 27 28 1900
4 20 27 28 1900
4 20 27 28 1900
4 20 27 28 1900
4 20 27 28 1900
4 20 27 28 1900
4 20 27 28 1900
4 20 27 28 1900
4 20 27 28 1900
4 20 27 28 1900
4 20 27 28 1900
4 20 27 28 1900
4 20 27 28 1900
4 20 27 28 1900
4 20 27 28 1900
4 20 27 28 1900
4 20 27 28 1900
4 20 27 28 1900
4 20 27 28 1900
4 20 27 28 1900
4 20 27 28 1900
4 20 27 28 1900
4 20 27 28 1900
4 20 27 28 1900
4 20 27 28 1900
4 20 27 28 1900
4 20 27 28 1900
4 20 27 28 1900
4 20 27 28 1900
4 20 27 28 1900
4 20 27 28 1900
4 20 27 28 1900
4 20 27 28 1900
4 20 27 28 1900
4 20 27 28 1900
4 20 27 28 1900
4 20 27 28 1900
4 20 27 28 1900
4 20 27 28 1900
4 20 27 28 1900
4 20 27 28 1900
4 20 27 28 1900
4 20 27 28 1900
4 20 27 28 1900
4 20 27 28 1900
4 20 27 28 1900
4 20 27 28 1900
4 20 27 28 1900
4 20 27 28 1900
4 20 27 28 1900
4 20 27 28 1900
4 20 27 28 1900
4 20 27 28 1900
4 20 27 28 1900
4 20 27 28 1900
4 20 27 28 1900
4 20 27 28 1900
4 20 27 28 1900
4 20 27 28 1900
4 20 27 28 1900
4 20 27 28 1900
4 20 27 28 1900
4 20 27 28 1900
4 20 28 29 1900
4 20 28 29 1900
4 20 28 29 1900
4 20 28 29 1900
4 20 28 29 1900
4 20 28 29 1900
4 20 28 29 1900
4 20 28 29 1900
4 20 28 29 1900
4 20 28 29 1900
4 20 28 29 1900
4 20 28 29 1900
4 20 28 29 1900
4 20 28 29 1900
4 20 28 29 1900
4 20 28 29 1900
4 20 28 29 1900
4 20 28 29 1900
4 20 28 29 1900
4 20 28 29 1900
4 20 28 29 1900
4 20 28 29 1900
4 20 28 29 1900
4 20 28 29 1900
4 20 28 29 1900
4 20 28 29 1900
4 20 28 29 1900
4 20 28 29 1900
4 20 28 29 1900
4 20 28 29 1900
4 20 28 29 1900
4 20 28 29 1900
4 20 28 29 1900
4 20 28 29 1900
4 20 28 29 1900
4 20 28 29 1900
4 20 28 29 1900
4 20 28 29 1900
4 20 28 29 1900
4 20 28 29 1900
4 20 28 29 1900
4 20 28 29 1900
4 20 28 29 1900
4 20 28 29 1900
4 20 28 29 1900
4 20 28 29 1900
4 20 28 29 1900
4 20 28 29 1900
4 20 28 29 1900
4 20 28 29 1900
4 20 28 29 1900
4 20 28 29 1900
4 20 28 29 1900
4 20 28 29 1900
4 20 28 29 1900
4 20 28 29 1900
4 20 28 29 1900
4 20 28 29 1900
4 20 28 29 1900
4 20 28 29 1900
4 20 28 29 1900
4 20 28 29 1900
4 20 28 29 1900
4 20 28 29 1900
4 20 28 29 1900
4 20 28 29 1900
4 20 28 29 1900
4 20 28 29 1900
4 20 28 29 1900
4 20 28 29 1900
4 20 28 29 1900
4 20 28 29 1900
4 20 28 29 1900
4 20 28 29 1900
4 20 28 29 1900
4 20 28 29 1900
4 20 28 29 1900
4 20 28 29 1900
4 20 28 29 1900
4 20 28 29 1900
4 20 28 29 1900
4 20 28 29 1900
4 20 28 29 1900
4 20 28 29 1900
4 20 28 29 1900
4 20 28 29 1900
4 20 28 29 1900
4 20 28 29 1900
4 20 28 29 1900
4 20 28 29 1900
4 20 28 29 1900
4 20 28 29 1900
4 20 28 29 1900
4 20 28 29 1900
4 20 28 29 1900
4 20 28 29 1900
4 20 28 29 1900
4 20 28 29 1900
4 20 28 29 1900
4 20 28 29 1900
4 20 28 29 1900
4 20 28 29 1900
4 20 28 29 1900
4 20 28 29 1900
4 20 28 29 1900
4 20 28 29 1900
4 20 28 29 1900
4 20 28 29 1900
4 20 28 29 1900
4 20 28 29 1900
4 20 28 29 1900
4 20 28 29 1900
4 20 28 29 1900
4 20 28 29 1900
4 20 28 29 1900
4 20 28 29 1900
4 20 28 29 1900
4 20 28 29 1900
4 20 28 29 1900
4 20 28 29 1900
4 20 28 29 1900
4 20 28 29 1900
4 20 28 29 1900
4 20 28 29 1900
4 20 28 29 1900
4 20 28 29 1900
4 20 28 29 1900
4 20 28 29 1900
4 20 28 29 1900
4 20 28 29 1900
4 20 28 29 1900
4 20 28 29 1900
4 20 28 29 1900
4 20 28 29 1900
4 20 28 29 1900
4 20 28 29 1900
4 20 28 29 1900
4 20 28 29 1900
4 20 28 29 1900
4 20 28 29 1900
4 20 28 29 1900
4 20 28 29 1900
4 20 28 29 1900
4 20 28 29 1900
4 20 28 29 1900
4 20 28 29 1900
4 20 28 29 1900
4 20 28 29 1900
4 20 28 29 1900
4 20 28 29 1900
4 20 28 29 1900
4 20 28 29 1900
4 20 28 29 1900
4 20 28 29 1900
4 20 28 29 1900
4 20 28 29 1900
4 20 28 29 1900
4 20 28 29 1900
4 20 28 29 1900
4 20 28 29 1900
4 20 28 29 1900
4 20 28 29 1900
4 20 28 29 1900
4 20 28 29 1900
4 20 28 29 1900
4 20 28 29 1900
4 20 28 29 1900
4 20 28 29 1900
4 20 28 29 1900
4 20 28 29 1900
4 20 28 29 1900
4 20 28 29 1900
4 20 28 29 1900
4 20 28 29 1900
4 20 28 29 1900
4 20 28 29 1900
4 20 28 29 1900
4 20 29 30 1900
4 20 29 30 1900
4 20 29 30 1900
4 20 29 30 1900
4 20 29 30 1900
4 20 29 30 1900
4 20 29 30 1900
4 20 29 30 1900
4 20 29 30 1900
4 20 29 30 1900
4 20 29 30 1900
4 20 29 30 1900
4 20 29 30 1900
4 20 29 30 1900
4 20 29 30 1900
4 20 29 30 1900
4 20 29 30 1900
4 20 29 30 1900
4 20 29 30 1900
4 20 29 30 1900
4 20 29 30 1900
4 20 29 30 1900
4 20 29 30 1900
4 20 29 30 1900
4 20 29 30 1900
4 20 29 30 1900
4 20 29 30 1900
4 20 29 30 1900
4 20 29 30 1900
4 20 29 30 1900
4 20 29 30 1900
4 20 29 30 1900
4 20 29 30 1900
4 20 29 30 1900
4 20 29 30 1900
4 20 29 30 1900
4 20 29 30 1900
4 20 29 30 1900
4 20 29 30 1900
4 20 29 30 1900
4 20 29 30 1900
4 20 29 30 1900
4 20 29 30 1900
4 20 29 30 1900
4 20 29 30 1900
4 20 29 30 1900
4 20 29 30 1900
4 20 29 30 1900
4 20 29 30 1900
4 20 29 30 1900
4 20 29 30 1900
4 20 29 30 1900
4 20 29 30 1900
4 20 29 30 1900
4 20 29 30 1900
4 20 29 30 1900
4 20 29 30 1900
4 20 29 30 1900
4 20 29 30 1900
4 20 29 30 1900
4 20 29 30 1900
4 20 29 30 1900
4 20 29 30 1900
4 20 29 30 1900
4 20 29 30 1900
4 20 29 30 1900
4 20 29 30 1900
4 20 29 30 1900
4 20 29 30 1900
4 20 29 30 1900
4 20 29 30 1900
4 20 29 30 1900
4 20 29 30 1900
4 20 29 30 1900
4 20 29 30 1900
4 20 29 30 1900
4 20 29 30 1900
4 20 29 30 1900
4 20 29 30 1900
4 20 29 30 1900
4 20 29 30 1900
4 20 29 30 1900
4 20 29 30 1900
4 20 29 30 1900
4 20 29 30 1900
4 20 29 30 1900
4 20 29 30 1900
4 20 29 30 1900
4 20 29 30 1900
4 20 29 30 1900
4 20 29 30 1900
4 20 29 30 1900
4 20 29 30 1900
4 20 29 30 1900
4 20 29 30 1900
4 20 29 30 1900
4 20 29 30 1900
4 20 29 30 1900
4 20 29 30 1900
4 20 29 30 1900
4 20 29 30 1900
4 20 29 30 1900
4 20 29 30 1900
4 20 29 30 1900
4 20 29 30 1900
4 20 29 30 1900
4 20 29 30 1900
4 20 29 30 1900
4 20 29 30 1900
4 20 29 30 1900
4 20 29 30 1900
4 20 29 30 1900
4 20 29 30 1900
4 20 29 30 1900
4 20 29 30 1900
4 20 29 30 1900
4 20 29 30 1900
4 20 29 30 1900
4 20 29 30 1900
4 20 29 30 1900
4 20 29 30 1900
4 20 29 30 1900
4 20 29 30 1900
4 20 29 30 1900
4 20 29 30 1900
4 20 29 30 1900
4 20 29 30 1900
4 20 29 30 1900
4 20 29 30 1900
4 20 29 30 1900
4 20 29 30 1900
4 20 29 30 1900
4 20 29 30 1900
4 20 29 30 1900
4 20 29 30 1900
4 20 29 30 1900
4 20 29 30 1900
4 20 29 30 1900
4 20 29 30 1900
4 20 29 30 1900
4 20 29 30 1900
4 20 29 30 1900
4 20 29 30 1900
4 20 29 30 1900
4 20 29 30 1900
4 20 29 30 1900
4 20 29 30 1900
4 20 29 30 1900
4 20 29 30 1900
4 20 29 30 1900
4 20 29 30 1900
4 20 29 30 1900
4 20 29 30 1900
4 20 29 30 1900
4 20 29 30 1900
4 20 29 30 1900
4 20 29 30 1900
4 20 29 30 1900
4 20 29 30 1900
4 20 29 30 1900
4 20 29 30 1900
4 20 29 30 1900
4 20 29 30 1900
4 20 29 30 1900
4 20 29 30 1900
4 20 29 30 1900
4 20 29 30 1900
4 20 29 30 1900
4 20 29 30 1900
4 20 29 30 1900
4 20 29 30 1900
4 20 29 30 1900
4 20 29 30 1900
4 20 29 30 1900
4 20 29 30 1900
4 20 29 30 1900
4 20 29 30 1900
4 20 29 30 1900
4 20 29 30 1900
4 20 29 30 1900
4 20 29 30 1900
4 20 29 30 1900
4 20 29 30 1900
4 20 30 31 1900
4 20 30 31 1900
4 20 30 31 1900
4 20 30 31 1900
4 20 30 31 1900
4 20 30 31 1900
4 20 30 31 1900
4 20 30 31 1900
4 20 30 31 1900
4 20 30 31 1900
4 20 30 31 1900
4 20 30 31 1900
4 20 30 31 1900
4 20 30 31 1900
4 20 30 31 1900
4 20 30 31 1900
4 20 30 31 1900
4 20 30 31 1900
4 20 30 31 1900
4 20 30 31 1900
4 20 30 31 1900
4 20 30 31 1900
4 20 30 31 1900
4 20 30 31 1900
4 20 30 31 1900
4 20 30 31 1900
4 20 30 31 1900
4 20 30 31 1900
4 20 30 31 1900
4 20 30 31 1900
4 20 30 31 1900
4 20 30 31 1900
4 20 30 31 1900
4 20 30 31 1900
4 20 30 31 1900
4 20 30 31 1900
4 20 30 31 1900
4 20 30 31 1900
4 20 30 31 1900
4 20 30 31 1900
4 20 30 31 1900
4 20 30 31 1900
4 20 30 31 1900
4 20 30 31 1900
4 20 30 31 1900
4 20 30 31 1900
4 20 30 31 1900
4 20 30 31 1900
4 20 30 31 1900
4 20 30 31 1900
4 20 30 31 1900
4 20 30 31 1900
4 20 30 31 1900
4 20 30 31 1900
4 20 30 31 1900
4 20 30 31 1900
4 20 30 31 1900
4 20 30 31 1900
4 20 30 31 1900
4 20 30 31 1900
4 20 30 31 1900
4 20 30 31 1900
4 20 30 31 1900
4 20 30 31 1900
4 20 30 31 1900
4 20 30 31 1900
4 20 30 31 1900
4 20 30 31 1900
4 20 30 31 1900
4 20 30 31 1900
4 20 30 31 1900
4 20 30 31 1900
4 20 30 31 1900
4 20 30 31 1900
4 20 30 31 1900
4 20 30 31 1900
4 20 30 31 1900
4 20 30 31 1900
4 20 30 31 1900
4 20 30 31 1900
4 20 30 31 1900
4 20 30 31 1900
4 20 30 31 1900
4 20 30 31 1900
4 20 30 31 1900
4 20 30 31 1900
4 20 30 31 1900
4 20 30 31 1900
4 20 30 31 1900
4 20 30 31 1900
4 20 30 31 1900
4 20 30 31 1900
4 20 30 31 1900
4 20 30 31 1900
4 20 30 31 1900
4 20 30 31 1900
4 20 30 31 1900
4 20 30 31 1900
4 20 30 31 1900
4 20 30 31 1900
4 20 30 31 1900
4 20 30 31 1900
4 20 30 31 1900
4 20 30 31 1900
4 20 30 31 1900
4 20 30 31 1900
4 20 30 31 1900
4 20 30 31 1900
4 20 30 31 1900
4 20 30 31 1900
4 20 30 31 1900
4 20 30 31 1900
4 20 30 31 1900
4 20 30 31 1900
4 20 30 31 1900
4 20 30 31 1900
4 20 30 31 1900
4 20 30 31 1900
4 20 30 31 1900
4 20 30 31 1900
4 20 30 31 1900
4 20 30 31 1900
4 20 30 31 1900
4 20 30 31 1900
4 20 30 31 1900
4 20 31 32 1900
4 20 31 32 1900
4 20 31 32 1900
4 20 31 32 1900
4 20 31 32 1900
4 20 31 32 1900
4 20 31 32 1900
4 20 31 32 1900
4 20 31 32 1900
4 20 31 32 1900
4 20 31 32 1900
4 20 31 32 1900
4 20 31 32 1900
4 20 31 32 1900
4 20 31 32 1900
4 20 31 32 1900
4 20 31 32 1900
4 20 31 32 1900
4 20 31 32 1900
4 20 31 32 1900
4 20 31 32 1900
4 20 31 32 1900
4 20 31 32 1900
4 20 31 32 1900
4 20 31 32 1900
4 20 31 32 1900
4 20 31 32 1900
4 20 31 32 1900
4 20 31 32 1900
4 20 31 32 1900
4 20 31 32 1900
4 20 31 32 1900
4 20 31 32 1900
4 20 31 32 1900
4 20 31 32 1900
4 20 31 32 1900
4 20 31 32 1900
4 20 31 32 1900
4 20 31 32 1900
4 20 31 32 1900
4 20 31 32 1900
4 20 31 32 1900
4 20 31 32 1900
4 20 31 32 1900
4 20 31 32 1900
4 20 31 32 1900
4 20 31 32 1900
4 20 31 32 1900
4 20 31 32 1900
4 20 31 32 1900
4 20 31 32 1900
4 20 31 32 1900
4 20 31 32 1900
4 20 31 32 1900
4 20 31 32 1900
4 20 31 32 1900
4 20 31 32 1900
4 20 31 32 1900
4 20 31 32 1900
4 20 31 32 1900
4 20 31 32 1900
4 20 31 32 1900
4 20 31 32 1900
4 20 31 32 1900
4 20 31 32 1900
4 20 31 32 1900
4 20 31 32 1900
4 20 31 32 1900
4 20 31 32 1900
4 20 31 32 1900
4 20 31 32 1900
4 20 32 33 1900
4 20 32 33 1900
4 20 32 33 1900
4 20 32 33 1900
4 20 32 33 1900
4 20 32 33 1900
4 20 32 33 1900
4 20 32 33 1900
4 20 32 33 1900
4 20 32 33 1900
4 20 32 33 1900
4 20 32 33 1900
4 20 32 33 1900
4 20 32 33 1900
4 20 32 33 1900
4 20 32 33 1900
4 20 32 33 1900
4 20 32 33 1900
4 20 32 33 1900
4 20 32 33 1900
4 20 32 33 1900
4 20 32 33 1900
4 20 32 33 1900
4 20 32 33 1900
4 20 32 33 1900
4 20 32 33 1900
4 20 33 34 1900
4 20 33 34 1900
4 20 33 34 1900
4 20 33 34 1900
4 20 33 34 1900
4 20 33 34 1900
4 20 33 34 1900
4 20 33 34 1900
4 20 33 34 1900
4 20 33 34 1900
4 20 33 34 1900
4 20 33 34 1900
4 20 33 34 1900
4 20 33 34 1900
4 20 33 34 1900
4 20 33 34 1900
4 20 33 34 1900
4 20 33 34 1900
4 20 34 35 1900
4 20 34 35 1900
4 20 34 35 1900
4 20 34 35 1900
4 20 34 35 1900
4 20 34 35 1900
4 20 34 35 1900
4 20 34 35 1900
4 20 34 35 1900
4 20 34 35 1900
4 20 34 35 1900
4 20 34 35 1900
4 20 34 35 1900
4 20 34 35 1900
4 20 34 35 1900
4 20 34 35 1900
4 20 34 35 1900
4 20 34 35 1900
4 20 34 35 1900
4 20 34 35 1900
4 20 34 35 1900
4 20 34 35 1900
4 20 34 35 1900
4 20 34 35 1900
4 20 34 35 1900
4 20 34 35 1900
4 20 34 35 1900
4 20 34 35 1900
4 20 34 35 1900
4 20 34 35 1900
4 20 34 35 1900
4 20 34 35 1900
4 20 34 35 1900
4 20 34 35 1900
4 20 34 35 1900
4 20 34 35 1900
4 20 34 35 1900
4 20 34 35 1900
4 20 34 35 1900
4 20 34 35 1900
4 20 34 35 1900
4 20 34 35 1900
4 20 34 35 1900
4 20 34 35 1900
4 20 34 35 1900
4 20 34 35 1900
4 20 35 36 1900
4 20 35 36 1900
4 20 35 36 1900
4 20 35 36 1900
4 20 35 36 1900
4 20 35 36 1900
4 20 35 36 1900
4 20 35 36 1900
4 20 35 36 1900
4 20 35 36 1900
4 20 35 36 1900
4 20 35 36 1900
4 20 35 36 1900
4 20 35 36 1900
4 20 35 36 1900
4 20 35 36 1900
4 20 35 36 1900
4 20 35 36 1900
4 20 35 36 1900
4 20 35 36 1900
4 20 35 36 1900
4 20 35 36 1900
4 20 35 36 1900
4 20 35 36 1900
4 20 35 36 1900
4 20 35 36 1900
4 20 35 36 1900
4 20 35 36 1900
4 20 35 36 1900
4 20 35 36 1900
4 20 35 36 1900
4 20 35 36 1900
4 20 35 36 1900
4 20 35 36 1900
4 20 36 37 1900
4 20 36 37 1900
4 20 36 37 1900
4 20 36 37 1900
4 20 36 37 1900
4 20 36 37 1900
4 20 36 37 1900
4 20 36 37 1900
4 20 36 37 1900
4 20 36 37 1900
4 20 36 37 1900
4 20 36 37 1900
4 20 36 37 1900
4 20 36 37 1900
4 20 36 37 1900
4 20 36 37 1900
4 20 36 37 1900
4 20 36 37 1900
4 20 36 37 1900
4 20 37 38 1900
4 20 37 38 1900
4 20 37 38 1900
4 20 37 38 1900
4 20 37 38 1900
4 20 37 38 1900
4 20 38 39 1900
4 20 38 39 1900
4 20 38 39 1900
4 20 38 39 1900
4 20 38 39 1900
4 20 38 39 1900
4 20 38 39 1900
4 20 38 39 1900
4 20 38 39 1900
4 20 38 39 1900
4 20 38 39 1900
4 20 38 39 1900
4 20 39 40 1900
4 20 39 40 1900
4 20 39 40 1900
4 20 39 40 1900
4 20 39 40 1900
5 24 18 19 900
5 24 18 19 900
5 24 18 19 900
5 24 18 19 900
5 24 18 19 900
5 24 18 19 900
5 24 18 19 900
5 24 18 19 900
5 24 18 19 900
5 24 18 19 900
5 24 18 19 900
5 24 19 20 900
5 24 19 20 900
5 24 19 20 900
5 24 19 20 900
5 24 19 20 900
5 24 19 20 900
5 24 19 20 900
5 24 19 20 900
5 24 19 20 900
5 24 19 20 900
5 24 19 20 900
5 24 19 20 900
5 24 19 20 900
5 24 19 20 900
5 24 19 20 900
5 24 19 20 900
5 24 19 20 900
5 24 19 20 900
5 24 19 20 900
5 24 19 20 900
5 24 19 20 900
5 24 19 20 900
5 24 19 20 900
5 24 19 20 900
5 24 19 20 900
5 24 19 20 900
5 24 19 20 900
5 24 19 20 900
5 24 19 20 900
5 24 19 20 900
5 24 19 20 900
5 24 19 20 900
5 24 20 21 900
5 24 20 21 900
5 24 20 21 900
5 24 20 21 900
5 24 20 21 900
5 24 20 21 900
5 24 20 21 900
5 24 20 21 900
5 24 20 21 900
5 24 20 21 900
5 24 20 21 900
5 24 20 21 900
5 24 20 21 900
5 24 20 21 900
5 24 20 21 900
5 24 20 21 900
5 24 20 21 900
5 24 20 21 900
5 24 20 21 900
5 24 20 21 900
5 24 20 21 900
5 24 20 21 900
5 24 20 21 900
5 24 20 21 900
5 24 20 21 900
5 24 20 21 900
5 24 20 21 900
5 24 20 21 900
5 24 20 21 900
5 24 20 21 900
5 24 20 21 900
5 24 20 21 900
5 24 20 21 900
5 24 20 21 900
5 24 20 21 900
5 24 20 21 900
5 24 20 21 900
5 24 20 21 900
5 24 20 21 900
5 24 20 21 900
5 24 20 21 900
5 24 20 21 900
5 24 20 21 900
5 24 20 21 900
5 24 20 21 900
5 24 20 21 900
5 24 20 21 900
5 24 20 21 900
5 24 20 21 900
5 24 20 21 900
5 24 20 21 900
5 24 20 21 900
5 24 20 21 900
5 24 20 21 900
5 24 20 21 900
5 24 20 21 900
5 24 20 21 900
5 24 20 21 900
5 24 20 21 900
5 24 20 21 900
5 24 20 21 900
5 24 20 21 900
5 24 20 21 900
5 24 20 21 900
5 24 21 22 900
5 24 21 22 900
5 24 21 22 900
5 24 21 22 900
5 24 21 22 900
5 24 21 22 900
5 24 21 22 900
5 24 21 22 900
5 24 21 22 900
5 24 21 22 900
5 24 21 22 900
5 24 21 22 900
5 24 21 22 900
5 24 21 22 900
5 24 21 22 900
5 24 21 22 900
5 24 21 22 900
5 24 21 22 900
5 24 21 22 900
5 24 21 22 900
5 24 21 22 900
5 24 21 22 900
5 24 21 22 900
5 24 21 22 900
5 24 21 22 900
5 24 21 22 900
5 24 21 22 900
5 24 21 22 900
5 24 21 22 900
5 24 21 22 900
5 24 21 22 900
5 24 21 22 900
5 24 21 22 900
5 24 21 22 900
5 24 21 22 900
5 24 21 22 900
5 24 21 22 900
5 24 21 22 900
5 24 21 22 900
5 24 21 22 900
5 24 21 22 900
5 24 21 22 900
5 24 21 22 900
5 24 21 22 900
5 24 21 22 900
5 24 21 22 900
5 24 21 22 900
5 24 22 23 900
5 24 22 23 900
5 24 22 23 900
5 24 22 23 900
5 24 22 23 900
5 24 22 23 900
5 24 22 23 900
5 24 22 23 900
5 24 22 23 900
5 24 22 23 900
5 24 22 23 900
5 24 22 23 900
5 24 22 23 900
5 24 22 23 900
5 24 22 23 900
5 24 22 23 900
5 24 22 23 900
5 24 22 23 900
5 24 22 23 900
5 24 22 23 900
5 24 22 23 900
5 24 22 23 900
5 24 22 23 900
5 24 22 23 900
5 24 22 23 900
5 24 22 23 900
5 24 22 23 900
5 24 22 23 900
5 24 22 23 900
5 24 22 23 900
5 24 22 23 900
5 24 22 23 900
5 24 22 23 900
5 24 22 23 900
5 24 22 23 900
5 24 22 23 900
5 24 22 23 900
5 24 22 23 900
5 24 22 23 900
5 24 22 23 900
5 24 22 23 900
5 24 22 23 900
5 24 22 23 900
5 24 22 23 900
5 24 22 23 900
5 24 22 23 900
5 24 22 23 900
5 24 22 23 900
5 24 22 23 900
5 24 22 23 900
5 24 22 23 900
5 24 22 23 900
5 24 22 23 900
5 24 22 23 900
5 24 22 23 900
5 24 24 25 900
5 24 24 25 900
5 24 24 25 900
5 24 24 25 900
5 24 24 25 900
5 24 24 25 900
5 24 24 25 900
5 24 24 25 900
5 24 24 25 900
5 24 24 25 900
5 24 24 25 900
5 24 24 25 900
5 24 24 25 900
5 24 24 25 900
5 24 24 25 900
5 24 24 25 900
5 24 24 25 900
5 24 24 25 900
5 24 24 25 900
5 24 24 25 900
5 24 24 25 900
5 24 24 25 900
5 24 24 25 900
5 24 24 25 900
5 24 24 25 900
5 24 24 25 900
5 24 24 25 900
5 24 24 25 900
5 24 24 25 900
5 24 24 25 900
5 24 24 25 900
5 24 24 25 900
5 24 24 25 900
5 24 24 25 900
5 24 24 25 900
5 24 24 25 900
5 24 24 25 900
5 24 24 25 900
5 24 24 25 900
5 24 24 25 900
5 24 24 25 900
5 24 24 25 900
5 24 24 25 900
5 24 24 25 900
5 24 24 25 900
5 24 24 25 900
5 24 24 25 900
5 24 24 25 900
5 24 24 25 900
5 24 24 25 900
5 24 24 25 900
5 24 24 25 900
5 24 24 25 900
5 24 24 25 900
5 24 25 26 900
5 24 25 26 900
5 24 25 26 900
5 24 25 26 900
5 24 25 26 900
5 24 25 26 900
5 24 25 26 900
5 24 25 26 900
5 24 25 26 900
5 24 25 26 900
5 24 25 26 900
5 24 25 26 900
5 24 25 26 900
5 24 25 26 900
5 24 25 26 900
5 24 25 26 900
5 24 25 26 900
5 24 25 26 900
5 24 25 26 900
5 24 25 26 900
5 24 25 26 900
5 24 25 26 900
5 24 25 26 900
5 24 25 26 900
5 24 25 26 900
5 24 25 26 900
5 24 25 26 900
5 24 25 26 900
5 24 25 26 900
5 24 25 26 900
5 24 25 26 900
5 24 25 26 900
5 24 25 26 900
5 24 25 26 900
5 24 25 26 900
5 24 25 26 900
5 24 25 26 900
5 24 25 26 900
5 24 25 26 900
5 24 25 26 900
5 24 25 26 900
5 24 25 26 900
5 24 25 26 900
5 24 25 26 900
5 24 25 26 900
5 24 26 27 900
5 24 26 27 900
5 24 26 27 900
5 24 26 27 900
5 24 26 27 900
5 24 26 27 900
5 24 26 27 900
5 24 26 27 900
5 24 26 27 900
5 24 26 27 900
5 24 26 27 900
5 24 26 27 900
5 24 26 27 900
5 24 26 27 900
5 24 26 27 900
5 24 26 27 900
5 24 26 27 900
5 24 26 27 900
5 24 26 27 900
5 24 26 27 900
5 24 26 27 900
5 24 26 27 900
5 24 26 27 900
5 24 26 27 900
5 24 26 27 900
5 24 26 27 900
5 24 26 27 900
5 24 26 27 900
5 24 26 27 900
5 24 26 27 900
5 24 26 27 900
5 24 26 27 900
5 24 26 27 900
5 24 26 27 900
5 24 26 27 900
5 24 26 27 900
5 24 26 27 900
5 24 26 27 900
5 24 26 27 900
5 24 26 27 900
5 24 26 27 900
5 24 26 27 900
5 24 26 27 900
5 24 26 27 900
5 24 26 27 900
5 24 26 27 900
5 24 26 27 900
5 24 26 27 900
5 24 27 28 900
5 24 27 28 900
5 24 27 28 900
5 24 27 28 900
5 24 27 28 900
5 24 27 28 900
5 24 27 28 900
5 24 27 28 900
5 24 27 28 900
5 24 27 28 900
5 24 27 28 900
5 24 27 28 900
5 24 27 28 900
5 24 27 28 900
5 24 27 28 900
5 24 27 28 900
5 24 27 28 900
5 24 27 28 900
5 24 27 28 900
5 24 27 28 900
5 24 27 28 900
5 24 27 28 900
5 24 28 29 900
5 24 28 29 900
5 24 28 29 900
5 24 29 30 900
5 24 29 30 900
5 24 29 30 900
6 28 17 18 450
6 28 17 18 450
6 28 17 18 450
6 28 17 18 450
6 28 17 18 450
6 28 17 18 450
6 28 17 18 450
6 28 17 18 450
6 28 17 18 450
6 28 17 18 450
6 28 17 18 450
6 28 17 18 450
6 28 17 18 450
6 28 17 18 450
6 28 17 18 450
6 28 17 18 450
6 28 17 18 450
6 28 17 18 450
6 28 17 18 450
6 28 17 18 450
6 28 17 18 450
6 28 17 18 450
6 28 17 18 450
6 28 17 18 450
6 28 17 18 450
6 28 17 18 450
6 28 17 18 450
6 28 17 18 450
6 28 17 18 450
6 28 17 18 450
6 28 17 18 450
6 28 17 18 450
6 28 17 18 450
6 28 17 18 450
6 28 17 18 450
6 28 17 18 450
6 28 17 18 450
6 28 17 18 450
6 28 17 18 450
6 28 17 18 450
6 28 17 18 450
6 28 17 18 450
6 28 18 19 450
6 28 18 19 450
6 28 18 19 450
6 28 18 19 450
6 28 18 19 450
6 28 18 19 450
6 28 18 19 450
6 28 18 19 450
6 28 18 19 450
6 28 18 19 450
6 28 18 19 450
6 28 18 19 450
6 28 18 19 450
6 28 18 19 450
6 28 18 19 450
6 28 18 19 450
6 28 18 19 450
6 28 18 19 450
6 28 18 19 450
6 28 18 19 450
6 28 18 19 450
6 28 18 19 450
6 28 18 19 450
6 28 18 19 450
6 28 18 19 450
6 28 18 19 450
6 28 18 19 450
6 28 18 19 450
6 28 18 19 450
6 28 18 19 450
6 28 18 19 450
6 28 18 19 450
6 28 18 19 450
6 28 18 19 450
6 28 19 20 450
6 28 19 20 450
6 28 19 20 450
6 28 19 20 450
6 28 19 20 450
6 28 19 20 450
6 28 19 20 450
6 28 19 20 450
6 28 19 20 450
6 28 19 20 450
6 28 19 20 450
6 28 19 20 450
6 28 19 20 450
6 28 19 20 450
6 28 19 20 450
6 28 19 20 450
6 28 19 20 450
6 28 19 20 450
6 28 19 20 450
6 28 19 20 450
6 28 19 20 450
6 28 19 20 450
6 28 19 20 450
6 28 19 20 450
6 28 19 20 450
6 28 19 20 450
6 28 19 20 450
6 28 19 20 450
6 28 19 20 450
6 28 20 21 450
6 28 20 21 450
6 28 20 21 450
6 28 20 21 450
6 28 20 21 450
6 28 20 21 450
6 28 20 21 450
6 28 20 21 450
6 28 20 21 450
6 28 20 21 450
6 28 20 21 450
6 28 20 21 450
6 28 20 21 450
6 28 20 21 450
6 28 20 21 450
6 28 20 21 450
6 28 20 21 450
6 28 20 21 450
6 28 20 21 450
6 28 21 22 450
6 28 21 22 450
6 28 21 22 450
6 28 21 22 450
6 28 21 22 450
6 28 21 22 450
6 28 21 22 450
6 28 21 22 450
6 28 21 22 450
6 28 21 22 450
6 28 21 22 450
6 28 21 22 450
6 28 21 22 450
6 28 21 22 450
6 28 21 22 450
6 28 21 22 450
6 28 21 22 450
6 28 21 22 450
6 28 22 23 450
6 28 22 23 450
6 28 22 23 450
6 28 22 23 450
6 28 22 23 450
6 28 22 23 450
6 28 22 23 450
6 28 22 23 450
6 28 22 23 450
6 28 22 23 450
6 28 22 23 450
6 28 22 23 450
6 28 22 23 450
6 28 22 23 450
6 28 23 24 450
6 28 23 24 450
6 28 23 24 450
6 28 23 24 450
6 28 23 24 450
6 28 23 24 450
6 28 23 24 450
6 28 23 24 450
6 28 23 24 450
6 28 23 24 450
6 28 24 25 450
6 28 24 25 450
6 28 24 25 450
6 28 24 25 450
6 28 24 25 450
6 28 24 25 450
6 28 24 25 450
6 28 24 25 450
6 28 24 25 450
6 28 24 25 450
6 28 24 25 450
6 28 25 26 450
6 28 25 26 450
6 28 25 26 450
6 28 25 26 450
6 28 25 26 450
6 28 25 26 450
6 28 25 26 450
6 28 25 26 450
6 28 25 26 450
