1 10 27 28 50
1 10 27 28 50
1 10 28 29 50
1 10 29 30 50
1 10 29 30 50
1 10 31 32 50
1 10 31 32 50
1 10 31 32 50
1 10 32 33 50
1 10 33 34 50
1 10 33 34 50
1 10 34 35 50
1 10 34 35 50
1 10 35 36 50
1 10 35 36 50
1 10 35 36 50
1 10 37 38 50
1 10 37 38 50
1 10 37 38 50
1 10 38 39 50
1 10 38 39 50
1 10 39 40 50
1 10 39 40 50
1 10 39 40 50
1 10 39 40 50
1 10 40 41 50
1 10 40 41 50
1 10 40 41 50
1 10 41 42 50
1 10 41 42 50
1 10 41 42 50
2 15 12 13 25
2 15 13 14 25
2 15 14 15 25
2 15 14 15 25
2 15 16 17 25
2 15 18 19 25
2 15 18 19 25
2 15 18 19 25
2 15 20 21 25
2 15 23 24 25
2 15 24 25 25
2 15 24 25 25
2 15 24 25 25
2 15 25 26 25
2 15 25 26 25
2 15 25 26 25
2 15 28 29 25
2 15 29 30 25
2 15 30 31 25
2 15 31 32 25
2 15 31 32 25
2 15 32 33 25
2 15 33 34 25
2 15 33 34 25
2 15 34 35 25
3 17 8 9 35
3 17 9 10 35
3 17 9 10 35
3 17 10 11 35
3 17 10 11 35
3 17 10 11 35
3 17 11 12 35
3 17 13 14 35
3 17 14 15 35
3 17 15 16 35
3 17 15 16 35
3 17 15 16 35
3 17 15 16 35
3 17 17 18 35
3 17 17 18 35
3 17 18 19 35
3 17 19 20 35
3 17 19 20 35
3 17 19 20 35
3 17 20 21 35
3 17 21 22 35
3 17 23 24 35
3 17 23 24 35
3 17 23 24 35
3 17 23 24 35
3 17 24 25 35
3 17 25 26 35
3 17 25 26 35
3 17 26 27 35
3 17 27 28 35
3 17 27 28 35
3 17 27 28 35
3 17 28 29 35
3 17 28 29 35
3 17 29 30 35
4 20 8 9 35
4 20 8 9 35
4 20 8 9 35
4 20 8 9 35
4 20 8 9 35
4 20 10 11 35
4 20 11 12 35
4 20 11 12 35
4 20 11 12 35
4 20 11 12 35
4 20 11 12 35
4 20 12 13 35
4 20 12 13 35
4 20 13 14 35
4 20 14 15 35
4 20 15 16 35
4 20 15 16 35
4 20 15 16 35
4 20 16 17 35
4 20 17 18 35
4 20 17 18 35
4 20 17 18 35
4 20 18 19 35
4 20 18 19 35
4 20 19 20 35
4 20 19 20 35
4 20 20 21 35
4 20 20 21 35
4 20 25 26 35
4 20 25 26 35
4 20 26 27 35
4 20 26 27 35
4 20 27 28 35
4 20 27 28 35
4 20 29 30 35
5 24 7 8 40
5 24 8 9 40
5 24 9 10 40
5 24 9 10 40
5 24 9 10 40
5 24 10 11 40
5 24 11 12 40
5 24 11 12 40
5 24 11 12 40
5 24 14 15 40
5 24 14 15 40
5 24 14 15 40
5 24 14 15 40
5 24 14 15 40
5 24 15 16 40
5 24 15 16 40
5 24 15 16 40
5 24 16 17 40
5 24 16 17 40
5 24 17 18 40
5 24 18 19 40
5 24 19 20 40
5 24 19 20 40
5 24 19 20 40
5 24 19 20 40
5 24 20 21 40
5 24 21 22 40
5 24 22 23 40
5 24 22 23 40
5 24 22 23 40
5 24 23 24 40
5 24 23 24 40
5 24 24 25 40
5 24 24 25 40
5 24 24 25 40
6 28 4 5 25
6 28 5 6 25
6 28 6 7 25
6 28 7 8 25
6 28 8 9 25
6 28 8 9 25
6 28 9 10 25
6 28 9 10 25
6 28 10 11 25
6 28 10 11 25
6 28 10 11 25
6 28 11 12 25
6 28 11 12 25
6 28 11 12 25
6 28 11 12 25
6 28 13 14 25
6 28 14 15 25
6 28 14 15 25
6 28 15 16 25
6 28 16 17 25
6 28 16 17 25
6 28 17 18 25
6 28 17 18 25
6 28 17 18 25
6 28 18 19 25
