1 10 53 54 430
1 10 54 55 430
1 10 54 55 430
1 10 54 55 430
1 10 54 55 430
1 10 55 56 430
1 10 55 56 430
1 10 55 56 430
1 10 55 56 430
1 10 55 56 430
1 10 55 56 430
1 10 55 56 430
1 10 55 56 430
1 10 55 56 430
1 10 55 56 430
1 10 55 56 430
1 10 55 56 430
1 10 55 56 430
1 10 55 56 430
1 10 55 56 430
1 10 55 56 430
1 10 56 57 430
1 10 56 57 430
1 10 56 57 430
1 10 56 57 430
1 10 56 57 430
1 10 56 57 430
1 10 56 57 430
1 10 56 57 430
1 10 56 57 430
1 10 56 57 430
1 10 56 57 430
1 10 56 57 430
1 10 56 57 430
1 10 56 57 430
1 10 56 57 430
1 10 56 57 430
1 10 56 57 430
1 10 56 57 430
1 10 56 57 430
1 10 56 57 430
1 10 56 57 430
1 10 56 57 430
1 10 56 57 430
1 10 56 57 430
1 10 56 57 430
1 10 56 57 430
1 10 56 57 430
1 10 56 57 430
1 10 56 57 430
1 10 56 57 430
1 10 56 57 430
1 10 56 57 430
1 10 56 57 430
1 10 56 57 430
1 10 56 57 430
1 10 57 58 430
1 10 57 58 430
1 10 57 58 430
1 10 57 58 430
1 10 57 58 430
1 10 57 58 430
1 10 57 58 430
1 10 57 58 430
1 10 57 58 430
1 10 57 58 430
1 10 57 58 430
1 10 57 58 430
1 10 57 58 430
1 10 57 58 430
1 10 57 58 430
1 10 57 58 430
1 10 57 58 430
1 10 57 58 430
1 10 57 58 430
1 10 57 58 430
1 10 57 58 430
1 10 57 58 430
1 10 57 58 430
1 10 57 58 430
1 10 57 58 430
1 10 57 58 430
1 10 57 58 430
1 10 57 58 430
1 10 57 58 430
1 10 57 58 430
1 10 57 58 430
1 10 57 58 430
1 10 57 58 430
1 10 57 58 430
1 10 57 58 430
1 10 57 58 430
1 10 57 58 430
1 10 57 58 430
1 10 57 58 430
1 10 57 58 430
1 10 57 58 430
1 10 57 58 430
1 10 58 59 430
1 10 58 59 430
1 10 58 59 430
1 10 58 59 430
1 10 58 59 430
1 10 58 59 430
1 10 58 59 430
1 10 58 59 430
1 10 58 59 430
1 10 58 59 430
1 10 58 59 430
1 10 58 59 430
1 10 58 59 430
1 10 58 59 430
1 10 58 59 430
1 10 58 59 430
1 10 58 59 430
1 10 58 59 430
1 10 58 59 430
1 10 58 59 430
1 10 58 59 430
1 10 58 59 430
1 10 58 59 430
1 10 58 59 430
1 10 58 59 430
1 10 58 59 430
1 10 58 59 430
1 10 58 59 430
1 10 58 59 430
1 10 58 59 430
1 10 58 59 430
1 10 58 59 430
1 10 58 59 430
1 10 58 59 430
1 10 58 59 430
1 10 58 59 430
1 10 58 59 430
1 10 58 59 430
1 10 58 59 430
1 10 58 59 430
1 10 58 59 430
1 10 59 60 430
1 10 59 60 430
1 10 59 60 430
1 10 59 60 430
1 10 59 60 430
1 10 59 60 430
1 10 59 60 430
1 10 59 60 430
1 10 59 60 430
1 10 59 60 430
1 10 59 60 430
1 10 59 60 430
1 10 59 60 430
1 10 59 60 430
1 10 59 60 430
1 10 59 60 430
1 10 59 60 430
1 10 59 60 430
1 10 59 60 430
1 10 59 60 430
1 10 59 60 430
1 10 59 60 430
1 10 59 60 430
1 10 59 60 430
1 10 59 60 430
1 10 59 60 430
1 10 59 60 430
1 10 59 60 430
1 10 59 60 430
1 10 59 60 430
1 10 59 60 430
1 10 59 60 430
1 10 59 60 430
1 10 59 60 430
1 10 59 60 430
1 10 59 60 430
1 10 59 60 430
1 10 59 60 430
1 10 59 60 430
1 10 59 60 430
1 10 59 60 430
1 10 59 60 430
1 10 59 60 430
1 10 60 61 430
1 10 60 61 430
1 10 60 61 430
1 10 60 61 430
1 10 60 61 430
1 10 60 61 430
1 10 60 61 430
1 10 60 61 430
1 10 60 61 430
1 10 60 61 430
1 10 60 61 430
1 10 60 61 430
1 10 60 61 430
1 10 60 61 430
1 10 60 61 430
1 10 60 61 430
1 10 60 61 430
1 10 60 61 430
1 10 60 61 430
1 10 60 61 430
1 10 60 61 430
1 10 60 61 430
1 10 60 61 430
1 10 60 61 430
1 10 60 61 430
1 10 60 61 430
1 10 60 61 430
1 10 60 61 430
1 10 60 61 430
1 10 60 61 430
1 10 60 61 430
1 10 61 62 430
1 10 61 62 430
1 10 61 62 430
1 10 61 62 430
1 10 61 62 430
1 10 61 62 430
1 10 61 62 430
1 10 61 62 430
1 10 61 62 430
1 10 61 62 430
1 10 61 62 430
1 10 61 62 430
1 10 61 62 430
1 10 61 62 430
1 10 61 62 430
1 10 61 62 430
1 10 61 62 430
1 10 61 62 430
1 10 61 62 430
1 10 61 62 430
1 10 61 62 430
1 10 61 62 430
1 10 61 62 430
1 10 61 62 430
1 10 61 62 430
1 10 61 62 430
1 10 61 62 430
1 10 61 62 430
1 10 61 62 430
1 10 61 62 430
1 10 61 62 430
1 10 61 62 430
1 10 62 63 430
1 10 62 63 430
1 10 62 63 430
1 10 62 63 430
1 10 62 63 430
1 10 62 63 430
1 10 62 63 430
1 10 62 63 430
1 10 62 63 430
1 10 62 63 430
1 10 62 63 430
1 10 62 63 430
1 10 62 63 430
1 10 62 63 430
1 10 62 63 430
1 10 62 63 430
1 10 62 63 430
1 10 62 63 430
1 10 62 63 430
1 10 62 63 430
1 10 62 63 430
1 10 62 63 430
1 10 63 64 430
1 10 63 64 430
1 10 63 64 430
1 10 63 64 430
1 10 63 64 430
1 10 63 64 430
1 10 63 64 430
1 10 63 64 430
1 10 63 64 430
1 10 63 64 430
1 10 63 64 430
1 10 63 64 430
1 10 63 64 430
1 10 63 64 430
1 10 63 64 430
1 10 64 65 430
1 10 64 65 430
1 10 64 65 430
1 10 64 65 430
1 10 64 65 430
1 10 64 65 430
1 10 64 65 430
1 10 64 65 430
1 10 64 65 430
1 10 64 65 430
1 10 64 65 430
1 10 64 65 430
1 10 65 66 430
1 10 65 66 430
1 10 65 66 430
1 10 65 66 430
1 10 65 66 430
1 10 65 66 430
1 10 65 66 430
1 10 65 66 430
1 10 65 66 430
1 10 65 66 430
1 10 66 67 430
1 10 66 67 430
1 10 66 67 430
1 10 66 67 430
1 10 66 67 430
1 10 66 67 430
1 10 67 68 430
1 10 68 69 430
2 15 27 28 319
2 15 27 28 319
2 15 28 29 319
2 15 28 29 319
2 15 28 29 319
2 15 29 30 319
2 15 29 30 319
2 15 29 30 319
2 15 29 30 319
2 15 29 30 319
2 15 29 30 319
2 15 30 31 319
2 15 30 31 319
2 15 30 31 319
2 15 30 31 319
2 15 30 31 319
2 15 30 31 319
2 15 30 31 319
2 15 30 31 319
2 15 30 31 319
2 15 30 31 319
2 15 30 31 319
2 15 30 31 319
2 15 30 31 319
2 15 30 31 319
2 15 30 31 319
2 15 30 31 319
2 15 30 31 319
2 15 30 31 319
2 15 30 31 319
2 15 30 31 319
2 15 30 31 319
2 15 30 31 319
2 15 30 31 319
2 15 30 31 319
2 15 30 31 319
2 15 30 31 319
2 15 30 31 319
2 15 30 31 319
2 15 30 31 319
2 15 30 31 319
2 15 30 31 319
2 15 30 31 319
2 15 30 31 319
2 15 31 32 319
2 15 31 32 319
2 15 31 32 319
2 15 31 32 319
2 15 31 32 319
2 15 31 32 319
2 15 31 32 319
2 15 31 32 319
2 15 31 32 319
2 15 31 32 319
2 15 31 32 319
2 15 31 32 319
2 15 31 32 319
2 15 31 32 319
2 15 31 32 319
2 15 31 32 319
2 15 31 32 319
2 15 31 32 319
2 15 31 32 319
2 15 31 32 319
2 15 31 32 319
2 15 31 32 319
2 15 31 32 319
2 15 31 32 319
2 15 31 32 319
2 15 31 32 319
2 15 31 32 319
2 15 31 32 319
2 15 31 32 319
2 15 31 32 319
2 15 31 32 319
2 15 31 32 319
2 15 31 32 319
2 15 31 32 319
2 15 31 32 319
2 15 31 32 319
2 15 31 32 319
2 15 31 32 319
2 15 31 32 319
2 15 31 32 319
2 15 32 33 319
2 15 32 33 319
2 15 32 33 319
2 15 32 33 319
2 15 32 33 319
2 15 32 33 319
2 15 32 33 319
2 15 32 33 319
2 15 32 33 319
2 15 32 33 319
2 15 32 33 319
2 15 32 33 319
2 15 32 33 319
2 15 32 33 319
2 15 32 33 319
2 15 32 33 319
2 15 32 33 319
2 15 32 33 319
2 15 32 33 319
2 15 32 33 319
2 15 32 33 319
2 15 32 33 319
2 15 32 33 319
2 15 32 33 319
2 15 32 33 319
2 15 32 33 319
2 15 32 33 319
2 15 32 33 319
2 15 32 33 319
2 15 32 33 319
2 15 32 33 319
2 15 32 33 319
2 15 32 33 319
2 15 32 33 319
2 15 32 33 319
2 15 32 33 319
2 15 32 33 319
2 15 32 33 319
2 15 32 33 319
2 15 32 33 319
2 15 32 33 319
2 15 32 33 319
2 15 32 33 319
2 15 32 33 319
2 15 32 33 319
2 15 32 33 319
2 15 32 33 319
2 15 32 33 319
2 15 32 33 319
2 15 32 33 319
2 15 33 34 319
2 15 33 34 319
2 15 33 34 319
2 15 33 34 319
2 15 33 34 319
2 15 33 34 319
2 15 33 34 319
2 15 33 34 319
2 15 33 34 319
2 15 33 34 319
2 15 33 34 319
2 15 33 34 319
2 15 33 34 319
2 15 33 34 319
2 15 33 34 319
2 15 33 34 319
2 15 33 34 319
2 15 33 34 319
2 15 33 34 319
2 15 33 34 319
2 15 33 34 319
2 15 33 34 319
2 15 33 34 319
2 15 33 34 319
2 15 33 34 319
2 15 33 34 319
2 15 33 34 319
2 15 33 34 319
2 15 33 34 319
2 15 33 34 319
2 15 33 34 319
2 15 33 34 319
2 15 33 34 319
2 15 33 34 319
2 15 33 34 319
2 15 33 34 319
2 15 33 34 319
2 15 33 34 319
2 15 33 34 319
2 15 33 34 319
2 15 33 34 319
2 15 33 34 319
2 15 33 34 319
2 15 33 34 319
2 15 33 34 319
2 15 33 34 319
2 15 33 34 319
2 15 33 34 319
2 15 33 34 319
2 15 33 34 319
2 15 34 35 319
2 15 34 35 319
2 15 34 35 319
2 15 34 35 319
2 15 34 35 319
2 15 34 35 319
2 15 34 35 319
2 15 34 35 319
2 15 34 35 319
2 15 34 35 319
2 15 34 35 319
2 15 34 35 319
2 15 34 35 319
2 15 34 35 319
2 15 34 35 319
2 15 34 35 319
2 15 34 35 319
2 15 34 35 319
2 15 34 35 319
2 15 34 35 319
2 15 34 35 319
2 15 34 35 319
2 15 34 35 319
2 15 34 35 319
2 15 34 35 319
2 15 34 35 319
2 15 34 35 319
2 15 34 35 319
2 15 34 35 319
2 15 34 35 319
2 15 34 35 319
2 15 34 35 319
2 15 34 35 319
2 15 34 35 319
2 15 34 35 319
2 15 34 35 319
2 15 34 35 319
2 15 34 35 319
2 15 34 35 319
2 15 34 35 319
2 15 34 35 319
2 15 34 35 319
2 15 35 36 319
2 15 35 36 319
2 15 35 36 319
2 15 35 36 319
2 15 35 36 319
2 15 35 36 319
2 15 35 36 319
2 15 35 36 319
2 15 35 36 319
2 15 35 36 319
2 15 35 36 319
2 15 35 36 319
2 15 35 36 319
2 15 35 36 319
2 15 35 36 319
2 15 35 36 319
2 15 35 36 319
2 15 35 36 319
2 15 35 36 319
2 15 35 36 319
2 15 35 36 319
2 15 36 37 319
2 15 36 37 319
2 15 36 37 319
2 15 36 37 319
2 15 36 37 319
2 15 36 37 319
2 15 36 37 319
2 15 36 37 319
2 15 36 37 319
2 15 36 37 319
2 15 36 37 319
2 15 36 37 319
2 15 36 37 319
2 15 36 37 319
2 15 36 37 319
2 15 37 38 319
2 15 37 38 319
2 15 37 38 319
2 15 37 38 319
2 15 38 39 319
3 17 19 20 185
3 17 19 20 185
3 17 19 20 185
3 17 19 20 185
3 17 19 20 185
3 17 19 20 185
3 17 20 21 185
3 17 20 21 185
3 17 20 21 185
3 17 20 21 185
3 17 20 21 185
3 17 20 21 185
3 17 20 21 185
3 17 20 21 185
3 17 20 21 185
3 17 20 21 185
3 17 20 21 185
3 17 20 21 185
3 17 20 21 185
3 17 20 21 185
3 17 20 21 185
3 17 20 21 185
3 17 20 21 185
3 17 20 21 185
3 17 20 21 185
3 17 20 21 185
3 17 20 21 185
3 17 20 21 185
3 17 20 21 185
3 17 20 21 185
3 17 20 21 185
3 17 20 21 185
3 17 20 21 185
3 17 20 21 185
3 17 20 21 185
3 17 20 21 185
3 17 20 21 185
3 17 20 21 185
3 17 20 21 185
3 17 20 21 185
3 17 20 21 185
3 17 20 21 185
3 17 20 21 185
3 17 20 21 185
3 17 20 21 185
3 17 20 21 185
3 17 20 21 185
3 17 20 21 185
3 17 20 21 185
3 17 20 21 185
3 17 20 21 185
3 17 20 21 185
3 17 21 22 185
3 17 21 22 185
3 17 21 22 185
3 17 21 22 185
3 17 21 22 185
3 17 21 22 185
3 17 21 22 185
3 17 21 22 185
3 17 21 22 185
3 17 21 22 185
3 17 21 22 185
3 17 21 22 185
3 17 21 22 185
3 17 21 22 185
3 17 21 22 185
3 17 21 22 185
3 17 21 22 185
3 17 21 22 185
3 17 21 22 185
3 17 21 22 185
3 17 21 22 185
3 17 21 22 185
3 17 21 22 185
3 17 21 22 185
3 17 21 22 185
3 17 21 22 185
3 17 21 22 185
3 17 21 22 185
3 17 21 22 185
3 17 21 22 185
3 17 21 22 185
3 17 21 22 185
3 17 21 22 185
3 17 21 22 185
3 17 21 22 185
3 17 21 22 185
3 17 21 22 185
3 17 21 22 185
3 17 21 22 185
3 17 21 22 185
3 17 21 22 185
3 17 21 22 185
3 17 21 22 185
3 17 21 22 185
3 17 21 22 185
3 17 21 22 185
3 17 21 22 185
3 17 21 22 185
3 17 21 22 185
3 17 21 22 185
3 17 21 22 185
3 17 21 22 185
3 17 22 23 185
3 17 22 23 185
3 17 22 23 185
3 17 22 23 185
3 17 22 23 185
3 17 22 23 185
3 17 22 23 185
3 17 22 23 185
3 17 22 23 185
3 17 22 23 185
3 17 22 23 185
3 17 22 23 185
3 17 22 23 185
3 17 22 23 185
3 17 22 23 185
3 17 22 23 185
3 17 22 23 185
3 17 22 23 185
3 17 22 23 185
3 17 22 23 185
3 17 22 23 185
3 17 22 23 185
3 17 22 23 185
3 17 22 23 185
3 17 22 23 185
3 17 22 23 185
3 17 22 23 185
3 17 22 23 185
3 17 22 23 185
3 17 22 23 185
3 17 22 23 185
3 17 22 23 185
3 17 22 23 185
3 17 22 23 185
3 17 23 24 185
3 17 23 24 185
3 17 23 24 185
3 17 23 24 185
3 17 23 24 185
3 17 23 24 185
3 17 23 24 185
3 17 23 24 185
3 17 23 24 185
3 17 23 24 185
3 17 23 24 185
3 17 23 24 185
3 17 23 24 185
3 17 23 24 185
3 17 23 24 185
3 17 23 24 185
3 17 24 25 185
3 17 24 25 185
3 17 24 25 185
3 17 24 25 185
3 17 24 25 185
3 17 24 25 185
3 17 24 25 185
3 17 24 25 185
4 20 11 12 609
4 20 12 13 609
4 20 12 13 609
4 20 12 13 609
4 20 13 14 609
4 20 13 14 609
4 20 13 14 609
4 20 13 14 609
4 20 13 14 609
4 20 13 14 609
4 20 13 14 609
4 20 13 14 609
4 20 13 14 609
4 20 13 14 609
4 20 13 14 609
4 20 13 14 609
4 20 13 14 609
4 20 13 14 609
4 20 13 14 609
4 20 13 14 609
4 20 13 14 609
4 20 13 14 609
4 20 13 14 609
4 20 13 14 609
4 20 13 14 609
4 20 13 14 609
4 20 13 14 609
4 20 13 14 609
4 20 13 14 609
4 20 13 14 609
4 20 13 14 609
4 20 13 14 609
4 20 13 14 609
4 20 13 14 609
4 20 13 14 609
4 20 14 15 609
4 20 14 15 609
4 20 14 15 609
4 20 14 15 609
4 20 14 15 609
4 20 14 15 609
4 20 14 15 609
4 20 14 15 609
4 20 14 15 609
4 20 14 15 609
4 20 14 15 609
4 20 14 15 609
4 20 14 15 609
4 20 14 15 609
4 20 14 15 609
4 20 14 15 609
4 20 14 15 609
4 20 14 15 609
4 20 14 15 609
4 20 14 15 609
4 20 14 15 609
4 20 14 15 609
4 20 14 15 609
4 20 14 15 609
4 20 14 15 609
4 20 14 15 609
4 20 14 15 609
4 20 14 15 609
4 20 14 15 609
4 20 14 15 609
4 20 14 15 609
4 20 14 15 609
4 20 14 15 609
4 20 14 15 609
4 20 14 15 609
4 20 14 15 609
4 20 14 15 609
4 20 14 15 609
4 20 14 15 609
4 20 14 15 609
4 20 14 15 609
4 20 14 15 609
4 20 14 15 609
4 20 14 15 609
4 20 14 15 609
4 20 14 15 609
4 20 14 15 609
4 20 14 15 609
4 20 14 15 609
4 20 14 15 609
4 20 14 15 609
4 20 14 15 609
4 20 14 15 609
4 20 14 15 609
4 20 14 15 609
4 20 14 15 609
4 20 14 15 609
4 20 14 15 609
4 20 14 15 609
4 20 14 15 609
4 20 14 15 609
4 20 15 16 609
4 20 15 16 609
4 20 15 16 609
4 20 15 16 609
4 20 15 16 609
4 20 15 16 609
4 20 15 16 609
4 20 15 16 609
4 20 15 16 609
4 20 15 16 609
4 20 15 16 609
4 20 15 16 609
4 20 15 16 609
4 20 15 16 609
4 20 15 16 609
4 20 15 16 609
4 20 15 16 609
4 20 15 16 609
4 20 15 16 609
4 20 15 16 609
4 20 15 16 609
4 20 15 16 609
4 20 15 16 609
4 20 15 16 609
4 20 15 16 609
4 20 15 16 609
4 20 15 16 609
4 20 15 16 609
4 20 15 16 609
4 20 15 16 609
4 20 15 16 609
4 20 15 16 609
4 20 15 16 609
4 20 15 16 609
4 20 15 16 609
4 20 15 16 609
4 20 15 16 609
4 20 15 16 609
4 20 15 16 609
4 20 15 16 609
4 20 15 16 609
4 20 15 16 609
4 20 15 16 609
4 20 15 16 609
4 20 15 16 609
4 20 15 16 609
4 20 15 16 609
4 20 15 16 609
4 20 15 16 609
4 20 15 16 609
4 20 15 16 609
4 20 15 16 609
4 20 15 16 609
4 20 15 16 609
4 20 15 16 609
4 20 15 16 609
4 20 15 16 609
4 20 15 16 609
4 20 15 16 609
4 20 15 16 609
4 20 15 16 609
4 20 15 16 609
4 20 15 16 609
4 20 15 16 609
4 20 15 16 609
4 20 15 16 609
4 20 15 16 609
4 20 15 16 609
4 20 15 16 609
4 20 15 16 609
4 20 15 16 609
4 20 15 16 609
4 20 15 16 609
4 20 15 16 609
4 20 15 16 609
4 20 15 16 609
4 20 15 16 609
4 20 15 16 609
4 20 15 16 609
4 20 15 16 609
4 20 15 16 609
4 20 15 16 609
4 20 15 16 609
4 20 15 16 609
4 20 15 16 609
4 20 15 16 609
4 20 15 16 609
4 20 15 16 609
4 20 15 16 609
4 20 15 16 609
4 20 15 16 609
4 20 15 16 609
4 20 15 16 609
4 20 15 16 609
4 20 15 16 609
4 20 15 16 609
4 20 15 16 609
4 20 15 16 609
4 20 15 16 609
4 20 15 16 609
4 20 15 16 609
4 20 15 16 609
4 20 15 16 609
4 20 15 16 609
4 20 15 16 609
4 20 15 16 609
4 20 15 16 609
4 20 15 16 609
4 20 15 16 609
4 20 15 16 609
4 20 15 16 609
4 20 15 16 609
4 20 15 16 609
4 20 15 16 609
4 20 15 16 609
4 20 15 16 609
4 20 15 16 609
4 20 15 16 609
4 20 15 16 609
4 20 15 16 609
4 20 16 17 609
4 20 16 17 609
4 20 16 17 609
4 20 16 17 609
4 20 16 17 609
4 20 16 17 609
4 20 16 17 609
4 20 16 17 609
4 20 16 17 609
4 20 16 17 609
4 20 16 17 609
4 20 16 17 609
4 20 16 17 609
4 20 16 17 609
4 20 16 17 609
4 20 16 17 609
4 20 16 17 609
4 20 16 17 609
4 20 16 17 609
4 20 16 17 609
4 20 16 17 609
4 20 16 17 609
4 20 16 17 609
4 20 16 17 609
4 20 16 17 609
4 20 16 17 609
4 20 16 17 609
4 20 16 17 609
4 20 16 17 609
4 20 16 17 609
4 20 16 17 609
4 20 16 17 609
4 20 16 17 609
4 20 16 17 609
4 20 16 17 609
4 20 16 17 609
4 20 16 17 609
4 20 16 17 609
4 20 16 17 609
4 20 16 17 609
4 20 16 17 609
4 20 16 17 609
4 20 16 17 609
4 20 16 17 609
4 20 16 17 609
4 20 16 17 609
4 20 16 17 609
4 20 16 17 609
4 20 16 17 609
4 20 16 17 609
4 20 16 17 609
4 20 16 17 609
4 20 16 17 609
4 20 16 17 609
4 20 16 17 609
4 20 16 17 609
4 20 16 17 609
4 20 16 17 609
4 20 16 17 609
4 20 16 17 609
4 20 16 17 609
4 20 16 17 609
4 20 16 17 609
4 20 16 17 609
4 20 16 17 609
4 20 16 17 609
4 20 16 17 609
4 20 16 17 609
4 20 16 17 609
4 20 16 17 609
4 20 16 17 609
4 20 16 17 609
4 20 16 17 609
4 20 16 17 609
4 20 16 17 609
4 20 16 17 609
4 20 16 17 609
4 20 16 17 609
4 20 16 17 609
4 20 16 17 609
4 20 16 17 609
4 20 16 17 609
4 20 16 17 609
4 20 16 17 609
4 20 16 17 609
4 20 16 17 609
4 20 16 17 609
4 20 16 17 609
4 20 16 17 609
4 20 16 17 609
4 20 16 17 609
4 20 16 17 609
4 20 16 17 609
4 20 16 17 609
4 20 16 17 609
4 20 16 17 609
4 20 16 17 609
4 20 16 17 609
4 20 16 17 609
4 20 16 17 609
4 20 16 17 609
4 20 16 17 609
4 20 16 17 609
4 20 16 17 609
4 20 16 17 609
4 20 16 17 609
4 20 16 17 609
4 20 16 17 609
4 20 16 17 609
4 20 16 17 609
4 20 16 17 609
4 20 16 17 609
4 20 16 17 609
4 20 16 17 609
4 20 16 17 609
4 20 16 17 609
4 20 16 17 609
4 20 16 17 609
4 20 16 17 609
4 20 16 17 609
4 20 16 17 609
4 20 16 17 609
4 20 16 17 609
4 20 16 17 609
4 20 16 17 609
4 20 16 17 609
4 20 16 17 609
4 20 16 17 609
4 20 16 17 609
4 20 16 17 609
4 20 17 18 609
4 20 17 18 609
4 20 17 18 609
4 20 17 18 609
4 20 17 18 609
4 20 17 18 609
4 20 17 18 609
4 20 17 18 609
4 20 17 18 609
4 20 17 18 609
4 20 17 18 609
4 20 17 18 609
4 20 17 18 609
4 20 17 18 609
4 20 17 18 609
4 20 17 18 609
4 20 17 18 609
4 20 17 18 609
4 20 17 18 609
4 20 17 18 609
4 20 17 18 609
4 20 17 18 609
4 20 17 18 609
4 20 17 18 609
4 20 17 18 609
4 20 17 18 609
4 20 17 18 609
4 20 17 18 609
4 20 17 18 609
4 20 17 18 609
4 20 17 18 609
4 20 17 18 609
4 20 17 18 609
4 20 17 18 609
4 20 17 18 609
4 20 17 18 609
4 20 17 18 609
4 20 17 18 609
4 20 17 18 609
4 20 17 18 609
4 20 17 18 609
4 20 17 18 609
4 20 17 18 609
4 20 17 18 609
4 20 17 18 609
4 20 17 18 609
4 20 17 18 609
4 20 17 18 609
4 20 17 18 609
4 20 17 18 609
4 20 17 18 609
4 20 17 18 609
4 20 17 18 609
4 20 17 18 609
4 20 17 18 609
4 20 17 18 609
4 20 17 18 609
4 20 17 18 609
4 20 17 18 609
4 20 17 18 609
4 20 17 18 609
4 20 17 18 609
4 20 17 18 609
4 20 17 18 609
4 20 17 18 609
4 20 17 18 609
4 20 17 18 609
4 20 17 18 609
4 20 17 18 609
4 20 17 18 609
4 20 17 18 609
4 20 17 18 609
4 20 17 18 609
4 20 17 18 609
4 20 17 18 609
4 20 17 18 609
4 20 18 19 609
4 20 18 19 609
4 20 18 19 609
4 20 18 19 609
4 20 18 19 609
4 20 18 19 609
4 20 18 19 609
4 20 18 19 609
4 20 18 19 609
4 20 18 19 609
4 20 18 19 609
4 20 18 19 609
4 20 18 19 609
4 20 18 19 609
4 20 18 19 609
4 20 18 19 609
4 20 18 19 609
4 20 18 19 609
4 20 18 19 609
4 20 18 19 609
4 20 18 19 609
4 20 18 19 609
4 20 18 19 609
4 20 18 19 609
4 20 18 19 609
4 20 18 19 609
4 20 18 19 609
4 20 18 19 609
4 20 18 19 609
4 20 18 19 609
4 20 18 19 609
4 20 18 19 609
4 20 18 19 609
4 20 18 19 609
4 20 18 19 609
4 20 18 19 609
4 20 18 19 609
4 20 18 19 609
4 20 19 20 609
4 20 19 20 609
4 20 19 20 609
4 20 19 20 609
4 20 19 20 609
4 20 19 20 609
4 20 19 20 609
4 20 19 20 609
4 20 19 20 609
4 20 19 20 609
4 20 19 20 609
4 20 19 20 609
4 20 19 20 609
4 20 19 20 609
4 20 19 20 609
4 20 19 20 609
4 20 19 20 609
4 20 20 21 609
4 20 20 21 609
4 20 22 23 609
5 24 8 9 183
5 24 8 9 183
5 24 8 9 183
5 24 8 9 183
5 24 8 9 183
5 24 8 9 183
5 24 8 9 183
5 24 8 9 183
5 24 8 9 183
5 24 8 9 183
5 24 8 9 183
5 24 8 9 183
5 24 8 9 183
5 24 9 10 183
5 24 9 10 183
5 24 9 10 183
5 24 9 10 183
5 24 9 10 183
5 24 9 10 183
5 24 9 10 183
5 24 9 10 183
5 24 9 10 183
5 24 9 10 183
5 24 9 10 183
5 24 9 10 183
5 24 9 10 183
5 24 9 10 183
5 24 9 10 183
5 24 9 10 183
5 24 9 10 183
5 24 9 10 183
5 24 9 10 183
5 24 9 10 183
5 24 9 10 183
5 24 9 10 183
5 24 9 10 183
5 24 9 10 183
5 24 9 10 183
5 24 9 10 183
5 24 9 10 183
5 24 9 10 183
5 24 9 10 183
5 24 9 10 183
5 24 9 10 183
5 24 9 10 183
5 24 9 10 183
5 24 9 10 183
5 24 9 10 183
5 24 9 10 183
5 24 9 10 183
5 24 9 10 183
5 24 9 10 183
5 24 9 10 183
5 24 9 10 183
5 24 9 10 183
5 24 9 10 183
5 24 9 10 183
5 24 9 10 183
5 24 10 11 183
5 24 10 11 183
5 24 10 11 183
5 24 10 11 183
5 24 10 11 183
5 24 10 11 183
5 24 10 11 183
5 24 10 11 183
5 24 10 11 183
5 24 10 11 183
5 24 10 11 183
5 24 10 11 183
5 24 10 11 183
5 24 10 11 183
5 24 10 11 183
5 24 10 11 183
5 24 10 11 183
5 24 10 11 183
5 24 10 11 183
5 24 10 11 183
5 24 10 11 183
5 24 10 11 183
5 24 10 11 183
5 24 10 11 183
5 24 10 11 183
5 24 10 11 183
5 24 10 11 183
5 24 10 11 183
5 24 10 11 183
5 24 10 11 183
5 24 10 11 183
5 24 10 11 183
5 24 10 11 183
5 24 10 11 183
5 24 10 11 183
5 24 10 11 183
5 24 10 11 183
5 24 10 11 183
5 24 10 11 183
5 24 10 11 183
5 24 11 12 183
5 24 11 12 183
5 24 11 12 183
5 24 11 12 183
5 24 11 12 183
5 24 11 12 183
5 24 11 12 183
5 24 11 12 183
5 24 11 12 183
5 24 11 12 183
5 24 11 12 183
5 24 11 12 183
5 24 11 12 183
5 24 11 12 183
5 24 11 12 183
5 24 11 12 183
5 24 11 12 183
5 24 11 12 183
5 24 11 12 183
5 24 11 12 183
5 24 11 12 183
5 24 11 12 183
5 24 11 12 183
5 24 11 12 183
5 24 11 12 183
5 24 11 12 183
5 24 11 12 183
5 24 11 12 183
5 24 12 13 183
5 24 12 13 183
5 24 12 13 183
5 24 12 13 183
5 24 12 13 183
5 24 12 13 183
5 24 12 13 183
5 24 12 13 183
5 24 12 13 183
5 24 12 13 183
5 24 12 13 183
5 24 12 13 183
5 24 12 13 183
5 24 12 13 183
5 24 13 14 183
6 28 5 6 230
6 28 5 6 230
6 28 5 6 230
6 28 5 6 230
6 28 5 6 230
6 28 5 6 230
6 28 5 6 230
6 28 5 6 230
6 28 6 7 230
6 28 6 7 230
6 28 6 7 230
6 28 6 7 230
6 28 6 7 230
6 28 6 7 230
6 28 6 7 230
6 28 6 7 230
6 28 6 7 230
6 28 6 7 230
6 28 6 7 230
6 28 6 7 230
6 28 6 7 230
6 28 6 7 230
6 28 6 7 230
6 28 6 7 230
6 28 6 7 230
6 28 6 7 230
6 28 6 7 230
6 28 6 7 230
6 28 6 7 230
6 28 7 8 230
6 28 7 8 230
6 28 7 8 230
6 28 7 8 230
6 28 7 8 230
6 28 7 8 230
6 28 7 8 230
6 28 7 8 230
6 28 7 8 230
6 28 7 8 230
6 28 7 8 230
6 28 7 8 230
6 28 7 8 230
6 28 7 8 230
6 28 7 8 230
6 28 7 8 230
6 28 7 8 230
6 28 7 8 230
6 28 7 8 230
6 28 7 8 230
6 28 7 8 230
6 28 7 8 230
6 28 7 8 230
6 28 7 8 230
6 28 7 8 230
6 28 7 8 230
6 28 7 8 230
6 28 7 8 230
6 28 7 8 230
6 28 7 8 230
6 28 7 8 230
6 28 7 8 230
6 28 8 9 230
6 28 8 9 230
6 28 8 9 230
6 28 8 9 230
6 28 8 9 230
6 28 8 9 230
6 28 8 9 230
6 28 8 9 230
6 28 8 9 230
6 28 8 9 230
6 28 8 9 230
6 28 8 9 230
6 28 8 9 230
6 28 8 9 230
6 28 8 9 230
6 28 8 9 230
6 28 8 9 230
6 28 8 9 230
6 28 8 9 230
6 28 8 9 230
6 28 8 9 230
6 28 8 9 230
6 28 8 9 230
6 28 8 9 230
6 28 8 9 230
6 28 8 9 230
6 28 8 9 230
6 28 8 9 230
6 28 8 9 230
6 28 8 9 230
6 28 8 9 230
6 28 8 9 230
6 28 8 9 230
6 28 8 9 230
6 28 8 9 230
6 28 8 9 230
6 28 8 9 230
6 28 8 9 230
6 28 8 9 230
6 28 8 9 230
6 28 8 9 230
6 28 8 9 230
6 28 8 9 230
6 28 8 9 230
6 28 8 9 230
6 28 8 9 230
6 28 8 9 230
6 28 8 9 230
6 28 8 9 230
6 28 9 10 230
6 28 9 10 230
6 28 9 10 230
6 28 9 10 230
6 28 9 10 230
6 28 9 10 230
6 28 9 10 230
6 28 9 10 230
6 28 9 10 230
6 28 9 10 230
6 28 9 10 230
6 28 9 10 230
6 28 9 10 230
6 28 9 10 230
6 28 9 10 230
6 28 9 10 230
6 28 9 10 230
6 28 9 10 230
6 28 9 10 230
6 28 9 10 230
6 28 9 10 230
6 28 9 10 230
6 28 10 11 230
6 28 10 11 230
6 28 10 11 230
6 28 10 11 230
6 28 10 11 230
6 28 10 11 230
