1 10 2 3 12
1 10 2 3 12
1 10 2 3 12
1 10 2 3 12
1 10 2 3 12
1 10 2 3 12
1 10 2 3 12
1 10 2 3 12
1 10 2 3 12
1 10 2 3 12
1 10 2 3 12
1 10 2 3 12
1 10 2 3 12
1 10 3 4 12
1 10 3 4 12
1 10 3 4 12
1 10 4 5 12
1 10 4 5 12
1 10 4 5 12
1 10 4 5 12
1 10 5 6 12
1 10 5 6 12
1 10 5 6 12
1 10 5 6 12
1 10 5 6 12
1 10 5 6 12
1 10 5 6 12
1 10 5 6 12
1 10 6 7 12
1 10 6 7 12
1 10 6 7 12
1 10 9 10 12
1 10 9 10 12
1 10 9 10 12
1 10 9 10 12
1 10 9 10 12
1 10 9 10 12
1 10 9 10 12
1 10 9 10 12
1 10 9 10 12
1 10 9 10 12
1 10 9 10 12
1 10 9 10 12
1 10 9 10 12
1 10 9 10 12
1 10 9 10 12
1 10 9 10 12
1 10 9 10 12
1 10 9 10 12
1 10 9 10 12
1 10 10 11 12
1 10 10 11 12
1 10 10 11 12
1 10 11 12 12
1 10 11 12 12
1 10 11 12 12
1 10 11 12 12
1 10 11 12 12
1 10 11 12 12
1 10 11 12 12
1 10 11 12 12
1 10 11 12 12
1 10 12 13 12
1 10 12 13 12
1 10 13 14 12
1 10 13 14 12
1 10 13 14 12
1 10 16 17 12
1 10 16 17 12
1 10 16 17 12
1 10 16 17 12
1 10 16 17 12
1 10 16 17 12
1 10 16 17 12
1 10 17 18 12
1 10 17 18 12
1 10 17 18 12
1 10 17 18 12
1 10 17 18 12
1 10 17 18 12
1 10 17 18 12
1 10 17 18 12
1 10 17 18 12
1 10 18 19 12
1 10 2 3 12
1 10 2 3 12
1 10 2 3 12
1 10 2 3 12
1 10 2 3 12
1 10 2 3 12
1 10 2 3 12
1 10 2 3 12
1 10 2 3 12
1 10 2 3 12
1 10 3 4 12
1 10 3 4 12
1 10 3 4 12
1 10 3 4 12
1 10 3 4 12
1 10 3 4 12
1 10 3 4 12
1 10 4 5 12
1 10 4 5 12
1 10 4 5 12
1 10 4 5 12
1 10 4 5 12
1 10 4 5 12
1 10 5 6 12
1 10 5 6 12
1 10 5 6 12
1 10 5 6 12
1 10 5 6 12
1 10 6 7 12
1 10 6 7 12
1 10 6 7 12
1 10 6 7 12
1 10 6 7 12
1 10 6 7 12
1 10 6 7 12
1 10 9 10 12
1 10 9 10 12
1 10 9 10 12
1 10 9 10 12
1 10 9 10 12
1 10 10 11 12
1 10 10 11 12
1 10 10 11 12
1 10 10 11 12
1 10 10 11 12
1 10 10 11 12
1 10 10 11 12
1 10 10 11 12
1 10 10 11 12
1 10 11 12 12
1 10 12 13 12
1 10 12 13 12
1 10 13 14 12
1 10 13 14 12
1 10 13 14 12
1 10 16 17 12
1 10 16 17 12
1 10 16 17 12
1 10 16 17 12
1 10 16 17 12
1 10 16 17 12
1 10 16 17 12
1 10 16 17 12
1 10 16 17 12
1 10 16 17 12
1 10 16 17 12
1 10 16 17 12
1 10 16 17 12
1 10 18 19 12
1 10 18 19 12
1 10 18 19 12
1 10 18 19 12
1 10 20 21 12
1 10 23 24 12
1 10 24 25 12
1 10 26 27 12
1 10 29 30 12
1 10 31 32 12
1 10 31 32 12
1 10 32 33 12
1 10 5 6 12
1 10 5 6 12
1 10 5 6 12
1 10 9 10 12
1 10 9 10 12
1 10 9 10 12
1 10 9 10 12
1 10 10 11 12
1 10 10 11 12
1 10 10 11 12
1 10 10 11 12
1 10 10 11 12
1 10 10 11 12
1 10 10 11 12
1 10 10 11 12
1 10 10 11 12
1 10 10 11 12
1 10 10 11 12
1 10 10 11 12
1 10 11 12 12
1 10 11 12 12
1 10 16 17 12
1 10 16 17 12
1 10 16 17 12
1 10 16 17 12
1 10 16 17 12
1 10 16 17 12
1 10 16 17 12
1 10 17 18 12
1 10 17 18 12
1 10 20 21 12
1 10 20 21 12
1 10 23 24 12
1 10 23 24 12
1 10 23 24 12
1 10 23 24 12
1 10 24 25 12
1 10 25 26 12
1 10 26 27 12
1 10 26 27 12
1 10 27 28 12
1 10 27 28 12
1 10 27 28 12
1 10 29 30 12
1 10 30 31 12
1 10 30 31 12
1 10 30 31 12
1 10 30 31 12
1 10 31 32 12
1 10 31 32 12
1 10 31 32 12
1 10 32 33 12
1 10 33 34 12
1 10 35 36 12
1 10 35 36 12
1 10 35 36 12
1 10 35 36 12
1 10 36 37 12
1 10 36 37 12
1 10 2 3 12
1 10 2 3 12
1 10 2 3 12
1 10 2 3 12
1 10 2 3 12
1 10 2 3 12
1 10 4 5 12
1 10 4 5 12
1 10 4 5 12
1 10 4 5 12
1 10 4 5 12
1 10 4 5 12
1 10 4 5 12
1 10 4 5 12
1 10 4 5 12
1 10 4 5 12
1 10 4 5 12
1 10 5 6 12
1 10 6 7 12
1 10 9 10 12
1 10 9 10 12
1 10 9 10 12
1 10 10 11 12
1 10 10 11 12
1 10 10 11 12
1 10 10 11 12
1 10 11 12 12
1 10 12 13 12
1 10 13 14 12
1 10 16 17 12
1 10 16 17 12
1 10 16 17 12
1 10 16 17 12
1 10 16 17 12
1 10 16 17 12
1 10 16 17 12
1 10 16 17 12
1 10 16 17 12
1 10 16 17 12
1 10 16 17 12
1 10 16 17 12
1 10 16 17 12
1 10 16 17 12
1 10 16 17 12
1 10 16 17 12
1 10 16 17 12
1 10 16 17 12
1 10 16 17 12
1 10 16 17 12
1 10 16 17 12
1 10 16 17 12
1 10 16 17 12
1 10 16 17 12
1 10 16 17 12
1 10 16 17 12
1 10 16 17 12
1 10 16 17 12
1 10 16 17 12
1 10 16 17 12
1 10 16 17 12
1 10 16 17 12
1 10 16 17 12
1 10 17 18 12
1 10 18 19 12
1 10 19 20 12
1 10 19 20 12
1 10 19 20 12
1 10 19 20 12
1 10 20 21 12
1 10 23 24 12
1 10 23 24 12
1 10 23 24 12
1 10 2 3 12
1 10 2 3 12
1 10 2 3 12
1 10 2 3 12
1 10 2 3 12
1 10 2 3 12
1 10 3 4 12
1 10 3 4 12
1 10 3 4 12
1 10 3 4 12
1 10 3 4 12
1 10 4 5 12
1 10 4 5 12
1 10 4 5 12
1 10 4 5 12
1 10 4 5 12
1 10 4 5 12
1 10 4 5 12
1 10 4 5 12
1 10 4 5 12
1 10 4 5 12
1 10 4 5 12
1 10 4 5 12
1 10 4 5 12
1 10 5 6 12
1 10 6 7 12
1 10 6 7 12
1 10 9 10 12
1 10 9 10 12
1 10 9 10 12
1 10 9 10 12
1 10 9 10 12
1 10 9 10 12
1 10 9 10 12
1 10 9 10 12
1 10 9 10 12
1 10 9 10 12
1 10 9 10 12
1 10 9 10 12
1 10 9 10 12
1 10 9 10 12
1 10 9 10 12
1 10 9 10 12
1 10 10 11 12
1 10 10 11 12
1 10 10 11 12
1 10 11 12 12
1 10 12 13 12
1 10 13 14 12
1 10 13 14 12
1 10 16 17 12
1 10 16 17 12
1 10 16 17 12
1 10 16 17 12
1 10 16 17 12
1 10 16 17 12
1 10 16 17 12
1 10 16 17 12
1 10 16 17 12
1 10 16 17 12
1 10 16 17 12
1 10 16 17 12
1 10 16 17 12
1 10 16 17 12
1 10 16 17 12
1 10 16 17 12
1 10 16 17 12
1 10 16 17 12
1 10 16 17 12
1 10 16 17 12
1 10 16 17 12
1 10 16 17 12
1 10 16 17 12
1 10 16 17 12
1 10 16 17 12
1 10 17 18 12
1 10 19 20 12
1 10 19 20 12
1 10 23 24 12
1 10 7 8 12
1 10 7 8 12
1 10 8 9 12
1 10 10 11 12
1 10 10 11 12
1 10 11 12 12
1 10 11 12 12
1 10 11 12 12
1 10 12 13 12
1 10 12 13 12
1 10 12 13 12
1 10 12 13 12
1 10 13 14 12
1 10 13 14 12
1 10 15 16 12
1 10 16 17 12
1 10 16 17 12
1 10 17 18 12
1 10 18 19 12
1 10 18 19 12
1 10 19 20 12
1 10 19 20 12
1 10 20 21 12
1 10 20 21 12
1 10 20 21 12
1 10 21 22 12
1 10 21 22 12
1 10 21 22 12
1 10 22 23 12
1 10 22 23 12
1 10 23 24 12
1 10 23 24 12
1 10 23 24 12
1 10 23 24 12
1 10 24 25 12
1 10 24 25 12
1 10 24 25 12
1 10 25 26 12
1 10 25 26 12
1 10 25 26 12
1 10 25 26 12
1 10 26 27 12
1 10 26 27 12
1 10 26 27 12
1 10 26 27 12
1 10 26 27 12
1 10 27 28 12
1 10 27 28 12
1 10 27 28 12
1 10 28 29 12
1 10 28 29 12
1 10 28 29 12
1 10 28 29 12
1 10 28 29 12
1 10 30 31 12
1 10 30 31 12
1 10 30 31 12
1 10 30 31 12
1 10 30 31 12
1 10 33 34 12
1 10 33 34 12
1 10 34 35 12
1 10 34 35 12
1 10 35 36 12
1 10 35 36 12
1 10 1 2 12
1 10 1 2 12
1 10 1 2 12
1 10 2 3 12
1 10 2 3 12
1 10 2 3 12
1 10 2 3 12
1 10 4 5 12
1 10 4 5 12
1 10 4 5 12
1 10 5 6 12
1 10 5 6 12
1 10 7 8 12
1 10 7 8 12
1 10 7 8 12
1 10 7 8 12
1 10 7 8 12
1 10 8 9 12
1 10 8 9 12
1 10 8 9 12
1 10 8 9 12
1 10 8 9 12
1 10 9 10 12
1 10 9 10 12
1 10 10 11 12
1 10 10 11 12
1 10 10 11 12
1 10 10 11 12
1 10 11 12 12
1 10 11 12 12
1 10 11 12 12
1 10 12 13 12
1 10 12 13 12
1 10 12 13 12
1 10 13 14 12
1 10 13 14 12
1 10 13 14 12
1 10 13 14 12
1 10 13 14 12
1 10 13 14 12
1 10 15 16 12
1 10 15 16 12
1 10 15 16 12
1 10 15 16 12
1 10 15 16 12
1 10 16 17 12
1 10 16 17 12
1 10 16 17 12
1 10 16 17 12
1 10 16 17 12
1 10 17 18 12
1 10 17 18 12
1 10 17 18 12
1 10 18 19 12
1 10 18 19 12
1 10 18 19 12
1 10 18 19 12
1 10 19 20 12
1 10 19 20 12
1 10 20 21 12
1 10 20 21 12
1 10 20 21 12
1 10 20 21 12
1 10 20 21 12
1 10 21 22 12
1 10 21 22 12
1 10 22 23 12
1 10 23 24 12
1 10 24 25 12
1 10 25 26 12
1 10 25 26 12
1 10 25 26 12
1 10 26 27 12
1 10 26 27 12
1 10 27 28 12
1 10 27 28 12
1 10 27 28 12
1 10 28 29 12
1 10 30 31 12
1 10 32 33 12
1 10 32 33 12
1 10 33 34 12
1 10 33 34 12
1 10 34 35 12
1 10 34 35 12
1 10 34 35 12
1 10 35 36 12
1 10 1 2 12
1 10 1 2 12
1 10 1 2 12
1 10 1 2 12
1 10 2 3 12
1 10 2 3 12
1 10 4 5 12
1 10 4 5 12
1 10 4 5 12
1 10 5 6 12
1 10 5 6 12
1 10 5 6 12
1 10 5 6 12
1 10 5 6 12
1 10 7 8 12
1 10 7 8 12
1 10 7 8 12
1 10 7 8 12
1 10 7 8 12
1 10 7 8 12
1 10 7 8 12
1 10 7 8 12
1 10 7 8 12
1 10 7 8 12
1 10 8 9 12
1 10 9 10 12
1 10 9 10 12
1 10 10 11 12
1 10 11 12 12
1 10 13 14 12
1 10 13 14 12
1 10 15 16 12
1 10 15 16 12
1 10 16 17 12
1 10 18 19 12
1 10 19 20 12
1 10 19 20 12
1 10 19 20 12
1 10 20 21 12
1 10 20 21 12
1 10 20 21 12
1 10 20 21 12
1 10 20 21 12
1 10 20 21 12
1 10 20 21 12
1 10 21 22 12
1 10 21 22 12
1 10 22 23 12
1 10 22 23 12
1 10 22 23 12
1 10 23 24 12
1 10 26 27 12
1 10 26 27 12
1 10 26 27 12
1 10 27 28 12
1 10 28 29 12
1 10 28 29 12
1 10 28 29 12
1 10 30 31 12
1 10 30 31 12
1 10 30 31 12
1 10 33 34 12
1 10 34 35 12
1 10 34 35 12
1 10 34 35 12
1 10 35 36 12
1 10 35 36 12
1 10 36 37 12
1 10 36 37 12
1 10 2 3 12
1 10 4 5 12
1 10 4 5 12
1 10 4 5 12
1 10 4 5 12
1 10 4 5 12
1 10 4 5 12
1 10 4 5 12
1 10 4 5 12
1 10 4 5 12
1 10 4 5 12
1 10 4 5 12
1 10 4 5 12
1 10 4 5 12
1 10 7 8 12
1 10 7 8 12
1 10 7 8 12
1 10 7 8 12
1 10 7 8 12
1 10 7 8 12
1 10 7 8 12
1 10 7 8 12
1 10 7 8 12
1 10 7 8 12
1 10 7 8 12
1 10 7 8 12
1 10 8 9 12
1 10 8 9 12
1 10 8 9 12
1 10 9 10 12
1 10 9 10 12
1 10 9 10 12
1 10 9 10 12
1 10 9 10 12
1 10 10 11 12
1 10 10 11 12
1 10 10 11 12
1 10 11 12 12
1 10 11 12 12
1 10 11 12 12
1 10 12 13 12
1 10 12 13 12
1 10 12 13 12
1 10 12 13 12
1 10 13 14 12
1 10 13 14 12
1 10 13 14 12
1 10 13 14 12
1 10 13 14 12
1 10 15 16 12
1 10 15 16 12
1 10 15 16 12
1 10 15 16 12
1 10 15 16 12
1 10 16 17 12
1 10 16 17 12
1 10 17 18 12
1 10 18 19 12
1 10 19 20 12
1 10 19 20 12
1 10 19 20 12
1 10 20 21 12
1 10 20 21 12
1 10 21 22 12
1 10 21 22 12
1 10 22 23 12
1 10 22 23 12
1 10 25 26 12
1 10 25 26 12
1 10 25 26 12
1 10 26 27 12
1 10 27 28 12
1 10 27 28 12
1 10 27 28 12
1 10 28 29 12
1 10 30 31 12
1 10 30 31 12
1 10 30 31 12
1 10 30 31 12
1 10 30 31 12
1 10 30 31 12
1 10 34 35 12
1 10 34 35 12
1 10 34 35 12
1 10 34 35 12
1 10 35 36 12
1 10 35 36 12
1 10 35 36 12
1 10 36 37 12
1 10 1 2 12
1 10 1 2 12
1 10 1 2 12
1 10 1 2 12
1 10 1 2 12
1 10 1 2 12
1 10 1 2 12
1 10 1 2 12
1 10 1 2 12
1 10 1 2 12
1 10 1 2 12
1 10 1 2 12
1 10 1 2 12
1 10 1 2 12
1 10 1 2 12
1 10 1 2 12
1 10 1 2 12
1 10 4 5 12
1 10 4 5 12
1 10 4 5 12
1 10 4 5 12
1 10 4 5 12
1 10 4 5 12
1 10 5 6 12
1 10 5 6 12
1 10 8 9 12
1 10 8 9 12
1 10 8 9 12
1 10 8 9 12
1 10 8 9 12
1 10 9 10 12
1 10 9 10 12
1 10 10 11 12
1 10 11 12 12
1 10 11 12 12
1 10 11 12 12
1 10 11 12 12
1 10 12 13 12
1 10 12 13 12
1 10 12 13 12
1 10 12 13 12
1 10 12 13 12
1 10 13 14 12
1 10 13 14 12
1 10 13 14 12
1 10 15 16 12
1 10 15 16 12
1 10 15 16 12
1 10 15 16 12
1 10 15 16 12
1 10 16 17 12
1 10 17 18 12
1 10 17 18 12
1 10 17 18 12
1 10 17 18 12
1 10 17 18 12
1 10 17 18 12
1 10 18 19 12
1 10 18 19 12
1 10 18 19 12
1 10 18 19 12
1 10 18 19 12
1 10 19 20 12
1 10 19 20 12
1 10 19 20 12
1 10 19 20 12
1 10 19 20 12
1 10 20 21 12
1 10 20 21 12
1 10 20 21 12
1 10 20 21 12
1 10 20 21 12
1 10 22 23 12
1 10 22 23 12
1 10 23 24 12
1 10 30 31 12
1 10 30 31 12
1 10 30 31 12
1 10 30 31 12
1 10 30 31 12
1 10 30 31 12
1 10 30 31 12
1 10 30 31 12
1 10 30 31 12
1 10 30 31 12
1 10 30 31 12
1 10 4 5 12
1 10 7 8 12
1 10 7 8 12
1 10 7 8 12
1 10 7 8 12
1 10 7 8 12
1 10 7 8 12
1 10 7 8 12
1 10 7 8 12
1 10 7 8 12
1 10 8 9 12
1 10 9 10 12
1 10 9 10 12
1 10 10 11 12
1 10 10 11 12
1 10 10 11 12
1 10 10 11 12
1 10 10 11 12
1 10 10 11 12
1 10 11 12 12
1 10 11 12 12
1 10 11 12 12
1 10 11 12 12
1 10 11 12 12
1 10 11 12 12
1 10 11 12 12
1 10 11 12 12
1 10 11 12 12
1 10 11 12 12
1 10 12 13 12
1 10 12 13 12
1 10 12 13 12
1 10 12 13 12
1 10 12 13 12
1 10 13 14 12
1 10 13 14 12
1 10 13 14 12
1 10 13 14 12
1 10 13 14 12
1 10 13 14 12
1 10 13 14 12
1 10 13 14 12
1 10 13 14 12
1 10 13 14 12
1 10 13 14 12
1 10 15 16 12
1 10 15 16 12
1 10 15 16 12
1 10 16 17 12
1 10 16 17 12
1 10 16 17 12
1 10 16 17 12
1 10 17 18 12
1 10 17 18 12
1 10 18 19 12
1 10 18 19 12
1 10 18 19 12
1 10 18 19 12
1 10 18 19 12
1 10 19 20 12
1 10 19 20 12
1 10 19 20 12
1 10 19 20 12
1 10 19 20 12
1 10 19 20 12
1 10 20 21 12
1 10 20 21 12
1 10 20 21 12
1 10 20 21 12
1 10 20 21 12
1 10 20 21 12
1 10 20 21 12
1 10 20 21 12
1 10 20 21 12
1 10 21 22 12
1 10 22 23 12
1 10 23 24 12
1 10 26 27 12
1 10 27 28 12
1 10 27 28 12
1 10 28 29 12
1 10 28 29 12
1 10 30 31 12
1 10 30 31 12
1 10 30 31 12
1 10 30 31 12
1 10 30 31 12
1 10 4 5 12
1 10 5 6 12
1 10 7 8 12
1 10 7 8 12
1 10 8 9 12
1 10 8 9 12
1 10 8 9 12
1 10 8 9 12
1 10 9 10 12
1 10 9 10 12
1 10 10 11 12
1 10 10 11 12
1 10 10 11 12
1 10 11 12 12
1 10 11 12 12
1 10 11 12 12
1 10 11 12 12
1 10 12 13 12
1 10 12 13 12
1 10 13 14 12
1 10 13 14 12
1 10 13 14 12
1 10 13 14 12
1 10 13 14 12
1 10 13 14 12
1 10 15 16 12
1 10 15 16 12
1 10 15 16 12
1 10 16 17 12
1 10 16 17 12
1 10 16 17 12
1 10 16 17 12
1 10 16 17 12
1 10 17 18 12
1 10 18 19 12
1 10 18 19 12
1 10 18 19 12
1 10 18 19 12
1 10 18 19 12
1 10 19 20 12
1 10 19 20 12
1 10 19 20 12
1 10 19 20 12
1 10 19 20 12
1 10 20 21 12
1 10 20 21 12
1 10 20 21 12
1 10 20 21 12
1 10 21 22 12
1 10 21 22 12
1 10 22 23 12
1 10 23 24 12
1 10 26 27 12
1 10 27 28 12
1 10 27 28 12
1 10 28 29 12
1 10 28 29 12
1 10 28 29 12
1 10 30 31 12
1 10 30 31 12
1 10 30 31 12
1 10 30 31 12
1 10 33 34 12
1 10 34 35 12
1 10 35 36 12
1 10 35 36 12
1 10 35 36 12
1 10 35 36 12
1 10 35 36 12
1 10 35 36 12
1 10 35 36 12
2 15 2 3 5
2 15 2 3 5
2 15 2 3 5
2 15 2 3 5
2 15 3 4 5
2 15 3 4 5
2 15 3 4 5
2 15 3 4 5
2 15 3 4 5
2 15 3 4 5
2 15 3 4 5
2 15 3 4 5
2 15 3 4 5
2 15 3 4 5
2 15 3 4 5
2 15 3 4 5
2 15 3 4 5
2 15 3 4 5
2 15 3 4 5
2 15 4 5 5
2 15 4 5 5
2 15 4 5 5
2 15 4 5 5
2 15 4 5 5
2 15 4 5 5
2 15 4 5 5
2 15 4 5 5
2 15 5 6 5
2 15 5 6 5
2 15 6 7 5
2 15 6 7 5
2 15 6 7 5
2 15 9 10 5
2 15 9 10 5
2 15 9 10 5
2 15 9 10 5
2 15 9 10 5
2 15 9 10 5
2 15 9 10 5
2 15 9 10 5
2 15 9 10 5
2 15 9 10 5
2 15 10 11 5
2 15 10 11 5
2 15 10 11 5
2 15 10 11 5
2 15 11 12 5
2 15 11 12 5
2 15 11 12 5
2 15 12 13 5
2 15 12 13 5
2 15 12 13 5
2 15 12 13 5
2 15 13 14 5
2 15 13 14 5
2 15 13 14 5
2 15 13 14 5
2 15 13 14 5
2 15 13 14 5
2 15 13 14 5
2 15 14 15 5
2 15 14 15 5
2 15 14 15 5
2 15 14 15 5
2 15 14 15 5
2 15 14 15 5
2 15 14 15 5
2 15 14 15 5
2 15 17 18 5
2 15 17 18 5
2 15 17 18 5
2 15 17 18 5
2 15 17 18 5
2 15 18 19 5
2 15 18 19 5
2 15 18 19 5
2 15 18 19 5
2 15 19 20 5
2 15 19 20 5
2 15 19 20 5
2 15 19 20 5
2 15 19 20 5
2 15 19 20 5
2 15 20 21 5
2 15 20 21 5
2 15 20 21 5
2 15 20 21 5
2 15 20 21 5
2 15 20 21 5
2 15 20 21 5
2 15 21 22 5
2 15 21 22 5
2 15 21 22 5
2 15 21 22 5
2 15 22 23 5
2 15 22 23 5
2 15 24 25 5
2 15 25 26 5
2 15 2 3 5
2 15 2 3 5
2 15 2 3 5
2 15 2 3 5
2 15 3 4 5
2 15 3 4 5
2 15 4 5 5
2 15 4 5 5
2 15 4 5 5
2 15 4 5 5
2 15 4 5 5
2 15 4 5 5
2 15 5 6 5
2 15 5 6 5
2 15 5 6 5
2 15 6 7 5
2 15 6 7 5
2 15 6 7 5
2 15 6 7 5
2 15 6 7 5
2 15 6 7 5
2 15 6 7 5
2 15 6 7 5
2 15 6 7 5
2 15 6 7 5
2 15 7 8 5
2 15 7 8 5
2 15 7 8 5
2 15 9 10 5
2 15 9 10 5
2 15 10 11 5
2 15 10 11 5
2 15 10 11 5
2 15 10 11 5
2 15 10 11 5
2 15 10 11 5
2 15 10 11 5
2 15 10 11 5
2 15 11 12 5
2 15 11 12 5
2 15 11 12 5
2 15 11 12 5
2 15 11 12 5
2 15 11 12 5
2 15 11 12 5
2 15 12 13 5
2 15 12 13 5
2 15 12 13 5
2 15 13 14 5
2 15 13 14 5
2 15 13 14 5
2 15 13 14 5
2 15 14 15 5
2 15 14 15 5
2 15 16 17 5
2 15 16 17 5
2 15 16 17 5
2 15 17 18 5
2 15 17 18 5
2 15 17 18 5
2 15 17 18 5
2 15 17 18 5
2 15 17 18 5
2 15 17 18 5
2 15 17 18 5
2 15 17 18 5
2 15 17 18 5
2 15 18 19 5
2 15 18 19 5
2 15 19 20 5
2 15 19 20 5
2 15 19 20 5
2 15 20 21 5
2 15 20 21 5
2 15 20 21 5
2 15 21 22 5
2 15 21 22 5
2 15 23 24 5
2 15 23 24 5
2 15 23 24 5
2 15 23 24 5
2 15 23 24 5
2 15 23 24 5
2 15 24 25 5
2 15 25 26 5
2 15 25 26 5
2 15 25 26 5
2 15 25 26 5
2 15 25 26 5
2 15 25 26 5
2 15 27 28 5
2 15 2 3 5
2 15 2 3 5
2 15 2 3 5
2 15 2 3 5
2 15 2 3 5
2 15 2 3 5
2 15 2 3 5
2 15 3 4 5
2 15 3 4 5
2 15 3 4 5
2 15 3 4 5
2 15 4 5 5
2 15 4 5 5
2 15 5 6 5
2 15 5 6 5
2 15 5 6 5
2 15 5 6 5
2 15 5 6 5
2 15 5 6 5
2 15 5 6 5
2 15 5 6 5
2 15 5 6 5
2 15 6 7 5
2 15 6 7 5
2 15 6 7 5
2 15 7 8 5
2 15 9 10 5
2 15 9 10 5
2 15 9 10 5
2 15 9 10 5
2 15 9 10 5
2 15 9 10 5
2 15 9 10 5
2 15 9 10 5
2 15 9 10 5
2 15 9 10 5
2 15 10 11 5
2 15 10 11 5
2 15 10 11 5
2 15 10 11 5
2 15 10 11 5
2 15 10 11 5
2 15 11 12 5
2 15 11 12 5
2 15 11 12 5
2 15 11 12 5
2 15 11 12 5
2 15 11 12 5
2 15 11 12 5
2 15 11 12 5
2 15 11 12 5
2 15 11 12 5
2 15 11 12 5
2 15 11 12 5
2 15 11 12 5
2 15 11 12 5
2 15 11 12 5
2 15 11 12 5
2 15 11 12 5
2 15 11 12 5
2 15 11 12 5
2 15 12 13 5
2 15 12 13 5
2 15 12 13 5
2 15 12 13 5
2 15 13 14 5
2 15 13 14 5
2 15 13 14 5
2 15 13 14 5
2 15 13 14 5
2 15 13 14 5
2 15 13 14 5
2 15 14 15 5
2 15 14 15 5
2 15 14 15 5
2 15 14 15 5
2 15 16 17 5
2 15 16 17 5
2 15 16 17 5
2 15 16 17 5
2 15 16 17 5
2 15 16 17 5
2 15 16 17 5
2 15 16 17 5
2 15 17 18 5
2 15 17 18 5
2 15 17 18 5
2 15 17 18 5
2 15 17 18 5
2 15 17 18 5
2 15 17 18 5
2 15 18 19 5
2 15 18 19 5
2 15 18 19 5
2 15 20 21 5
2 15 21 22 5
2 15 21 22 5
2 15 23 24 5
2 15 26 27 5
2 15 3 4 5
2 15 3 4 5
2 15 3 4 5
2 15 4 5 5
2 15 4 5 5
2 15 4 5 5
2 15 4 5 5
2 15 4 5 5
2 15 4 5 5
2 15 5 6 5
2 15 5 6 5
2 15 5 6 5
2 15 5 6 5
2 15 5 6 5
2 15 5 6 5
2 15 6 7 5
2 15 6 7 5
2 15 6 7 5
2 15 6 7 5
2 15 6 7 5
2 15 6 7 5
2 15 6 7 5
2 15 7 8 5
2 15 7 8 5
2 15 7 8 5
2 15 7 8 5
2 15 8 9 5
2 15 8 9 5
2 15 10 11 5
2 15 11 12 5
2 15 15 16 5
2 15 15 16 5
2 15 15 16 5
2 15 15 16 5
2 15 16 17 5
2 15 16 17 5
2 15 16 17 5
2 15 16 17 5
2 15 16 17 5
2 15 16 17 5
2 15 16 17 5
2 15 16 17 5
2 15 16 17 5
2 15 17 18 5
2 15 17 18 5
2 15 17 18 5
2 15 17 18 5
2 15 17 18 5
2 15 17 18 5
2 15 18 19 5
2 15 18 19 5
2 15 19 20 5
2 15 19 20 5
2 15 19 20 5
2 15 22 23 5
2 15 22 23 5
2 15 22 23 5
2 15 22 23 5
2 15 22 23 5
2 15 22 23 5
2 15 22 23 5
2 15 22 23 5
2 15 22 23 5
2 15 22 23 5
2 15 23 24 5
2 15 23 24 5
2 15 23 24 5
2 15 23 24 5
2 15 24 25 5
2 15 24 25 5
2 15 24 25 5
2 15 25 26 5
2 15 25 26 5
2 15 25 26 5
2 15 25 26 5
2 15 26 27 5
2 15 26 27 5
2 15 26 27 5
2 15 26 27 5
2 15 26 27 5
2 15 26 27 5
2 15 26 27 5
2 15 27 28 5
2 15 27 28 5
2 15 27 28 5
2 15 27 28 5
2 15 27 28 5
2 15 27 28 5
2 15 27 28 5
2 15 27 28 5
2 15 2 3 5
2 15 2 3 5
2 15 2 3 5
2 15 3 4 5
2 15 3 4 5
2 15 3 4 5
2 15 3 4 5
2 15 3 4 5
2 15 3 4 5
2 15 3 4 5
2 15 3 4 5
2 15 3 4 5
2 15 3 4 5
2 15 4 5 5
2 15 4 5 5
2 15 5 6 5
2 15 5 6 5
2 15 5 6 5
2 15 6 7 5
2 15 6 7 5
2 15 6 7 5
2 15 7 8 5
2 15 7 8 5
2 15 9 10 5
2 15 9 10 5
2 15 9 10 5
2 15 9 10 5
2 15 9 10 5
2 15 9 10 5
2 15 10 11 5
2 15 10 11 5
2 15 10 11 5
2 15 11 12 5
2 15 11 12 5
2 15 11 12 5
2 15 11 12 5
2 15 11 12 5
2 15 11 12 5
2 15 13 14 5
2 15 14 15 5
2 15 14 15 5
2 15 15 16 5
2 15 15 16 5
2 15 15 16 5
2 15 15 16 5
2 15 16 17 5
2 15 16 17 5
2 15 17 18 5
2 15 17 18 5
2 15 17 18 5
2 15 17 18 5
2 15 17 18 5
2 15 17 18 5
2 15 18 19 5
2 15 18 19 5
2 15 18 19 5
2 15 19 20 5
2 15 19 20 5
2 15 19 20 5
2 15 19 20 5
2 15 19 20 5
2 15 19 20 5
2 15 19 20 5
2 15 19 20 5
2 15 19 20 5
2 15 19 20 5
2 15 20 21 5
2 15 20 21 5
2 15 20 21 5
2 15 22 23 5
2 15 22 23 5
2 15 23 24 5
2 15 23 24 5
2 15 23 24 5
2 15 23 24 5
2 15 23 24 5
2 15 23 24 5
2 15 23 24 5
2 15 23 24 5
2 15 24 25 5
2 15 24 25 5
2 15 24 25 5
2 15 24 25 5
2 15 24 25 5
2 15 24 25 5
2 15 24 25 5
2 15 25 26 5
2 15 25 26 5
2 15 25 26 5
2 15 26 27 5
2 15 26 27 5
2 15 26 27 5
2 15 26 27 5
2 15 27 28 5
2 15 27 28 5
3 17 2 3 7
3 17 2 3 7
3 17 2 3 7
3 17 2 3 7
3 17 2 3 7
3 17 2 3 7
3 17 2 3 7
3 17 2 3 7
3 17 2 3 7
3 17 2 3 7
3 17 2 3 7
3 17 2 3 7
3 17 2 3 7
3 17 2 3 7
3 17 2 3 7
3 17 2 3 7
3 17 2 3 7
3 17 2 3 7
3 17 2 3 7
3 17 2 3 7
3 17 2 3 7
3 17 2 3 7
3 17 2 3 7
3 17 3 4 7
3 17 3 4 7
3 17 3 4 7
3 17 3 4 7
3 17 3 4 7
3 17 3 4 7
3 17 3 4 7
3 17 3 4 7
3 17 3 4 7
3 17 3 4 7
3 17 3 4 7
3 17 3 4 7
3 17 3 4 7
3 17 3 4 7
3 17 3 4 7
3 17 3 4 7
3 17 3 4 7
3 17 4 5 7
3 17 4 5 7
3 17 4 5 7
3 17 4 5 7
3 17 4 5 7
3 17 4 5 7
3 17 4 5 7
3 17 4 5 7
3 17 4 5 7
3 17 4 5 7
3 17 4 5 7
3 17 4 5 7
3 17 4 5 7
3 17 5 6 7
3 17 5 6 7
3 17 5 6 7
3 17 5 6 7
3 17 5 6 7
3 17 5 6 7
3 17 5 6 7
3 17 5 6 7
3 17 5 6 7
3 17 5 6 7
3 17 5 6 7
3 17 6 7 7
3 17 6 7 7
3 17 6 7 7
3 17 6 7 7
3 17 6 7 7
3 17 6 7 7
3 17 6 7 7
3 17 6 7 7
3 17 6 7 7
3 17 6 7 7
3 17 7 8 7
3 17 7 8 7
3 17 7 8 7
3 17 7 8 7
3 17 7 8 7
3 17 7 8 7
3 17 7 8 7
3 17 7 8 7
3 17 9 10 7
3 17 9 10 7
3 17 9 10 7
3 17 9 10 7
3 17 9 10 7
3 17 9 10 7
3 17 9 10 7
3 17 9 10 7
3 17 9 10 7
3 17 9 10 7
3 17 9 10 7
3 17 9 10 7
3 17 9 10 7
3 17 9 10 7
3 17 9 10 7
3 17 9 10 7
3 17 9 10 7
3 17 10 11 7
3 17 10 11 7
3 17 10 11 7
3 17 10 11 7
3 17 10 11 7
3 17 10 11 7
3 17 11 12 7
3 17 11 12 7
3 17 11 12 7
3 17 11 12 7
3 17 12 13 7
3 17 12 13 7
3 17 12 13 7
3 17 12 13 7
3 17 12 13 7
3 17 12 13 7
3 17 12 13 7
3 17 13 14 7
3 17 13 14 7
3 17 13 14 7
3 17 13 14 7
3 17 14 15 7
3 17 14 15 7
3 17 14 15 7
3 17 16 17 7
3 17 16 17 7
3 17 16 17 7
3 17 16 17 7
3 17 16 17 7
3 17 16 17 7
3 17 16 17 7
3 17 17 18 7
3 17 18 19 7
3 17 19 20 7
3 17 19 20 7
3 17 19 20 7
3 17 20 21 7
3 17 20 21 7
3 17 20 21 7
3 17 21 22 7
3 17 4 5 7
3 17 4 5 7
3 17 4 5 7
3 17 4 5 7
3 17 4 5 7
3 17 4 5 7
3 17 4 5 7
3 17 4 5 7
3 17 4 5 7
3 17 4 5 7
3 17 4 5 7
3 17 4 5 7
3 17 4 5 7
3 17 4 5 7
3 17 4 5 7
3 17 4 5 7
3 17 4 5 7
3 17 4 5 7
3 17 4 5 7
3 17 4 5 7
3 17 4 5 7
3 17 4 5 7
3 17 4 5 7
3 17 5 6 7
3 17 5 6 7
3 17 5 6 7
3 17 5 6 7
3 17 5 6 7
3 17 5 6 7
3 17 5 6 7
3 17 5 6 7
3 17 5 6 7
3 17 5 6 7
3 17 6 7 7
3 17 6 7 7
3 17 6 7 7
3 17 6 7 7
3 17 6 7 7
3 17 6 7 7
3 17 6 7 7
3 17 6 7 7
3 17 6 7 7
3 17 6 7 7
3 17 6 7 7
3 17 6 7 7
3 17 6 7 7
3 17 6 7 7
3 17 7 8 7
3 17 7 8 7
3 17 7 8 7
3 17 9 10 7
3 17 9 10 7
3 17 9 10 7
3 17 9 10 7
3 17 9 10 7
3 17 9 10 7
3 17 9 10 7
3 17 9 10 7
3 17 9 10 7
3 17 9 10 7
3 17 9 10 7
3 17 9 10 7
3 17 9 10 7
3 17 9 10 7
3 17 9 10 7
3 17 9 10 7
3 17 9 10 7
3 17 9 10 7
3 17 9 10 7
3 17 9 10 7
3 17 11 12 7
3 17 11 12 7
3 17 11 12 7
3 17 11 12 7
3 17 12 13 7
3 17 12 13 7
3 17 12 13 7
3 17 12 13 7
3 17 12 13 7
3 17 12 13 7
3 17 12 13 7
3 17 12 13 7
3 17 12 13 7
3 17 13 14 7
3 17 13 14 7
3 17 13 14 7
3 17 13 14 7
3 17 13 14 7
3 17 13 14 7
3 17 14 15 7
3 17 16 17 7
3 17 16 17 7
3 17 16 17 7
3 17 16 17 7
3 17 16 17 7
3 17 16 17 7
3 17 16 17 7
3 17 16 17 7
3 17 16 17 7
3 17 16 17 7
3 17 16 17 7
3 17 16 17 7
3 17 16 17 7
3 17 16 17 7
3 17 16 17 7
3 17 16 17 7
3 17 16 17 7
3 17 17 18 7
3 17 17 18 7
3 17 17 18 7
3 17 17 18 7
3 17 17 18 7
3 17 17 18 7
3 17 18 19 7
3 17 18 19 7
3 17 18 19 7
3 17 18 19 7
3 17 19 20 7
3 17 19 20 7
3 17 19 20 7
3 17 19 20 7
3 17 19 20 7
3 17 19 20 7
3 17 19 20 7
3 17 2 3 7
3 17 2 3 7
3 17 2 3 7
3 17 2 3 7
3 17 2 3 7
3 17 2 3 7
3 17 2 3 7
3 17 2 3 7
3 17 2 3 7
3 17 2 3 7
3 17 2 3 7
3 17 2 3 7
3 17 2 3 7
3 17 2 3 7
3 17 2 3 7
3 17 2 3 7
3 17 2 3 7
3 17 2 3 7
3 17 2 3 7
3 17 2 3 7
3 17 3 4 7
3 17 3 4 7
3 17 3 4 7
3 17 3 4 7
3 17 3 4 7
3 17 3 4 7
3 17 3 4 7
3 17 3 4 7
3 17 3 4 7
3 17 3 4 7
3 17 4 5 7
3 17 4 5 7
3 17 4 5 7
3 17 4 5 7
3 17 4 5 7
3 17 4 5 7
3 17 5 6 7
3 17 5 6 7
3 17 5 6 7
3 17 5 6 7
3 17 5 6 7
3 17 5 6 7
3 17 5 6 7
3 17 5 6 7
3 17 5 6 7
3 17 5 6 7
3 17 5 6 7
3 17 5 6 7
3 17 5 6 7
3 17 5 6 7
3 17 5 6 7
3 17 5 6 7
3 17 5 6 7
3 17 5 6 7
3 17 6 7 7
3 17 6 7 7
3 17 6 7 7
3 17 6 7 7
3 17 6 7 7
3 17 6 7 7
3 17 6 7 7
3 17 6 7 7
3 17 6 7 7
3 17 6 7 7
3 17 6 7 7
3 17 6 7 7
3 17 6 7 7
3 17 6 7 7
3 17 6 7 7
3 17 6 7 7
3 17 7 8 7
3 17 7 8 7
3 17 7 8 7
3 17 7 8 7
3 17 7 8 7
3 17 7 8 7
3 17 7 8 7
3 17 7 8 7
3 17 7 8 7
3 17 7 8 7
3 17 7 8 7
3 17 7 8 7
3 17 7 8 7
3 17 7 8 7
3 17 7 8 7
3 17 7 8 7
3 17 9 10 7
3 17 9 10 7
3 17 9 10 7
3 17 9 10 7
3 17 9 10 7
3 17 9 10 7
3 17 9 10 7
3 17 9 10 7
3 17 9 10 7
3 17 9 10 7
3 17 9 10 7
3 17 9 10 7
3 17 9 10 7
3 17 9 10 7
3 17 9 10 7
3 17 9 10 7
3 17 9 10 7
3 17 9 10 7
3 17 9 10 7
3 17 9 10 7
3 17 10 11 7
3 17 10 11 7
3 17 10 11 7
3 17 10 11 7
3 17 10 11 7
3 17 10 11 7
3 17 10 11 7
3 17 10 11 7
3 17 11 12 7
3 17 11 12 7
3 17 11 12 7
3 17 11 12 7
3 17 11 12 7
3 17 11 12 7
3 17 11 12 7
3 17 12 13 7
3 17 12 13 7
3 17 12 13 7
3 17 12 13 7
3 17 12 13 7
3 17 13 14 7
3 17 13 14 7
3 17 13 14 7
3 17 13 14 7
3 17 14 15 7
3 17 14 15 7
3 17 14 15 7
3 17 14 15 7
3 17 16 17 7
3 17 16 17 7
3 17 16 17 7
3 17 16 17 7
3 17 16 17 7
3 17 16 17 7
3 17 16 17 7
3 17 16 17 7
3 17 16 17 7
3 17 16 17 7
3 17 16 17 7
3 17 16 17 7
3 17 17 18 7
3 17 17 18 7
3 17 17 18 7
3 17 17 18 7
3 17 17 18 7
3 17 17 18 7
3 17 18 19 7
3 17 18 19 7
3 17 18 19 7
3 17 18 19 7
3 17 18 19 7
3 17 19 20 7
3 17 19 20 7
3 17 19 20 7
3 17 19 20 7
3 17 19 20 7
3 17 19 20 7
3 17 20 21 7
3 17 20 21 7
3 17 20 21 7
3 17 20 21 7
3 17 20 21 7
3 17 21 22 7
3 17 21 22 7
3 17 4 5 7
3 17 4 5 7
3 17 4 5 7
3 17 4 5 7
3 17 4 5 7
3 17 4 5 7
3 17 4 5 7
3 17 4 5 7
3 17 4 5 7
3 17 4 5 7
3 17 5 6 7
3 17 5 6 7
3 17 5 6 7
3 17 5 6 7
3 17 6 7 7
3 17 6 7 7
3 17 6 7 7
3 17 7 8 7
3 17 7 8 7
3 17 7 8 7
3 17 7 8 7
3 17 8 9 7
3 17 8 9 7
3 17 8 9 7
3 17 8 9 7
3 17 8 9 7
3 17 8 9 7
3 17 8 9 7
3 17 9 10 7
3 17 9 10 7
3 17 9 10 7
3 17 9 10 7
3 17 9 10 7
3 17 9 10 7
3 17 9 10 7
3 17 9 10 7
3 17 12 13 7
3 17 12 13 7
3 17 12 13 7
3 17 12 13 7
3 17 12 13 7
3 17 12 13 7
3 17 12 13 7
3 17 12 13 7
3 17 12 13 7
3 17 12 13 7
3 17 12 13 7
3 17 13 14 7
3 17 13 14 7
3 17 13 14 7
3 17 13 14 7
3 17 13 14 7
3 17 13 14 7
3 17 13 14 7
3 17 13 14 7
3 17 13 14 7
3 17 13 14 7
3 17 14 15 7
3 17 14 15 7
3 17 14 15 7
3 17 14 15 7
3 17 14 15 7
3 17 14 15 7
3 17 14 15 7
3 17 14 15 7
3 17 16 17 7
3 17 16 17 7
3 17 16 17 7
3 17 16 17 7
3 17 16 17 7
3 17 16 17 7
3 17 16 17 7
3 17 16 17 7
3 17 16 17 7
3 17 16 17 7
3 17 16 17 7
3 17 16 17 7
3 17 16 17 7
3 17 16 17 7
3 17 16 17 7
3 17 16 17 7
3 17 16 17 7
3 17 17 18 7
3 17 17 18 7
3 17 17 18 7
3 17 17 18 7
3 17 17 18 7
3 17 17 18 7
3 17 18 19 7
3 17 18 19 7
3 17 18 19 7
3 17 18 19 7
3 17 19 20 7
3 17 19 20 7
3 17 19 20 7
3 17 19 20 7
3 17 19 20 7
3 17 19 20 7
3 17 19 20 7
3 17 20 21 7
3 17 20 21 7
3 17 20 21 7
3 17 20 21 7
3 17 21 22 7
3 17 21 22 7
3 17 21 22 7
3 17 21 22 7
3 17 21 22 7
3 17 21 22 7
3 17 4 5 7
3 17 4 5 7
3 17 4 5 7
3 17 4 5 7
3 17 4 5 7
3 17 4 5 7
3 17 4 5 7
3 17 4 5 7
3 17 4 5 7
3 17 4 5 7
3 17 5 6 7
3 17 5 6 7
3 17 5 6 7
3 17 5 6 7
3 17 5 6 7
3 17 5 6 7
3 17 5 6 7
3 17 5 6 7
3 17 5 6 7
3 17 5 6 7
3 17 6 7 7
3 17 6 7 7
3 17 7 8 7
3 17 7 8 7
3 17 7 8 7
3 17 8 9 7
3 17 8 9 7
3 17 8 9 7
3 17 9 10 7
3 17 9 10 7
3 17 11 12 7
3 17 11 12 7
3 17 11 12 7
3 17 11 12 7
3 17 11 12 7
3 17 11 12 7
3 17 12 13 7
3 17 12 13 7
3 17 12 13 7
3 17 12 13 7
3 17 13 14 7
3 17 13 14 7
3 17 13 14 7
3 17 13 14 7
3 17 13 14 7
3 17 13 14 7
3 17 13 14 7
3 17 14 15 7
3 17 14 15 7
3 17 14 15 7
3 17 14 15 7
3 17 16 17 7
3 17 16 17 7
3 17 16 17 7
3 17 16 17 7
3 17 16 17 7
3 17 16 17 7
3 17 16 17 7
3 17 16 17 7
3 17 16 17 7
3 17 16 17 7
3 17 16 17 7
3 17 16 17 7
3 17 17 18 7
3 17 17 18 7
3 17 17 18 7
3 17 17 18 7
3 17 17 18 7
3 17 17 18 7
3 17 18 19 7
3 17 18 19 7
3 17 18 19 7
3 17 18 19 7
3 17 18 19 7
3 17 19 20 7
3 17 19 20 7
3 17 19 20 7
3 17 19 20 7
3 17 19 20 7
3 17 19 20 7
3 17 20 21 7
3 17 20 21 7
3 17 20 21 7
3 17 20 21 7
3 17 20 21 7
3 17 20 21 7
3 17 20 21 7
3 17 20 21 7
3 17 20 21 7
3 17 20 21 7
3 17 4 5 7
3 17 4 5 7
3 17 4 5 7
3 17 4 5 7
3 17 4 5 7
3 17 4 5 7
3 17 4 5 7
3 17 4 5 7
3 17 4 5 7
3 17 4 5 7
3 17 4 5 7
3 17 4 5 7
3 17 4 5 7
3 17 4 5 7
3 17 4 5 7
3 17 4 5 7
3 17 4 5 7
3 17 4 5 7
3 17 4 5 7
3 17 4 5 7
3 17 4 5 7
3 17 4 5 7
3 17 4 5 7
3 17 4 5 7
3 17 5 6 7
3 17 5 6 7
3 17 5 6 7
3 17 5 6 7
3 17 5 6 7
3 17 5 6 7
3 17 5 6 7
3 17 5 6 7
3 17 6 7 7
3 17 6 7 7
3 17 6 7 7
3 17 6 7 7
3 17 6 7 7
3 17 6 7 7
3 17 6 7 7
3 17 6 7 7
3 17 6 7 7
3 17 6 7 7
3 17 6 7 7
3 17 6 7 7
3 17 7 8 7
3 17 7 8 7
3 17 7 8 7
3 17 7 8 7
3 17 7 8 7
3 17 7 8 7
3 17 8 9 7
3 17 8 9 7
3 17 8 9 7
3 17 8 9 7
3 17 8 9 7
3 17 8 9 7
3 17 8 9 7
3 17 8 9 7
3 17 8 9 7
3 17 8 9 7
3 17 8 9 7
3 17 8 9 7
3 17 8 9 7
3 17 11 12 7
3 17 11 12 7
3 17 11 12 7
3 17 11 12 7
3 17 11 12 7
3 17 11 12 7
3 17 12 13 7
3 17 13 14 7
3 17 13 14 7
3 17 13 14 7
3 17 13 14 7
3 17 13 14 7
3 17 13 14 7
3 17 13 14 7
3 17 14 15 7
3 17 14 15 7
3 17 14 15 7
3 17 14 15 7
3 17 14 15 7
3 17 14 15 7
3 17 14 15 7
3 17 15 16 7
3 17 15 16 7
3 17 15 16 7
3 17 15 16 7
3 17 15 16 7
3 17 16 17 7
3 17 16 17 7
3 17 16 17 7
3 17 17 18 7
3 17 17 18 7
3 17 17 18 7
3 17 17 18 7
3 17 18 19 7
3 17 18 19 7
3 17 18 19 7
3 17 18 19 7
3 17 18 19 7
3 17 18 19 7
3 17 18 19 7
3 17 19 20 7
3 17 19 20 7
3 17 19 20 7
3 17 19 20 7
3 17 19 20 7
3 17 19 20 7
3 17 19 20 7
3 17 19 20 7
4 20 2 3 7
4 20 2 3 7
4 20 2 3 7
4 20 2 3 7
4 20 2 3 7
4 20 2 3 7
4 20 2 3 7
4 20 2 3 7
4 20 2 3 7
4 20 2 3 7
4 20 2 3 7
4 20 2 3 7
4 20 2 3 7
4 20 2 3 7
4 20 2 3 7
4 20 3 4 7
4 20 3 4 7
4 20 3 4 7
4 20 3 4 7
4 20 3 4 7
4 20 3 4 7
4 20 3 4 7
4 20 3 4 7
4 20 3 4 7
4 20 3 4 7
4 20 3 4 7
4 20 3 4 7
4 20 3 4 7
4 20 3 4 7
4 20 3 4 7
4 20 3 4 7
4 20 4 5 7
4 20 4 5 7
4 20 4 5 7
4 20 4 5 7
4 20 4 5 7
4 20 4 5 7
4 20 4 5 7
4 20 4 5 7
4 20 4 5 7
4 20 4 5 7
4 20 5 6 7
4 20 5 6 7
4 20 5 6 7
4 20 5 6 7
4 20 5 6 7
4 20 5 6 7
4 20 5 6 7
4 20 5 6 7
4 20 5 6 7
4 20 5 6 7
4 20 5 6 7
4 20 6 7 7
4 20 6 7 7
4 20 6 7 7
4 20 6 7 7
4 20 6 7 7
4 20 6 7 7
4 20 6 7 7
4 20 6 7 7
4 20 6 7 7
4 20 6 7 7
4 20 6 7 7
4 20 6 7 7
4 20 6 7 7
4 20 6 7 7
4 20 7 8 7
4 20 7 8 7
4 20 7 8 7
4 20 7 8 7
4 20 7 8 7
4 20 7 8 7
4 20 7 8 7
4 20 9 10 7
4 20 9 10 7
4 20 9 10 7
4 20 9 10 7
4 20 10 11 7
4 20 10 11 7
4 20 10 11 7
4 20 10 11 7
4 20 10 11 7
4 20 10 11 7
4 20 10 11 7
4 20 10 11 7
4 20 10 11 7
4 20 11 12 7
4 20 11 12 7
4 20 11 12 7
4 20 11 12 7
4 20 11 12 7
4 20 11 12 7
4 20 12 13 7
4 20 12 13 7
4 20 12 13 7
4 20 13 14 7
4 20 13 14 7
4 20 13 14 7
4 20 13 14 7
4 20 13 14 7
4 20 13 14 7
4 20 14 15 7
4 20 14 15 7
4 20 16 17 7
4 20 16 17 7
4 20 16 17 7
4 20 16 17 7
4 20 16 17 7
4 20 16 17 7
4 20 16 17 7
4 20 16 17 7
4 20 16 17 7
4 20 17 18 7
4 20 17 18 7
4 20 17 18 7
4 20 17 18 7
4 20 17 18 7
4 20 17 18 7
4 20 18 19 7
4 20 18 19 7
4 20 18 19 7
4 20 18 19 7
4 20 19 20 7
4 20 19 20 7
4 20 19 20 7
4 20 20 21 7
4 20 21 22 7
4 20 21 22 7
4 20 2 3 7
4 20 2 3 7
4 20 2 3 7
4 20 2 3 7
4 20 2 3 7
4 20 3 4 7
4 20 3 4 7
4 20 3 4 7
4 20 3 4 7
4 20 3 4 7
4 20 3 4 7
4 20 3 4 7
4 20 4 5 7
4 20 4 5 7
4 20 4 5 7
4 20 4 5 7
4 20 4 5 7
4 20 4 5 7
4 20 4 5 7
4 20 4 5 7
4 20 5 6 7
4 20 5 6 7
4 20 5 6 7
4 20 6 7 7
4 20 6 7 7
4 20 6 7 7
4 20 6 7 7
4 20 6 7 7
4 20 6 7 7
4 20 7 8 7
4 20 7 8 7
4 20 7 8 7
4 20 9 10 7
4 20 9 10 7
4 20 9 10 7
4 20 9 10 7
4 20 10 11 7
4 20 10 11 7
4 20 10 11 7
4 20 10 11 7
4 20 10 11 7
4 20 10 11 7
4 20 10 11 7
4 20 10 11 7
4 20 10 11 7
4 20 10 11 7
4 20 10 11 7
4 20 10 11 7
4 20 10 11 7
4 20 10 11 7
4 20 10 11 7
4 20 10 11 7
4 20 10 11 7
4 20 10 11 7
4 20 10 11 7
4 20 10 11 7
4 20 10 11 7
4 20 10 11 7
4 20 10 11 7
4 20 10 11 7
4 20 10 11 7
4 20 10 11 7
4 20 10 11 7
4 20 11 12 7
4 20 11 12 7
4 20 11 12 7
4 20 11 12 7
4 20 11 12 7
4 20 11 12 7
4 20 11 12 7
4 20 11 12 7
4 20 11 12 7
4 20 12 13 7
4 20 12 13 7
4 20 12 13 7
4 20 12 13 7
4 20 12 13 7
4 20 13 14 7
4 20 13 14 7
4 20 13 14 7
4 20 13 14 7
4 20 13 14 7
4 20 13 14 7
4 20 13 14 7
4 20 13 14 7
4 20 14 15 7
4 20 14 15 7
4 20 14 15 7
4 20 14 15 7
4 20 14 15 7
4 20 14 15 7
4 20 14 15 7
4 20 14 15 7
4 20 14 15 7
4 20 14 15 7
4 20 17 18 7
4 20 17 18 7
4 20 18 19 7
4 20 2 3 7
4 20 2 3 7
4 20 3 4 7
4 20 3 4 7
4 20 3 4 7
4 20 3 4 7
4 20 3 4 7
4 20 3 4 7
4 20 3 4 7
4 20 3 4 7
4 20 4 5 7
4 20 4 5 7
4 20 4 5 7
4 20 4 5 7
4 20 4 5 7
4 20 4 5 7
4 20 5 6 7
4 20 5 6 7
4 20 5 6 7
4 20 5 6 7
4 20 6 7 7
4 20 6 7 7
4 20 6 7 7
4 20 6 7 7
4 20 6 7 7
4 20 6 7 7
4 20 7 8 7
4 20 7 8 7
4 20 7 8 7
4 20 7 8 7
4 20 7 8 7
4 20 9 10 7
4 20 9 10 7
4 20 9 10 7
4 20 9 10 7
4 20 10 11 7
4 20 10 11 7
4 20 10 11 7
4 20 10 11 7
4 20 10 11 7
4 20 10 11 7
4 20 10 11 7
4 20 10 11 7
4 20 10 11 7
4 20 10 11 7
4 20 10 11 7
4 20 11 12 7
4 20 11 12 7
4 20 11 12 7
4 20 11 12 7
4 20 11 12 7
4 20 11 12 7
4 20 11 12 7
4 20 11 12 7
4 20 12 13 7
4 20 12 13 7
4 20 12 13 7
4 20 12 13 7
4 20 12 13 7
4 20 12 13 7
4 20 12 13 7
4 20 12 13 7
4 20 12 13 7
4 20 12 13 7
4 20 12 13 7
4 20 12 13 7
4 20 12 13 7
4 20 12 13 7
4 20 12 13 7
4 20 13 14 7
4 20 13 14 7
4 20 14 15 7
4 20 14 15 7
4 20 14 15 7
4 20 14 15 7
4 20 14 15 7
4 20 14 15 7
4 20 14 15 7
4 20 14 15 7
4 20 14 15 7
4 20 14 15 7
4 20 14 15 7
4 20 16 17 7
4 20 16 17 7
4 20 16 17 7
4 20 17 18 7
4 20 17 18 7
4 20 17 18 7
4 20 17 18 7
4 20 17 18 7
4 20 17 18 7
4 20 17 18 7
4 20 17 18 7
4 20 17 18 7
4 20 17 18 7
4 20 17 18 7
4 20 17 18 7
4 20 1 2 7
4 20 1 2 7
4 20 1 2 7
4 20 1 2 7
4 20 1 2 7
4 20 1 2 7
4 20 1 2 7
4 20 1 2 7
4 20 1 2 7
4 20 1 2 7
4 20 1 2 7
4 20 1 2 7
4 20 1 2 7
4 20 1 2 7
4 20 1 2 7
4 20 1 2 7
4 20 1 2 7
4 20 1 2 7
4 20 1 2 7
4 20 1 2 7
4 20 1 2 7
4 20 1 2 7
4 20 1 2 7
4 20 1 2 7
4 20 2 3 7
4 20 2 3 7
4 20 2 3 7
4 20 2 3 7
4 20 2 3 7
4 20 2 3 7
4 20 2 3 7
4 20 2 3 7
4 20 2 3 7
4 20 2 3 7
4 20 2 3 7
4 20 2 3 7
4 20 2 3 7
4 20 3 4 7
4 20 3 4 7
4 20 3 4 7
4 20 3 4 7
4 20 3 4 7
4 20 3 4 7
4 20 3 4 7
4 20 3 4 7
4 20 3 4 7
4 20 3 4 7
4 20 3 4 7
4 20 3 4 7
4 20 3 4 7
4 20 3 4 7
4 20 3 4 7
4 20 5 6 7
4 20 5 6 7
4 20 5 6 7
4 20 5 6 7
4 20 5 6 7
4 20 5 6 7
4 20 5 6 7
4 20 5 6 7
4 20 5 6 7
4 20 5 6 7
4 20 5 6 7
4 20 5 6 7
4 20 5 6 7
4 20 5 6 7
4 20 5 6 7
4 20 5 6 7
4 20 5 6 7
4 20 5 6 7
4 20 5 6 7
4 20 5 6 7
4 20 5 6 7
4 20 5 6 7
4 20 5 6 7
4 20 5 6 7
4 20 5 6 7
4 20 5 6 7
4 20 5 6 7
4 20 5 6 7
4 20 5 6 7
4 20 5 6 7
4 20 5 6 7
4 20 5 6 7
4 20 5 6 7
4 20 5 6 7
4 20 5 6 7
4 20 5 6 7
4 20 6 7 7
4 20 6 7 7
4 20 6 7 7
4 20 6 7 7
4 20 6 7 7
4 20 6 7 7
4 20 6 7 7
4 20 6 7 7
4 20 6 7 7
4 20 6 7 7
4 20 6 7 7
4 20 6 7 7
4 20 6 7 7
4 20 6 7 7
4 20 6 7 7
4 20 6 7 7
4 20 6 7 7
4 20 6 7 7
4 20 6 7 7
4 20 6 7 7
4 20 7 8 7
4 20 7 8 7
4 20 7 8 7
4 20 7 8 7
4 20 7 8 7
4 20 7 8 7
4 20 7 8 7
4 20 7 8 7
4 20 7 8 7
4 20 9 10 7
4 20 9 10 7
4 20 9 10 7
4 20 9 10 7
4 20 11 12 7
4 20 11 12 7
4 20 11 12 7
4 20 11 12 7
4 20 11 12 7
4 20 11 12 7
4 20 11 12 7
4 20 11 12 7
4 20 11 12 7
4 20 11 12 7
4 20 11 12 7
4 20 11 12 7
4 20 11 12 7
4 20 11 12 7
4 20 11 12 7
4 20 11 12 7
4 20 11 12 7
4 20 11 12 7
4 20 11 12 7
4 20 11 12 7
4 20 12 13 7
4 20 12 13 7
4 20 12 13 7
4 20 12 13 7
4 20 12 13 7
4 20 12 13 7
4 20 12 13 7
4 20 13 14 7
4 20 1 2 7
4 20 1 2 7
4 20 1 2 7
4 20 1 2 7
4 20 1 2 7
4 20 1 2 7
4 20 1 2 7
4 20 1 2 7
4 20 1 2 7
4 20 1 2 7
4 20 1 2 7
4 20 1 2 7
4 20 1 2 7
4 20 1 2 7
4 20 1 2 7
4 20 1 2 7
4 20 1 2 7
4 20 1 2 7
4 20 1 2 7
4 20 1 2 7
4 20 1 2 7
4 20 1 2 7
4 20 1 2 7
4 20 1 2 7
4 20 1 2 7
4 20 1 2 7
4 20 1 2 7
4 20 2 3 7
4 20 2 3 7
4 20 2 3 7
4 20 2 3 7
4 20 2 3 7
4 20 2 3 7
4 20 2 3 7
4 20 2 3 7
4 20 2 3 7
4 20 3 4 7
4 20 3 4 7
4 20 3 4 7
4 20 3 4 7
4 20 3 4 7
4 20 5 6 7
4 20 5 6 7
4 20 5 6 7
4 20 5 6 7
4 20 5 6 7
4 20 5 6 7
4 20 5 6 7
4 20 5 6 7
4 20 5 6 7
4 20 5 6 7
4 20 5 6 7
4 20 5 6 7
4 20 5 6 7
4 20 5 6 7
4 20 5 6 7
4 20 5 6 7
4 20 5 6 7
4 20 6 7 7
4 20 6 7 7
4 20 6 7 7
4 20 6 7 7
4 20 6 7 7
4 20 6 7 7
4 20 6 7 7
4 20 6 7 7
4 20 6 7 7
4 20 6 7 7
4 20 6 7 7
4 20 6 7 7
4 20 7 8 7
4 20 7 8 7
4 20 7 8 7
4 20 9 10 7
4 20 9 10 7
4 20 9 10 7
4 20 9 10 7
4 20 9 10 7
4 20 9 10 7
4 20 9 10 7
4 20 9 10 7
4 20 11 12 7
4 20 11 12 7
4 20 11 12 7
4 20 11 12 7
4 20 11 12 7
4 20 11 12 7
4 20 11 12 7
4 20 11 12 7
4 20 12 13 7
4 20 12 13 7
4 20 13 14 7
4 20 13 14 7
4 20 13 14 7
4 20 13 14 7
4 20 13 14 7
4 20 13 14 7
4 20 13 14 7
4 20 13 14 7
4 20 14 15 7
4 20 14 15 7
4 20 14 15 7
4 20 14 15 7
4 20 14 15 7
4 20 14 15 7
4 20 15 16 7
4 20 15 16 7
4 20 15 16 7
4 20 15 16 7
4 20 16 17 7
4 20 1 2 7
4 20 1 2 7
4 20 1 2 7
4 20 1 2 7
4 20 1 2 7
4 20 1 2 7
4 20 1 2 7
4 20 1 2 7
4 20 1 2 7
4 20 1 2 7
4 20 1 2 7
4 20 2 3 7
4 20 2 3 7
4 20 2 3 7
4 20 2 3 7
4 20 2 3 7
4 20 2 3 7
4 20 2 3 7
4 20 2 3 7
4 20 2 3 7
4 20 2 3 7
4 20 2 3 7
4 20 2 3 7
4 20 2 3 7
4 20 3 4 7
4 20 3 4 7
4 20 3 4 7
4 20 3 4 7
4 20 3 4 7
4 20 3 4 7
4 20 3 4 7
4 20 3 4 7
4 20 3 4 7
4 20 3 4 7
4 20 3 4 7
4 20 3 4 7
4 20 3 4 7
4 20 3 4 7
4 20 3 4 7
4 20 3 4 7
4 20 3 4 7
4 20 3 4 7
4 20 3 4 7
4 20 3 4 7
4 20 3 4 7
4 20 3 4 7
4 20 3 4 7
4 20 3 4 7
4 20 3 4 7
4 20 3 4 7
4 20 3 4 7
4 20 3 4 7
4 20 3 4 7
4 20 3 4 7
4 20 3 4 7
4 20 3 4 7
4 20 3 4 7
4 20 3 4 7
4 20 3 4 7
4 20 3 4 7
4 20 3 4 7
4 20 3 4 7
4 20 3 4 7
4 20 3 4 7
4 20 3 4 7
4 20 5 6 7
4 20 5 6 7
4 20 5 6 7
4 20 5 6 7
4 20 5 6 7
4 20 5 6 7
4 20 5 6 7
4 20 5 6 7
4 20 5 6 7
4 20 5 6 7
4 20 5 6 7
4 20 5 6 7
4 20 5 6 7
4 20 5 6 7
4 20 5 6 7
4 20 5 6 7
4 20 5 6 7
4 20 5 6 7
4 20 5 6 7
4 20 6 7 7
4 20 6 7 7
4 20 6 7 7
4 20 6 7 7
4 20 6 7 7
4 20 6 7 7
4 20 7 8 7
4 20 7 8 7
4 20 9 10 7
4 20 9 10 7
4 20 9 10 7
4 20 9 10 7
4 20 9 10 7
4 20 9 10 7
4 20 9 10 7
4 20 9 10 7
4 20 9 10 7
4 20 9 10 7
4 20 9 10 7
4 20 9 10 7
4 20 9 10 7
4 20 9 10 7
4 20 9 10 7
4 20 9 10 7
4 20 9 10 7
4 20 9 10 7
4 20 9 10 7
4 20 9 10 7
4 20 9 10 7
4 20 9 10 7
4 20 9 10 7
4 20 9 10 7
4 20 9 10 7
4 20 9 10 7
4 20 9 10 7
4 20 11 12 7
4 20 11 12 7
4 20 11 12 7
4 20 11 12 7
4 20 12 13 7
4 20 12 13 7
4 20 12 13 7
4 20 12 13 7
4 20 12 13 7
4 20 12 13 7
4 20 12 13 7
4 20 12 13 7
4 20 12 13 7
4 20 12 13 7
4 20 12 13 7
4 20 12 13 7
4 20 12 13 7
4 20 12 13 7
4 20 12 13 7
4 20 12 13 7
4 20 13 14 7
4 20 13 14 7
4 20 14 15 7
4 20 14 15 7
4 20 15 16 7
4 20 15 16 7
4 20 15 16 7
4 20 15 16 7
4 20 19 20 7
4 20 19 20 7
4 20 19 20 7
4 20 19 20 7
4 20 19 20 7
4 20 19 20 7
4 20 19 20 7
4 20 20 21 7
4 20 20 21 7
4 20 20 21 7
4 20 20 21 7
4 20 20 21 7
4 20 20 21 7
4 20 20 21 7
4 20 22 23 7
4 20 1 2 7
4 20 1 2 7
4 20 1 2 7
4 20 1 2 7
4 20 1 2 7
4 20 1 2 7
4 20 1 2 7
4 20 1 2 7
4 20 1 2 7
4 20 1 2 7
4 20 1 2 7
4 20 1 2 7
4 20 1 2 7
4 20 1 2 7
4 20 1 2 7
4 20 1 2 7
4 20 1 2 7
4 20 1 2 7
4 20 1 2 7
4 20 2 3 7
4 20 2 3 7
4 20 2 3 7
4 20 2 3 7
4 20 2 3 7
4 20 2 3 7
4 20 2 3 7
4 20 2 3 7
4 20 2 3 7
4 20 2 3 7
4 20 2 3 7
4 20 2 3 7
4 20 2 3 7
4 20 2 3 7
4 20 2 3 7
4 20 2 3 7
4 20 2 3 7
4 20 2 3 7
4 20 2 3 7
4 20 2 3 7
4 20 2 3 7
4 20 2 3 7
4 20 2 3 7
4 20 2 3 7
4 20 2 3 7
4 20 2 3 7
4 20 2 3 7
4 20 2 3 7
4 20 2 3 7
4 20 2 3 7
4 20 3 4 7
4 20 3 4 7
4 20 3 4 7
4 20 3 4 7
4 20 3 4 7
4 20 3 4 7
4 20 3 4 7
4 20 3 4 7
4 20 3 4 7
4 20 3 4 7
4 20 3 4 7
4 20 3 4 7
4 20 3 4 7
4 20 3 4 7
4 20 5 6 7
4 20 5 6 7
4 20 5 6 7
4 20 5 6 7
4 20 5 6 7
4 20 5 6 7
4 20 5 6 7
4 20 5 6 7
4 20 5 6 7
4 20 5 6 7
4 20 5 6 7
4 20 5 6 7
4 20 5 6 7
4 20 5 6 7
4 20 5 6 7
4 20 5 6 7
4 20 5 6 7
4 20 5 6 7
4 20 5 6 7
4 20 5 6 7
4 20 5 6 7
4 20 5 6 7
4 20 5 6 7
4 20 5 6 7
4 20 5 6 7
4 20 5 6 7
4 20 5 6 7
4 20 5 6 7
4 20 5 6 7
4 20 5 6 7
4 20 5 6 7
4 20 5 6 7
4 20 5 6 7
4 20 5 6 7
4 20 5 6 7
4 20 5 6 7
4 20 5 6 7
4 20 5 6 7
4 20 5 6 7
4 20 5 6 7
4 20 6 7 7
4 20 6 7 7
4 20 6 7 7
4 20 6 7 7
4 20 6 7 7
4 20 6 7 7
4 20 6 7 7
4 20 6 7 7
4 20 6 7 7
4 20 6 7 7
4 20 6 7 7
4 20 6 7 7
4 20 6 7 7
4 20 6 7 7
4 20 7 8 7
4 20 7 8 7
4 20 7 8 7
4 20 7 8 7
4 20 7 8 7
4 20 7 8 7
4 20 7 8 7
4 20 7 8 7
4 20 7 8 7
4 20 9 10 7
4 20 9 10 7
4 20 9 10 7
4 20 9 10 7
4 20 9 10 7
4 20 9 10 7
4 20 9 10 7
4 20 9 10 7
4 20 9 10 7
4 20 9 10 7
4 20 9 10 7
4 20 9 10 7
4 20 9 10 7
4 20 9 10 7
4 20 9 10 7
4 20 9 10 7
4 20 9 10 7
4 20 9 10 7
4 20 9 10 7
4 20 9 10 7
4 20 9 10 7
4 20 9 10 7
4 20 9 10 7
4 20 9 10 7
4 20 9 10 7
4 20 12 13 7
4 20 12 13 7
4 20 12 13 7
4 20 12 13 7
5 24 5 6 8
5 24 5 6 8
5 24 5 6 8
5 24 5 6 8
5 24 6 7 8
5 24 6 7 8
5 24 6 7 8
5 24 6 7 8
5 24 6 7 8
5 24 6 7 8
5 24 7 8 8
5 24 7 8 8
5 24 7 8 8
5 24 7 8 8
5 24 7 8 8
5 24 7 8 8
5 24 10 11 8
5 24 10 11 8
5 24 10 11 8
5 24 10 11 8
5 24 10 11 8
5 24 11 12 8
5 24 11 12 8
5 24 11 12 8
5 24 11 12 8
5 24 12 13 8
5 24 12 13 8
5 24 14 15 8
5 24 14 15 8
5 24 14 15 8
5 24 14 15 8
5 24 14 15 8
5 24 14 15 8
5 24 14 15 8
5 24 14 15 8
5 24 14 15 8
5 24 16 17 8
5 24 16 17 8
5 24 16 17 8
5 24 16 17 8
5 24 16 17 8
5 24 16 17 8
5 24 17 18 8
5 24 19 20 8
5 24 19 20 8
5 24 19 20 8
5 24 19 20 8
5 24 19 20 8
5 24 19 20 8
5 24 2 3 8
5 24 2 3 8
5 24 3 4 8
5 24 3 4 8
5 24 3 4 8
5 24 4 5 8
5 24 4 5 8
5 24 5 6 8
5 24 5 6 8
5 24 5 6 8
5 24 5 6 8
5 24 5 6 8
5 24 6 7 8
5 24 6 7 8
5 24 6 7 8
5 24 7 8 8
5 24 7 8 8
5 24 9 10 8
5 24 9 10 8
5 24 9 10 8
5 24 9 10 8
5 24 10 11 8
5 24 10 11 8
5 24 10 11 8
5 24 11 12 8
5 24 11 12 8
5 24 11 12 8
5 24 11 12 8
5 24 11 12 8
5 24 11 12 8
5 24 12 13 8
5 24 12 13 8
5 24 13 14 8
5 24 13 14 8
5 24 13 14 8
5 24 13 14 8
5 24 14 15 8
5 24 16 17 8
5 24 16 17 8
5 24 16 17 8
5 24 16 17 8
5 24 16 17 8
5 24 17 18 8
5 24 17 18 8
5 24 18 19 8
5 24 4 5 8
5 24 4 5 8
5 24 5 6 8
5 24 5 6 8
5 24 5 6 8
5 24 5 6 8
5 24 6 7 8
5 24 6 7 8
5 24 6 7 8
5 24 6 7 8
5 24 9 10 8
5 24 9 10 8
5 24 9 10 8
5 24 9 10 8
5 24 9 10 8
5 24 9 10 8
5 24 9 10 8
5 24 10 11 8
5 24 10 11 8
5 24 10 11 8
5 24 10 11 8
5 24 10 11 8
5 24 10 11 8
5 24 10 11 8
5 24 10 11 8
5 24 10 11 8
5 24 10 11 8
5 24 10 11 8
5 24 10 11 8
5 24 10 11 8
5 24 10 11 8
5 24 10 11 8
5 24 10 11 8
5 24 10 11 8
5 24 11 12 8
5 24 11 12 8
5 24 11 12 8
5 24 11 12 8
5 24 11 12 8
5 24 11 12 8
5 24 11 12 8
5 24 11 12 8
5 24 11 12 8
5 24 11 12 8
5 24 11 12 8
5 24 11 12 8
5 24 12 13 8
5 24 12 13 8
5 24 12 13 8
5 24 13 14 8
5 24 13 14 8
5 24 14 15 8
5 24 16 17 8
5 24 16 17 8
5 24 1 2 8
5 24 1 2 8
5 24 2 3 8
5 24 2 3 8
5 24 2 3 8
5 24 3 4 8
5 24 3 4 8
5 24 3 4 8
5 24 3 4 8
5 24 3 4 8
5 24 3 4 8
5 24 4 5 8
5 24 4 5 8
5 24 5 6 8
5 24 5 6 8
5 24 5 6 8
5 24 5 6 8
5 24 5 6 8
5 24 7 8 8
5 24 7 8 8
5 24 7 8 8
5 24 7 8 8
5 24 7 8 8
5 24 7 8 8
5 24 8 9 8
5 24 10 11 8
5 24 10 11 8
5 24 10 11 8
5 24 10 11 8
5 24 10 11 8
5 24 10 11 8
5 24 11 12 8
5 24 11 12 8
5 24 11 12 8
5 24 11 12 8
5 24 11 12 8
5 24 11 12 8
5 24 12 13 8
5 24 12 13 8
5 24 12 13 8
5 24 12 13 8
5 24 12 13 8
5 24 13 14 8
5 24 13 14 8
5 24 13 14 8
5 24 13 14 8
5 24 13 14 8
5 24 13 14 8
5 24 14 15 8
5 24 14 15 8
5 24 14 15 8
5 24 14 15 8
5 24 14 15 8
5 24 16 17 8
5 24 16 17 8
5 24 2 3 8
5 24 3 4 8
5 24 4 5 8
5 24 4 5 8
5 24 6 7 8
5 24 6 7 8
5 24 6 7 8
5 24 6 7 8
5 24 6 7 8
5 24 6 7 8
5 24 6 7 8
5 24 6 7 8
5 24 6 7 8
5 24 7 8 8
5 24 7 8 8
5 24 9 10 8
5 24 9 10 8
5 24 10 11 8
5 24 10 11 8
5 24 10 11 8
5 24 10 11 8
5 24 10 11 8
5 24 10 11 8
5 24 10 11 8
5 24 10 11 8
5 24 11 12 8
5 24 11 12 8
5 24 11 12 8
5 24 11 12 8
5 24 14 15 8
5 24 14 15 8
5 24 7 8 8
5 24 14 15 8
5 24 14 15 8
5 24 14 15 8
5 24 3 4 8
5 24 3 4 8
5 24 3 4 8
5 24 3 4 8
5 24 3 4 8
5 24 3 4 8
5 24 3 4 8
5 24 3 4 8
5 24 3 4 8
5 24 3 4 8
5 24 3 4 8
5 24 3 4 8
5 24 3 4 8
5 24 3 4 8
5 24 3 4 8
5 24 3 4 8
5 24 3 4 8
5 24 4 5 8
5 24 4 5 8
5 24 4 5 8
5 24 4 5 8
5 24 4 5 8
5 24 4 5 8
5 24 5 6 8
5 24 5 6 8
5 24 5 6 8
5 24 5 6 8
5 24 6 7 8
5 24 6 7 8
5 24 6 7 8
5 24 6 7 8
5 24 6 7 8
5 24 6 7 8
5 24 6 7 8
5 24 7 8 8
5 24 7 8 8
5 24 7 8 8
5 24 7 8 8
5 24 8 9 8
5 24 8 9 8
5 24 8 9 8
5 24 8 9 8
5 24 8 9 8
5 24 8 9 8
5 24 9 10 8
5 24 9 10 8
5 24 10 11 8
5 24 10 11 8
5 24 10 11 8
5 24 10 11 8
5 24 1 2 8
5 24 1 2 8
5 24 1 2 8
5 24 1 2 8
5 24 2 3 8
5 24 2 3 8
5 24 2 3 8
5 24 2 3 8
5 24 2 3 8
5 24 2 3 8
5 24 3 4 8
5 24 3 4 8
5 24 4 5 8
5 24 4 5 8
5 24 5 6 8
5 24 5 6 8
5 24 5 6 8
5 24 5 6 8
5 24 5 6 8
5 24 7 8 8
5 24 7 8 8
5 24 7 8 8
5 24 8 9 8
5 24 8 9 8
5 24 10 11 8
5 24 10 11 8
5 24 10 11 8
5 24 10 11 8
5 24 11 12 8
5 24 11 12 8
5 24 12 13 8
5 24 13 14 8
5 24 15 16 8
5 24 15 16 8
5 24 15 16 8
5 24 15 16 8
5 24 15 16 8
5 24 15 16 8
5 24 15 16 8
6 28 1 2 5
6 28 1 2 5
6 28 2 3 5
6 28 2 3 5
6 28 2 3 5
6 28 2 3 5
6 28 3 4 5
6 28 3 4 5
6 28 3 4 5
6 28 3 4 5
6 28 6 7 5
6 28 6 7 5
6 28 6 7 5
6 28 6 7 5
6 28 6 7 5
6 28 6 7 5
6 28 6 7 5
6 28 7 8 5
6 28 7 8 5
6 28 7 8 5
6 28 7 8 5
6 28 7 8 5
6 28 7 8 5
6 28 7 8 5
6 28 7 8 5
6 28 7 8 5
6 28 8 9 5
6 28 8 9 5
6 28 8 9 5
6 28 8 9 5
6 28 8 9 5
6 28 8 9 5
6 28 8 9 5
6 28 8 9 5
6 28 8 9 5
6 28 8 9 5
6 28 9 10 5
6 28 9 10 5
6 28 9 10 5
6 28 10 11 5
6 28 10 11 5
6 28 11 12 5
6 28 13 14 5
6 28 13 14 5
6 28 2 3 5
6 28 2 3 5
6 28 3 4 5
6 28 3 4 5
6 28 3 4 5
6 28 4 5 5
6 28 4 5 5
6 28 6 7 5
6 28 6 7 5
6 28 6 7 5
6 28 6 7 5
6 28 7 8 5
6 28 7 8 5
6 28 8 9 5
6 28 9 10 5
6 28 10 11 5
6 28 10 11 5
6 28 10 11 5
6 28 10 11 5
6 28 10 11 5
6 28 10 11 5
6 28 10 11 5
6 28 10 11 5
6 28 11 12 5
6 28 11 12 5
6 28 11 12 5
6 28 11 12 5
6 28 11 12 5
6 28 13 14 5
6 28 13 14 5
6 28 14 15 5
6 28 14 15 5
6 28 14 15 5
6 28 14 15 5
6 28 15 16 5
6 28 15 16 5
6 28 15 16 5
6 28 1 2 5
6 28 1 2 5
6 28 1 2 5
6 28 1 2 5
6 28 1 2 5
6 28 2 3 5
6 28 2 3 5
6 28 2 3 5
6 28 3 4 5
6 28 3 4 5
6 28 3 4 5
6 28 3 4 5
6 28 3 4 5
6 28 4 5 5
6 28 4 5 5
6 28 4 5 5
6 28 4 5 5
6 28 4 5 5
6 28 4 5 5
6 28 4 5 5
6 28 4 5 5
6 28 4 5 5
6 28 4 5 5
6 28 4 5 5
6 28 6 7 5
6 28 6 7 5
6 28 6 7 5
6 28 6 7 5
6 28 6 7 5
6 28 6 7 5
6 28 6 7 5
6 28 6 7 5
6 28 6 7 5
6 28 6 7 5
6 28 6 7 5
6 28 6 7 5
6 28 7 8 5
6 28 7 8 5
6 28 7 8 5
6 28 9 10 5
6 28 9 10 5
6 28 9 10 5
6 28 9 10 5
6 28 10 11 5
6 28 13 14 5
6 28 13 14 5
6 28 1 2 5
6 28 1 2 5
6 28 1 2 5
6 28 1 2 5
6 28 2 3 5
6 28 2 3 5
6 28 2 3 5
6 28 2 3 5
6 28 2 3 5
6 28 2 3 5
6 28 2 3 5
6 28 3 4 5
6 28 3 4 5
6 28 3 4 5
6 28 4 5 5
6 28 4 5 5
6 28 4 5 5
6 28 6 7 5
6 28 6 7 5
6 28 6 7 5
6 28 6 7 5
6 28 6 7 5
6 28 6 7 5
6 28 7 8 5
6 28 7 8 5
6 28 7 8 5
6 28 8 9 5
6 28 8 9 5
6 28 8 9 5
6 28 8 9 5
6 28 8 9 5
6 28 8 9 5
6 28 9 10 5
6 28 9 10 5
6 28 10 11 5
6 28 10 11 5
6 28 10 11 5
6 28 11 12 5
6 28 11 12 5
6 28 13 14 5
6 28 13 14 5
6 28 13 14 5
6 28 13 14 5
6 28 13 14 5
6 28 14 15 5
6 28 14 15 5
6 28 14 15 5
6 28 7 8 5
6 28 9 10 5
6 28 11 12 5
6 28 11 12 5
6 28 11 12 5
6 28 11 12 5
