1 5 37 38 90
1 5 38 39 90
1 5 41 42 90
1 5 41 42 90
1 5 42 43 90
1 5 42 43 90
1 5 43 44 90
1 5 43 44 90
1 5 43 44 90
1 5 44 45 90
1 5 44 45 90
1 5 45 46 90
1 5 45 46 90
1 5 45 46 90
1 5 46 47 90
1 5 48 49 90
1 5 49 50 90
1 5 49 50 90
1 5 49 50 90
1 5 50 51 90
1 5 50 51 90
1 5 51 52 90
1 5 51 52 90
1 5 51 52 90
1 5 51 52 90
1 5 52 53 90
1 5 56 57 90
1 5 59 60 90
1 5 59 60 90
1 5 59 60 90
1 5 60 61 90
1 5 61 62 90
1 5 61 62 90
1 5 62 63 90
1 5 62 63 90
1 5 62 63 90
1 5 63 64 90
1 5 64 65 90
2 10 11 12 87
2 10 13 14 87
2 10 13 14 87
2 10 13 14 87
2 10 14 15 87
2 10 14 15 87
2 10 14 15 87
2 10 14 15 87
2 10 15 16 87
2 10 15 16 87
2 10 15 16 87
2 10 15 16 87
2 10 15 16 87
2 10 15 16 87
2 10 15 16 87
2 10 15 16 87
2 10 15 16 87
2 10 15 16 87
2 10 15 16 87
2 10 15 16 87
2 10 16 17 87
2 10 16 17 87
2 10 16 17 87
2 10 16 17 87
2 10 16 17 87
2 10 17 18 87
2 10 17 18 87
2 10 17 18 87
2 10 17 18 87
2 10 17 18 87
2 10 17 18 87
2 10 17 18 87
2 10 17 18 87
2 10 18 19 87
2 10 18 19 87
2 10 18 19 87
2 10 18 19 87
2 10 18 19 87
2 10 18 19 87
2 10 18 19 87
2 10 18 19 87
2 10 18 19 87
2 10 19 20 87
2 10 19 20 87
2 10 19 20 87
2 10 19 20 87
2 10 19 20 87
2 10 19 20 87
2 10 20 21 87
2 10 20 21 87
2 10 20 21 87
2 10 20 21 87
2 10 20 21 87
2 10 20 21 87
2 10 20 21 87
2 10 20 21 87
2 10 20 21 87
2 10 20 21 87
2 10 21 22 87
2 10 21 22 87
2 10 21 22 87
2 10 21 22 87
2 10 21 22 87
2 10 21 22 87
2 10 22 23 87
2 10 22 23 87
3 15 4 5 81
3 15 4 5 81
3 15 5 6 81
3 15 5 6 81
3 15 6 7 81
3 15 6 7 81
3 15 6 7 81
3 15 6 7 81
3 15 6 7 81
3 15 6 7 81
3 15 6 7 81
3 15 6 7 81
3 15 6 7 81
3 15 6 7 81
3 15 6 7 81
3 15 6 7 81
3 15 6 7 81
3 15 6 7 81
3 15 6 7 81
3 15 6 7 81
3 15 6 7 81
3 15 6 7 81
3 15 7 8 81
3 15 7 8 81
3 15 7 8 81
3 15 7 8 81
3 15 7 8 81
3 15 7 8 81
3 15 7 8 81
3 15 7 8 81
3 15 7 8 81
3 15 7 8 81
3 15 7 8 81
3 15 7 8 81
3 15 7 8 81
3 15 7 8 81
3 15 7 8 81
3 15 7 8 81
3 15 7 8 81
3 15 7 8 81
3 15 7 8 81
3 15 7 8 81
3 15 7 8 81
3 15 7 8 81
3 15 7 8 81
3 15 7 8 81
3 15 7 8 81
3 15 8 9 81
3 15 8 9 81
3 15 8 9 81
3 15 8 9 81
3 15 8 9 81
3 15 8 9 81
3 15 8 9 81
3 15 8 9 81
3 15 8 9 81
3 15 8 9 81
3 15 8 9 81
3 15 9 10 81
3 15 9 10 81
3 15 10 11 81
3 15 10 11 81
3 15 10 11 81
3 15 10 11 81
3 15 12 13 81
4 20 5 6 84
4 20 5 6 84
4 20 5 6 84
4 20 5 6 84
4 20 5 6 84
4 20 5 6 84
4 20 5 6 84
4 20 5 6 84
4 20 5 6 84
4 20 5 6 84
4 20 5 6 84
4 20 5 6 84
4 20 5 6 84
4 20 5 6 84
4 20 5 6 84
4 20 5 6 84
4 20 5 6 84
4 20 5 6 84
4 20 5 6 84
4 20 5 6 84
4 20 6 7 84
4 20 6 7 84
4 20 6 7 84
4 20 6 7 84
4 20 6 7 84
4 20 6 7 84
4 20 6 7 84
4 20 6 7 84
4 20 6 7 84
4 20 6 7 84
4 20 6 7 84
4 20 6 7 84
4 20 6 7 84
4 20 6 7 84
4 20 6 7 84
4 20 7 8 84
4 20 7 8 84
4 20 7 8 84
4 20 7 8 84
4 20 7 8 84
4 20 7 8 84
4 20 7 8 84
4 20 7 8 84
4 20 7 8 84
4 20 7 8 84
4 20 7 8 84
4 20 7 8 84
4 20 7 8 84
4 20 7 8 84
4 20 7 8 84
4 20 7 8 84
4 20 8 9 84
4 20 8 9 84
4 20 8 9 84
4 20 8 9 84
4 20 8 9 84
4 20 8 9 84
4 20 8 9 84
4 20 8 9 84
4 20 8 9 84
4 20 8 9 84
4 20 8 9 84
4 20 8 9 84
4 20 8 9 84
4 20 8 9 84
4 20 8 9 84
4 20 8 9 84
4 20 8 9 84
4 20 9 10 84
4 20 10 11 84
4 20 10 11 84
4 20 12 13 84
5 25 1 2 90
5 25 3 4 90
5 25 3 4 90
5 25 3 4 90
5 25 3 4 90
5 25 3 4 90
5 25 3 4 90
5 25 3 4 90
5 25 3 4 90
5 25 3 4 90
5 25 3 4 90
5 25 4 5 90
5 25 4 5 90
5 25 4 5 90
5 25 4 5 90
5 25 4 5 90
5 25 4 5 90
5 25 4 5 90
5 25 4 5 90
5 25 4 5 90
5 25 4 5 90
5 25 4 5 90
5 25 4 5 90
5 25 4 5 90
5 25 4 5 90
5 25 4 5 90
5 25 4 5 90
5 25 4 5 90
5 25 4 5 90
5 25 4 5 90
5 25 4 5 90
5 25 4 5 90
5 25 4 5 90
5 25 4 5 90
5 25 4 5 90
5 25 4 5 90
5 25 4 5 90
5 25 4 5 90
5 25 4 5 90
5 25 4 5 90
5 25 4 5 90
5 25 4 5 90
5 25 4 5 90
5 25 4 5 90
5 25 4 5 90
5 25 4 5 90
5 25 5 6 90
5 25 5 6 90
5 25 5 6 90
5 25 5 6 90
5 25 5 6 90
5 25 5 6 90
5 25 5 6 90
5 25 5 6 90
5 25 5 6 90
5 25 5 6 90
5 25 5 6 90
5 25 5 6 90
5 25 5 6 90
5 25 5 6 90
5 25 5 6 90
5 25 5 6 90
5 25 5 6 90
5 25 5 6 90
5 25 5 6 90
5 25 5 6 90
5 25 6 7 90
5 25 6 7 90
5 25 6 7 90
5 25 6 7 90
5 25 6 7 90
5 25 7 8 90
5 25 8 9 90
6 30 3 4 90
6 30 3 4 90
6 30 3 4 90
6 30 3 4 90
6 30 4 5 90
6 30 4 5 90
6 30 4 5 90
6 30 4 5 90
6 30 4 5 90
6 30 4 5 90
6 30 4 5 90
6 30 4 5 90
6 30 4 5 90
6 30 4 5 90
6 30 4 5 90
6 30 4 5 90
6 30 4 5 90
6 30 4 5 90
6 30 4 5 90
6 30 4 5 90
6 30 4 5 90
6 30 4 5 90
6 30 4 5 90
6 30 4 5 90
6 30 4 5 90
6 30 4 5 90
6 30 4 5 90
6 30 4 5 90
6 30 4 5 90
6 30 4 5 90
6 30 4 5 90
6 30 4 5 90
6 30 4 5 90
6 30 4 5 90
6 30 4 5 90
6 30 4 5 90
6 30 4 5 90
6 30 4 5 90
6 30 4 5 90
6 30 4 5 90
6 30 4 5 90
6 30 4 5 90
6 30 4 5 90
6 30 4 5 90
6 30 5 6 90
6 30 5 6 90
6 30 5 6 90
6 30 5 6 90
6 30 5 6 90
6 30 5 6 90
6 30 5 6 90
6 30 5 6 90
6 30 5 6 90
6 30 6 7 90
6 30 6 7 90
6 30 7 8 90
6 30 7 8 90
6 30 7 8 90
6 30 9 10 90
6 30 9 10 90
6 30 9 10 90
6 30 9 10 90
6 30 11 12 90
6 30 12 13 90
