1 10 39 40 8
1 10 39 40 8
1 10 43 44 8
1 10 59 60 8
1 10 90 91 8
1 10 90 91 8
1 10 106 107 8
1 10 114 115 8
2 15 13 14 15
2 15 17 18 15
2 15 21 22 15
2 15 23 24 15
2 15 23 24 15
2 15 26 27 15
2 15 29 30 15
2 15 29 30 15
2 15 29 30 15
2 15 34 35 15
2 15 55 56 15
2 15 61 62 15
2 15 67 68 15
2 15 75 76 15
2 15 117 118 15
3 20 15 16 22
3 20 25 26 22
3 20 26 27 22
3 20 31 32 22
3 20 35 36 22
3 20 39 40 22
3 20 39 40 22
3 20 39 40 22
3 20 39 40 22
3 20 40 41 22
3 20 41 42 22
3 20 42 43 22
3 20 42 43 22
3 20 43 44 22
3 20 43 44 22
3 20 44 45 22
3 20 48 49 22
3 20 50 51 22
3 20 51 52 22
3 20 52 53 22
3 20 56 57 22
3 20 56 57 22
4 25 11 12 27
4 25 12 13 27
4 25 25 26 27
4 25 26 27 27
4 25 26 27 27
4 25 27 28 27
4 25 30 31 27
4 25 31 32 27
4 25 32 33 27
4 25 35 36 27
4 25 39 40 27
4 25 54 55 27
4 25 57 58 27
4 25 57 58 27
4 25 57 58 27
4 25 58 59 27
4 25 61 62 27
4 25 67 68 27
4 25 78 79 27
4 25 81 82 27
4 25 82 83 27
4 25 88 89 27
4 25 91 92 27
4 25 93 94 27
4 25 108 109 27
4 25 114 115 27
4 25 115 116 27
