1 10 2 3 32
1 10 7 8 32
1 10 16 17 32
1 10 28 29 32
1 10 29 30 32
1 10 31 32 32
1 10 38 39 32
1 10 41 42 32
1 10 43 44 32
1 10 43 44 32
1 10 49 50 32
1 10 54 55 32
1 10 58 59 32
1 10 58 59 32
1 10 60 61 32
1 10 63 64 32
1 10 70 71 32
1 10 73 74 32
1 10 74 75 32
1 10 84 85 32
1 10 85 86 32
1 10 85 86 32
1 10 86 87 32
1 10 90 91 32
1 10 91 92 32
1 10 92 93 32
1 10 93 94 32
1 10 101 102 32
1 10 109 110 32
1 10 118 119 32
1 10 126 127 32
1 10 126 127 32
2 15 2 3 41
2 15 6 7 41
2 15 9 10 41
2 15 13 14 41
2 15 14 15 41
2 15 15 16 41
2 15 17 18 41
2 15 18 19 41
2 15 18 19 41
2 15 19 20 41
2 15 20 21 41
2 15 21 22 41
2 15 24 25 41
2 15 25 26 41
2 15 25 26 41
2 15 25 26 41
2 15 26 27 41
2 15 27 28 41
2 15 34 35 41
2 15 35 36 41
2 15 35 36 41
2 15 36 37 41
2 15 36 37 41
2 15 38 39 41
2 15 39 40 41
2 15 39 40 41
2 15 40 41 41
2 15 41 42 41
2 15 42 43 41
2 15 44 45 41
2 15 44 45 41
2 15 46 47 41
2 15 47 48 41
2 15 48 49 41
2 15 49 50 41
2 15 49 50 41
2 15 51 52 41
2 15 52 53 41
2 15 52 53 41
2 15 73 74 41
2 15 105 106 41
3 20 2 3 43
3 20 3 4 43
3 20 4 5 43
3 20 6 7 43
3 20 9 10 43
3 20 10 11 43
3 20 11 12 43
3 20 12 13 43
3 20 12 13 43
3 20 12 13 43
3 20 12 13 43
3 20 13 14 43
3 20 14 15 43
3 20 36 37 43
3 20 37 38 43
3 20 37 38 43
3 20 39 40 43
3 20 42 43 43
3 20 43 44 43
3 20 45 46 43
3 20 46 47 43
3 20 46 47 43
3 20 46 47 43
3 20 48 49 43
3 20 48 49 43
3 20 48 49 43
3 20 48 49 43
3 20 49 50 43
3 20 50 51 43
3 20 51 52 43
3 20 51 52 43
3 20 51 52 43
3 20 52 53 43
3 20 52 53 43
3 20 53 54 43
3 20 53 54 43
3 20 55 56 43
3 20 55 56 43
3 20 55 56 43
3 20 55 56 43
3 20 57 58 43
3 20 58 59 43
3 20 58 59 43
4 25 6 7 31
4 25 15 16 31
4 25 18 19 31
4 25 19 20 31
4 25 23 24 31
4 25 26 27 31
4 25 27 28 31
4 25 29 30 31
4 25 29 30 31
4 25 32 33 31
4 25 35 36 31
4 25 35 36 31
4 25 37 38 31
4 25 48 49 31
4 25 49 50 31
4 25 51 52 31
4 25 51 52 31
4 25 52 53 31
4 25 54 55 31
4 25 55 56 31
4 25 58 59 31
4 25 84 85 31
4 25 106 107 31
4 25 106 107 31
4 25 107 108 31
4 25 110 111 31
4 25 116 117 31
4 25 116 117 31
4 25 118 119 31
4 25 118 119 31
4 25 118 119 31
