1 10 39 40 66
1 10 40 41 66
1 10 41 42 66
1 10 41 42 66
1 10 43 44 66
1 10 44 45 66
1 10 44 45 66
1 10 45 46 66
1 10 45 46 66
1 10 45 46 66
1 10 46 47 66
1 10 47 48 66
1 10 48 49 66
1 10 50 51 66
1 10 51 52 66
1 10 51 52 66
1 10 51 52 66
1 10 51 52 66
1 10 52 53 66
1 10 54 55 66
1 10 54 55 66
1 10 55 56 66
1 10 55 56 66
1 10 56 57 66
1 10 57 58 66
1 10 57 58 66
1 10 58 59 66
1 10 59 60 66
1 10 60 61 66
1 10 60 61 66
1 10 61 62 66
1 10 62 63 66
1 10 63 64 66
1 10 65 66 66
1 10 65 66 66
1 10 66 67 66
1 10 66 67 66
1 10 77 78 66
1 10 82 83 66
1 10 90 91 66
2 15 17 18 65
2 15 18 19 65
2 15 18 19 65
2 15 18 19 65
2 15 18 19 65
2 15 19 20 65
2 15 19 20 65
2 15 19 20 65
2 15 19 20 65
2 15 19 20 65
2 15 20 21 65
2 15 20 21 65
2 15 21 22 65
2 15 21 22 65
2 15 21 22 65
2 15 21 22 65
2 15 22 23 65
2 15 22 23 65
2 15 22 23 65
2 15 23 24 65
2 15 23 24 65
2 15 23 24 65
2 15 23 24 65
2 15 23 24 65
2 15 23 24 65
2 15 23 24 65
2 15 23 24 65
2 15 23 24 65
2 15 24 25 65
2 15 24 25 65
2 15 24 25 65
2 15 24 25 65
2 15 24 25 65
2 15 24 25 65
2 15 25 26 65
2 15 25 26 65
2 15 25 26 65
2 15 25 26 65
2 15 26 27 65
2 15 26 27 65
2 15 26 27 65
2 15 26 27 65
2 15 26 27 65
2 15 26 27 65
2 15 26 27 65
2 15 27 28 65
2 15 27 28 65
2 15 27 28 65
2 15 27 28 65
2 15 27 28 65
2 15 28 29 65
2 15 28 29 65
2 15 29 30 65
2 15 29 30 65
2 15 29 30 65
2 15 30 31 65
3 20 13 14 72
3 20 13 14 72
3 20 14 15 72
3 20 14 15 72
3 20 14 15 72
3 20 14 15 72
3 20 14 15 72
3 20 14 15 72
3 20 14 15 72
3 20 14 15 72
3 20 15 16 72
3 20 15 16 72
3 20 15 16 72
3 20 15 16 72
3 20 15 16 72
3 20 15 16 72
3 20 15 16 72
3 20 15 16 72
3 20 15 16 72
3 20 15 16 72
3 20 15 16 72
3 20 16 17 72
3 20 16 17 72
3 20 16 17 72
3 20 16 17 72
3 20 16 17 72
3 20 16 17 72
3 20 16 17 72
3 20 16 17 72
3 20 16 17 72
3 20 16 17 72
3 20 16 17 72
3 20 16 17 72
3 20 16 17 72
3 20 17 18 72
3 20 17 18 72
3 20 17 18 72
3 20 17 18 72
3 20 17 18 72
3 20 17 18 72
3 20 17 18 72
3 20 17 18 72
3 20 17 18 72
3 20 17 18 72
3 20 17 18 72
3 20 17 18 72
3 20 17 18 72
3 20 18 19 72
3 20 18 19 72
3 20 18 19 72
3 20 18 19 72
3 20 18 19 72
3 20 19 20 72
3 20 19 20 72
3 20 19 20 72
3 20 19 20 72
3 20 19 20 72
3 20 19 20 72
3 20 20 21 72
3 20 20 21 72
3 20 21 22 72
3 20 21 22 72
3 20 23 24 72
3 20 24 25 72
3 20 29 30 72
4 25 9 10 73
4 25 10 11 73
4 25 11 12 73
4 25 11 12 73
4 25 11 12 73
4 25 11 12 73
4 25 12 13 73
4 25 12 13 73
4 25 12 13 73
4 25 12 13 73
4 25 12 13 73
4 25 12 13 73
4 25 12 13 73
4 25 12 13 73
4 25 12 13 73
4 25 12 13 73
4 25 12 13 73
4 25 13 14 73
4 25 13 14 73
4 25 13 14 73
4 25 13 14 73
4 25 13 14 73
4 25 13 14 73
4 25 13 14 73
4 25 13 14 73
4 25 14 15 73
4 25 14 15 73
4 25 14 15 73
4 25 14 15 73
4 25 14 15 73
4 25 14 15 73
4 25 14 15 73
4 25 14 15 73
4 25 14 15 73
4 25 14 15 73
4 25 14 15 73
4 25 14 15 73
4 25 14 15 73
4 25 14 15 73
4 25 15 16 73
4 25 15 16 73
4 25 15 16 73
4 25 15 16 73
4 25 15 16 73
4 25 15 16 73
4 25 16 17 73
4 25 16 17 73
4 25 16 17 73
4 25 16 17 73
4 25 16 17 73
4 25 16 17 73
4 25 16 17 73
4 25 16 17 73
4 25 17 18 73
4 25 17 18 73
4 25 17 18 73
4 25 17 18 73
4 25 18 19 73
